*********************************************
* Combray
* Date/Time: 03-Nov-2015 08:55:32
* Seed: 212306.2091
* Subject Number: 24
* Subject Name: JF
*********************************************

Block	Phase	Trial	RunningTime	Cue	Image	CorrResp	Resp	Accuracy	ISI	RT_from_CueOnset	ITI
1	1	1	0.51		3	3	3		3	1		1.00		2.68		3.500000e+00
1	1	2	8.28		1	2	2		2	1		1.00		2.57		2.500000e+00
1	1	3	15.06		2	1	1		1	1		1.00		2.23		1.500000e+00
1	1	4	20.85		2	2	2		2	1		1.00		2.34		5.000000e-01
1	1	5	25.63		2	2	2		2	1		1.00		2.21		5.000000e-01
1	1	6	30.42		4	4	4		4	1		1.00		2.17		5.000000e-01
1	1	7	35.20		2	2	2		2	1		1.00		1.53		1.500000e+00
1	1	8	40.98		4	4	4		4	1		1.00		2.19		1.500000e+00
1	1	9	46.77		3	4	4		3	0		1.00		2.09		3.500000e+00
1	1	10	54.55		4	4	4		4	1		1.00		2.35		2.500000e+00
1	1	11	61.33		1	1	1		1	1		1.00		2.32		1.500000e+00
1	1	12	67.12		2	1	1		2	0		1.00		1.46		5.000000e-01
1	1	13	71.90		1	1	1		1	1		1.00		2.26		5.000000e-01
1	1	14	76.69		1	1	1		1	1		1.00		2.28		2.500000e+00
1	1	15	83.47		2	1	1		1	1		1.00		2.45		5.000000e-01
1	1	16	88.25		2	1	1		1	1		1.00		2.28		4.500000e+00
1	1	17	97.04		4	3	3		3	1		1.00		2.50		5.500000e+00
1	1	18	106.82		3	3	3		3	1		1.00		2.36		5.500000e+00
1	1	19	116.60		1	1	1		1	1		1.00		2.67		1.500000e+00
1	1	20	122.39		1	2	2		2	1		1.00		2.37		1.500000e+00
1	1	21	128.17		4	4	4		4	1		1.00		1.10		1.500000e+00
1	1	22	133.96		1	1	1		1	1		1.00		2.20		5.000000e-01
1	1	23	138.74		1	2	2		1	0		1.00		0.61		5.000000e-01
1	1	24	143.52		4	3	3		3	1		1.00		2.35		5.000000e-01
1	1	25	148.31		2	2	2		2	1		1.00		2.24		1.500000e+00
1	1	26	154.09		3	4	4		4	1		1.00		2.41		2.500000e+00
1	1	27	160.87		1	2	2		1	0		1.00		1.20		5.000000e-01
1	1	28	165.66		3	4	4		4	1		1.00		2.78		5.000000e-01
1	1	29	170.44		2	2	2		2	1		1.00		2.33		5.000000e-01
1	1	30	175.23		2	2	2		2	1		1.00		2.18		1.500000e+00
1	1	31	181.01		4	3	3		3	1		1.00		2.31		5.000000e-01
1	1	32	185.79		3	3	3		3	1		1.00		2.28		3.500000e+00
1	1	33	193.58		1	2	2		1	0		1.00		0.87		2.500000e+00
1	1	34	200.36		4	4	4		4	1		1.00		2.38		5.500000e+00
1	1	35	210.14		1	1	1		1	1		1.00		2.33		5.000000e-01
1	1	36	214.93		4	4	4		4	1		1.00		2.70		5.000000e-01
1	1	37	219.71		3	3	3		3	1		1.00		0.87		5.000000e-01
1	1	38	224.49		1	1	1		1	1		1.00		1.10		1.500000e+00
1	1	39	230.28		2	2	2		2	1		1.00		2.21		5.000000e-01
1	1	40	235.06		3	3	3		3	1		1.00		2.21		2.500000e+00
1	1	41	241.85		4	4	4		4	1		1.00		2.48		1.500000e+00
1	1	42	247.63		3	3	3		3	1		1.00		0.85		1.500000e+00
1	1	43	253.41		1	2	2		2	1		1.00		1.24		5.000000e-01
1	1	44	258.20		1	2	2		2	1		1.00		0.99		3.500000e+00
1	1	45	265.98		1	1	1		1	1		1.00		1.04		1.500000e+00
1	1	46	271.77		4	4	4		3	0		1.00		1.05		5.000000e-01
1	1	47	276.55		4	4	4		3	0		1.00		1.40		5.000000e-01
1	1	48	281.33		4	4	4		3	0		1.00		2.15		5.000000e-01
1	1	49	286.12		1	1	1		1	1		1.00		2.19		4.500000e+00
1	1	50	294.90		3	3	3		3	1		1.00		2.19		1.500000e+00
1	1	51	300.68		3	3	3		3	1		1.00		0.87		2.500000e+00
1	1	52	307.47		3	3	3		3	1		1.00		2.35		5.500000e+00
1	1	53	317.25		2	2	2		2	1		1.00		0.92		5.000000e-01
1	1	54	322.04		4	4	4		2	0		1.00		0.95		1.500000e+00
1	1	55	327.82		4	4	4		4	1		1.00		2.84		1.500000e+00
1	1	56	333.60		3	3	3		3	1		1.00		2.34		5.000000e-01
1	1	57	338.39		3	3	3		3	1		1.00		2.23		5.000000e-01
1	1	58	343.17		4	3	3		3	1		1.00		2.26		8
1	1	59	355.45		2	2	2		2	1		1.00		2.40		5.000000e-01
1	1	60	360.24		2	1	1		1	1		1.00		2.23		3.500000e+00
1	1	61	368.02		4	4	4		4	1		1.00		2.57		5.500000e+00
1	1	62	377.81		4	3	3		4	0		1.00		0.91		5.000000e-01
1	1	63	382.59		3	3	3		3	1		1.00		2.25		5.000000e-01
1	1	64	387.37		4	4	4		3	0		1.00		1.05		1.500000e+00
1	1	65	393.16		2	1	1		1	1		1.00		2.34		5.000000e-01
1	1	66	397.94		2	1	1		1	1		1.00		2.30		5.000000e-01
1	1	67	402.72		1	2	2		1	0		1.00		1.08		5.500000e+00
1	1	68	412.51		2	1	1		1	1		1.00		2.38		5.500000e+00
1	1	69	422.29		4	4	4		4	1		1.00		0.92		5.000000e-01
1	1	70	427.08		3	3	3		3	1		1.00		1.06		8
1	1	71	439.36		2	2	2		2	1		1.00		2.29		1.500000e+00
1	1	72	445.14		4	4	4		4	1		1.00		2.50		5.000000e-01
1	1	73	449.93		1	2	2		2	1		1.00		2.33		5.000000e-01
1	1	74	454.71		3	3	3		3	1		1.00		2.29		2.500000e+00
1	1	75	461.49		1	1	1		2	0		1.00		0.93		5.000000e-01
1	1	76	466.28		1	2	2		2	1		1.00		2.27		3.500000e+00
1	1	77	474.06		3	3	3		1	0		1.00		0.99		3.500000e+00
1	1	78	481.85		1	1	1		1	1		1.00		2.36		1.500000e+00
1	1	79	487.63		3	3	3		2	0		1.00		2.40		5.000000e-01
1	1	80	492.41		2	2	2		2	1		1.00		2.45		5.000000e-01
1	1	81	497.20		3	4	4		4	1		1.00		2.58		5.000000e-01
1	1	82	501.98		4	4	4		4	1		1.00		2.55		1.500000e+00
1	1	83	507.76		3	3	3		3	1		1.00		2.47		4.500000e+00
1	1	84	516.55		2	2	2		2	1		1.00		2.40		4.500000e+00
1	1	85	525.33		3	3	3		3	1		1.00		2.37		5.000000e-01
1	1	86	530.12		4	4	4		4	1		1.00		2.47		5.000000e-01
1	1	87	534.90		1	1	1		1	1		1.00		2.50		5.000000e-01
1	1	88	539.68		2	2	2		2	1		1.00		2.51		1.500000e+00
1	1	89	545.47		1	1	1		1	1		1.00		2.57		5.000000e-01
1	1	90	550.25		1	1	1		1	1		1.00		2.34		3.500000e+00
1	1	91	558.03		2	2	2		2	1		1.00		2.40		5.000000e-01
1	1	92	562.82		3	4	4		3	0		1.00		1.21		2.500000e+00
1	1	93	569.60		2	2	2		2	1		1.00		2.36		4.500000e+00
1	1	94	578.39		3	3	3		4	0		1.00		2.99		2.500000e+00
1	1	95	585.17		4	4	4		4	1		1.00		2.54		5.000000e-01
1	1	96	589.95		1	1	1		1	1		1.00		1.31		5.000000e-01
1	1	97	594.74		3	3	3		2	0		1.00		1.14		5.000000e-01
1	1	98	599.52		4	4	4		3	0		1.00		0.89		5.000000e-01
1	1	99	604.30		2	1	1		1	1		1.00		2.29		1.500000e+00
1	1	100	610.09		2	1	1		1	1		1.00		1.07		3.500000e+00
1	2	101	0.51		1	1	1		1	1		4.00		6.36		5.000000e-01
1	2	102	9.28		2	2	2		2	1		6.00		8.38		1.500000e+00
1	2	103	21.06		2	2	2		2	1		6.00		1.28		4.500000e+00
1	2	104	35.85		1	1	1		1	1		8.00		10.33		5.000000e-01
1	2	105	48.63		1	1	1		1	1		4.00		5.73		5.000000e-01
1	2	106	57.41		3	3	3		3	1		4.00		7.07		7.500000e+00
1	2	107	73.20		4	4	4		4	1		8.00		0.91		3.500000e+00
1	2	108	88.98		2	1	1		2	0		6.00		1.32		3.500000e+00
1	2	109	102.77		3	3	3		4	0		8.00		10.90		5.000000e-01
1	2	110	115.55		2	1	1		1	1		4.00		6.33		5.500000e+00
1	2	111	129.33		2	2	2		1	0		8.00		1.65		6.500000e+00
1	2	112	148.12		3	3	3		3	1		4.00		6.50		5.000000e-01
1	2	113	156.90		1	2	2		2	1		4.00		6.65		3.500000e+00
1	2	114	168.69		2	2	2		2	1		8.00		11.53		6.500000e+00
1	2	115	187.47		4	3	3		3	1		6.00		9.48		5.000000e-01
1	2	116	198.26		4	4	4		3	0		6.00		1.10		1.500000e+00
1	2	117	210.04		2	2	2		2	1		4.00		6.88		8
1	2	118	226.32		4	4	4		4	1		8.00		7.62		5.000000e-01
1	2	119	239.11		3	3	3		4	0		4.00		6.84		5.000000e-01
1	2	120	247.89		2	2	2		2	1		4.00		6.24		5.000000e-01
1	2	121	256.68		3	4	4		4	1		8.00		10.87		7.500000e+00
1	2	122	276.46		4	4	4		4	1		4.00		7.01		1.500000e+00
1	2	123	286.25		4	4	4		4	1		4.00		1.23		1.500000e+00
1	2	124	296.03		4	4	4		3	0		6.00		1.37		8
1	2	125	314.31		3	3	3		1	0		6.00		3.89		3.500000e+00
1	2	126	328.10		3	3	3		3	1		8.00		1.07		5.000000e-01
1	2	127	340.88		4	4	4		3	0		8.00		6.97		3.500000e+00
1	2	128	356.67		4	4	4		4	1		4.00		1.09		6.500000e+00
1	2	129	371.45		3	3	3		3	1		6.00		8.26		5.000000e-01
1	2	130	382.24		2	1	1		1	1		6.00		7.85		8
1	2	131	400.52		2	2	2		1	0		4.00		6.93		1.500000e+00
1	2	132	410.30		1	1	1		1	1		8.00		10.90		1.500000e+00
1	2	133	424.09		1	2	2		2	1		6.00		8.44		5.000000e-01
1	2	134	434.87		1	2	2		1	0		6.00		6.42		3.500000e+00
1	2	135	448.66		1	1	1		2	0		8.00		2.74		3.500000e+00
1	2	136	464.44		2	1	1		1	1		4.00		6.48		3.500000e+00
1	2	137	476.23		4	4	4		4	1		6.00		8.94		5.000000e-01
1	2	138	487.01		1	1	1		1	1		6.00		8.52		1.500000e+00
1	2	139	498.79		3	3	3		3	1		6.00		8.55		8
1	2	140	517.08		2	1	1		2	0		8.00		3.64		1.500000e+00
1	2	141	530.86		3	3	3		4	0		6.00		8.80		1.500000e+00
1	2	142	542.65		2	2	2		1	0		8.00		10.51		3.500000e+00
1	2	143	558.43		3	3	3		4	0		6.00		8.52		8
1	2	144	576.72		4	4	4		4	1		8.00		11.22		2.500000e+00
1	2	145	591.50		1	2	2		2	1		4.00		6.70		1.500000e+00
1	2	146	601.28		1	2	2		2	1		4.00		6.40		8
1	2	147	617.57		4	4	4		4	1		8.00		10.38		5.000000e-01
1	2	148	630.35		3	4	4		3	0		8.00		10.95		5.000000e-01
1	2	149	643.14		4	4	4		3	0		6.00		6.77		4.500000e+00
1	2	150	657.90		3	3	3		3	1		8.00		11.17		1.500000e+00
1	2	151	671.69		3	3	3		3	1		8.00		10.78		4.500000e+00
1	2	152	688.47		1	1	1		1	1		6.00		8.77		6.500000e+00
1	2	153	705.26		3	3	3		3	1		8.00		10.39		5.000000e-01
1	2	154	718.04		1	2	2		2	1		8.00		10.48		5.000000e-01
1	2	155	730.83		4	4	4		3	0		6.00		8.92		8
1	2	156	749.11		3	4	4		4	1		4.00		6.63		5.000000e-01
1	2	157	757.89		4	4	4		4	1		6.00		8.92		1.500000e+00
1	2	158	769.68		4	3	3		4	0		8.00		5.65		1.500000e+00
1	2	159	783.46		4	3	3		3	1		4.00		1.06		5.000000e-01
1	2	160	792.25		1	1	1		1	1		4.00		6.82		1.500000e+00
1	2	161	802.03		2	1	1		1	1		8.00		10.43		2.500000e+00
1	2	162	816.82		1	1	1		1	1		6.00		8.93		2.500000e+00
1	2	163	829.60		4	3	3		4	0		4.00		7.55		4.500000e+00
1	2	164	842.38		1	2	2		2	1		8.00		10.55		1.500000e+00
1	2	165	856.17		2	2	2		1	0		6.00		8.85		1.500000e+00
1	2	166	867.95		1	1	1		1	1		8.00		10.34		6.500000e+00
1	2	167	886.74		2	1	1		1	1		8.00		9.81		2.500000e+00
1	2	168	901.52		3	3	3		3	1		4.00		6.43		8
1	2	169	917.81		3	3	3		4	0		6.00		8.57		2.500000e+00
1	2	170	930.59		3	3	3		4	0		4.00		6.85		1.500000e+00
1	2	171	940.37		2	2	2		2	1		6.00		8.57		5.000000e-01
1	2	172	951.16		3	4	4		4	1		6.00		9.01		5.000000e-01
1	2	173	961.94		1	1	1		1	1		6.00		8.43		1.500000e+00
1	2	174	973.73		1	2	2		2	1		6.00		8.63		5.500000e+00
1	2	175	989.51		4	4	4		4	1		4.00		7.08		4.500000e+00
1	2	176	1002.29		4	4	4		4	1		6.00		8.08		4.500000e+00
1	2	177	1017.08		1	1	1		1	1		4.00		6.52		3.500000e+00
1	2	178	1028.86		2	1	1		1	1		4.00		6.63		3.500000e+00
1	2	179	1040.65		2	2	2		NaN	0		8.00		NaN		8
1	2	180	1060.93		2	2	2		2	1		4.00		6.67		5.500000e+00
Block	Phase	Trial	RunningTime	Cue	Image	CorrResp	Resp	Accuracy	ISI	RT_from_CueOnset	ITI
2	1	1	0.51		3	3	3		3	1		1.00		2.32		3.500000e+00
2	1	2	8.28		4	3	3		3	1		1.00		2.38		1.500000e+00
2	1	3	14.07		4	3	3		3	1		1.00		0.72		1.500000e+00
2	1	4	19.85		4	4	4		4	1		1.00		2.46		5.000000e-01
2	1	5	24.63		3	4	4		4	1		1.00		2.96		5.500000e+00
2	1	6	34.42		1	1	1		1	1		1.00		2.46		5.000000e-01
2	1	7	39.20		4	4	4		4	1		1.00		2.30		5.500000e+00
2	1	8	48.99		1	1	1		2	0		1.00		1.30		5.000000e-01
2	1	9	53.77		3	3	3		3	1		1.00		2.37		5.000000e-01
2	1	10	58.55		4	3	3		4	0		1.00		0.87		5.000000e-01
2	1	11	63.34		3	3	3		3	1		1.00		2.26		5.000000e-01
2	1	12	68.12		1	2	2		2	1		1.00		2.46		5.000000e-01
2	1	13	72.90		3	4	4		4	1		1.00		2.55		5.000000e-01
2	1	14	77.69		2	2	2		2	1		1.00		2.42		5.000000e-01
2	1	15	82.47		1	1	1		1	1		1.00		2.44		3.500000e+00
2	1	16	90.25		4	3	3		3	1		1.00		2.37		1.500000e+00
2	1	17	96.04		1	1	1		1	1		1.00		2.61		2.500000e+00
2	1	18	102.82		1	1	1		1	1		1.00		2.66		1.500000e+00
2	1	19	108.61		3	4	4		4	1		1.00		2.40		2.500000e+00
2	1	20	115.39		2	2	2		2	1		1.00		2.36		5.000000e-01
2	1	21	120.17		3	4	4		3	0		1.00		0.98		3.500000e+00
2	1	22	127.96		2	2	2		2	1		1.00		2.25		5.000000e-01
2	1	23	132.74		1	1	1		1	1		1.00		2.29		5.000000e-01
2	1	24	137.52		3	3	3		3	1		1.00		0.84		2.500000e+00
2	1	25	144.31		2	1	1		2	0		1.00		1.12		4.500000e+00
2	1	26	153.09		4	4	4		2	0		1.00		3.12		5.000000e-01
2	1	27	157.88		4	4	4		4	1		1.00		2.25		5.500000e+00
2	1	28	167.66		4	4	4		4	1		1.00		2.36		5.000000e-01
2	1	29	172.44		1	1	1		1	1		1.00		3.04		1.500000e+00
2	1	30	178.23		4	4	4		NaN	NaN		1.00		NaN		5.000000e-01
2	1	31	183.01		3	4	4		4	1		1.00		2.24		2.500000e+00
2	1	32	189.79		3	3	3		3	1		1.00		2.20		5.000000e-01
2	1	33	194.58		4	3	3		3	1		1.00		2.40		1.500000e+00
2	1	34	200.36		1	1	1		1	1		1.00		2.96		1.500000e+00
2	1	35	206.15		1	2	2		2	1		1.00		2.26		5.000000e-01
2	1	36	210.93		4	4	4		4	1		1.00		2.36		5.000000e-01
2	1	37	215.71		2	2	2		2	1		1.00		2.77		1.500000e+00
2	1	38	221.50		2	1	1		2	0		1.00		0.94		5.000000e-01
2	1	39	226.28		3	3	3		3	1		1.00		2.28		1.500000e+00
2	1	40	232.06		2	2	2		1	0		1.00		1.11		5.000000e-01
2	1	41	236.85		4	3	3		3	1		1.00		2.36		5.000000e-01
2	1	42	241.63		3	3	3		3	1		1.00		2.39		3.500000e+00
2	1	43	249.42		2	2	2		2	1		1.00		2.21		1.500000e+00
2	1	44	255.20		1	1	1		2	0		1.00		2.30		5.000000e-01
2	1	45	259.98		4	3	3		3	1		1.00		2.30		1.500000e+00
2	1	46	265.77		3	4	4		2	0		1.00		3.30		2.500000e+00
2	1	47	272.55		3	4	4		4	1		1.00		2.35		5.000000e-01
2	1	48	277.33		1	1	1		1	1		1.00		2.38		5.000000e-01
2	1	49	282.12		1	2	2		2	1		1.00		2.28		5.000000e-01
2	1	50	286.90		2	2	2		2	1		1.00		2.50		5.000000e-01
2	1	51	291.69		1	1	1		1	1		1.00		2.42		5.000000e-01
2	1	52	296.47		4	3	3		3	1		1.00		2.56		5.000000e-01
2	1	53	301.25		3	4	4		4	1		1.00		2.59		2.500000e+00
2	1	54	308.04		2	2	2		2	1		1.00		2.38		1.500000e+00
2	1	55	313.82		4	4	4		4	1		1.00		2.40		5.000000e-01
2	1	56	318.60		4	3	3		3	1		1.00		2.46		8
2	1	57	330.89		2	2	2		2	1		1.00		2.33		1.500000e+00
2	1	58	336.67		1	2	2		2	1		1.00		2.23		2.500000e+00
2	1	59	343.45		1	1	1		2	0		1.00		3.00		1.500000e+00
2	1	60	349.24		3	4	4		4	1		1.00		2.49		8
2	1	61	361.52		4	4	4		4	1		1.00		2.38		2.500000e+00
2	1	62	368.31		1	2	2		2	1		1.00		2.47		5.500000e+00
2	1	63	378.09		2	2	2		2	1		1.00		2.38		5.000000e-01
2	1	64	382.87		1	1	1		4	0		1.00		2.64		1.500000e+00
2	1	65	388.66		2	1	1		1	1		1.00		2.30		3.500000e+00
2	1	66	396.44		2	1	1		1	1		1.00		2.24		1.500000e+00
2	1	67	402.23		3	3	3		4	0		1.00		3.40		4.500000e+00
2	1	68	411.01		2	2	2		2	1		1.00		2.39		4.500000e+00
2	1	69	419.79		4	3	3		3	1		1.00		2.38		5.000000e-01
2	1	70	424.58		2	2	2		2	1		1.00		2.51		5.000000e-01
2	1	71	429.36		2	1	1		1	1		1.00		2.71		3.500000e+00
2	1	72	437.14		1	2	2		2	1		1.00		2.72		3.500000e+00
2	1	73	444.93		2	2	2		2	1		1.00		2.34		5.000000e-01
2	1	74	449.71		1	1	1		1	1		1.00		2.37		1.500000e+00
2	1	75	455.50		1	1	1		1	1		1.00		3.25		4.500000e+00
2	1	76	464.28		4	4	4		4	1		1.00		2.47		5.000000e-01
2	1	77	469.06		1	2	2		2	1		1.00		2.32		5.000000e-01
2	1	78	473.85		2	2	2		2	1		1.00		2.38		5.000000e-01
2	1	79	478.63		4	3	3		3	1		1.00		2.42		5.500000e+00
2	1	80	488.41		3	4	4		4	1		1.00		2.40		3.500000e+00
2	1	81	496.20		3	4	4		4	1		1.00		3.18		5.000000e-01
2	1	82	500.98		1	1	1		1	1		1.00		3.12		2.500000e+00
2	1	83	507.77		3	3	3		3	1		1.00		3.55		1.500000e+00
2	1	84	513.55		2	1	1		NaN	NaN		1.00		NaN		5.000000e-01
2	1	85	518.33		2	1	1		1	1		1.00		2.25		1.500000e+00
2	1	86	524.12		4	4	4		4	1		1.00		2.97		1.500000e+00
2	1	87	529.90		4	3	3		NaN	NaN		1.00		NaN		5.000000e-01
2	1	88	534.68		1	1	1		1	1		1.00		2.30		5.000000e-01
2	1	89	539.47		1	1	1		1	1		1.00		1.27		3.500000e+00
2	1	90	547.25		2	2	2		1	0		1.00		3.04		4.500000e+00
2	1	91	556.04		2	2	2		2	1		1.00		2.31		5.000000e-01
2	1	92	560.82		2	1	1		NaN	NaN		1.00		NaN		5.500000e+00
2	1	93	570.60		3	4	4		4	1		1.00		2.47		5.000000e-01
2	1	94	575.39		3	3	3		3	1		1.00		2.40		2.500000e+00
2	1	95	582.17		2	2	2		2	1		1.00		2.28		1.500000e+00
2	1	96	587.96		3	3	3		3	1		1.00		2.29		5.000000e-01
2	1	97	592.74		4	4	4		4	1		1.00		2.37		1.500000e+00
2	1	98	598.52		3	3	3		3	1		1.00		2.76		5.000000e-01
2	1	99	603.31		3	3	3		3	1		1.00		2.34		5.500000e+00
2	1	100	613.09		4	3	3		3	1		1.00		3.71		5.000000e-01
2	2	101	0.52		2	1	1		2	0		6.00		3.85		3.500000e+00
2	2	102	14.29		4	3	3		3	1		6.00		7.98		5.000000e-01
2	2	103	25.07		4	3	3		3	1		6.00		1.37		1.500000e+00
2	2	104	36.85		2	2	2		1	0		8.00		0.58		6.500000e+00
2	2	105	55.64		2	2	2		NaN	0		8.00		NaN		8
2	2	106	75.92		1	2	2		2	1		8.00		10.73		1.500000e+00
2	2	107	89.71		4	3	3		3	1		4.00		5.88		1.500000e+00
2	2	108	99.49		3	3	3		3	1		6.00		7.55		3.500000e+00
2	2	109	113.28		3	4	4		4	1		6.00		7.89		2.500000e+00
2	2	110	126.06		2	2	2		2	1		4.00		5.94		5.500000e+00
2	2	111	139.84		2	2	2		1	0		8.00		10.34		3.500000e+00
2	2	112	155.63		2	1	1		1	1		8.00		9.59		1.500000e+00
2	2	113	169.41		4	4	4		4	1		6.00		8.01		8
2	2	114	187.70		2	1	1		1	1		4.00		1.84		5.500000e+00
2	2	115	201.48		4	4	4		4	1		6.00		7.83		4.500000e+00
2	2	116	216.27		4	4	4		4	1		6.00		7.55		1.500000e+00
2	2	117	228.05		2	1	1		2	0		4.00		1.23		3.500000e+00
2	2	118	239.83		3	3	3		3	1		8.00		10.25		5.000000e-01
2	2	119	252.62		4	3	3		3	1		8.00		10.05		3.500000e+00
2	2	120	268.40		1	2	2		2	1		4.00		6.46		8
2	2	121	284.69		1	1	1		1	1		4.00		6.52		5.000000e-01
2	2	122	293.47		3	3	3		3	1		6.00		7.98		8
2	2	123	311.76		4	3	3		4	0		4.00		1.56		5.000000e-01
2	2	124	320.54		3	4	4		4	1		6.00		8.14		5.000000e-01
2	2	125	331.32		1	2	2		1	0		8.00		9.93		5.000000e-01
2	2	126	344.11		4	3	3		4	0		6.00		8.02		5.000000e-01
2	2	127	354.89		1	1	1		1	1		4.00		6.35		3.500000e+00
2	2	128	366.68		4	4	4		3	0		4.00		5.99		1.500000e+00
2	2	129	376.46		1	1	1		1	1		6.00		8.82		1.500000e+00
2	2	130	388.24		1	1	1		1	1		4.00		6.68		5.000000e-01
2	2	131	397.03		3	4	4		4	1		4.00		6.30		7.500000e+00
2	2	132	412.81		3	4	4		4	1		4.00		5.63		5.000000e-01
2	2	133	421.60		4	4	4		4	1		8.00		9.72		8
2	2	134	441.88		2	2	2		1	0		4.00		7.02		8
2	2	135	458.17		1	2	2		2	1		6.00		7.95		3.500000e+00
2	2	136	471.95		1	2	2		1	0		4.00		6.83		1.500000e+00
2	2	137	481.73		3	3	3		3	1		8.00		9.77		5.000000e-01
2	2	138	494.52		2	2	2		2	1		4.00		6.64		1.500000e+00
2	2	139	504.30		2	2	2		1	0		6.00		8.58		1.500000e+00
2	2	140	516.09		3	3	3		3	1		6.00		7.97		1.500000e+00
2	2	141	527.87		1	1	1		1	1		8.00		10.77		5.000000e-01
2	2	142	540.65		1	1	1		2	0		8.00		10.80		3.500000e+00
2	2	143	556.44		3	3	3		3	1		4.00		5.73		5.000000e-01
2	2	144	565.22		2	2	2		2	1		8.00		10.14		6.500000e+00
2	2	145	584.01		4	3	3		3	1		4.00		6.95		6.500000e+00
2	2	146	598.79		1	1	1		1	1		8.00		10.46		1.500000e+00
2	2	147	612.58		4	3	3		NaN	0		8.00		NaN		3.500000e+00
2	2	148	628.36		3	3	3		4	0		4.00		5.95		8
2	2	149	644.64		1	2	2		2	1		6.00		9.17		5.000000e-01
2	2	150	655.43		1	1	1		1	1		6.00		8.90		5.500000e+00
2	2	151	671.21		4	4	4		4	1		8.00		9.70		2.500000e+00
2	2	152	686.00		2	2	2		2	1		4.00		6.37		3.500000e+00
2	2	153	697.78		1	1	1		NaN	0		6.00		NaN		1.500000e+00
2	2	154	709.57		3	4	4		4	1		8.00		10.05		7.500000e+00
2	2	155	729.35		3	4	4		4	1		8.00		9.95		1.500000e+00
2	2	156	743.14		2	1	1		1	1		8.00		9.68		2.500000e+00
2	2	157	757.92		3	3	3		3	1		8.00		10.09		4.500000e+00
2	2	158	774.70		4	3	3		3	1		4.00		6.74		4.500000e+00
2	2	159	787.49		1	1	1		1	1		6.00		8.27		2.500000e+00
2	2	160	800.27		3	3	3		3	1		6.00		8.07		8
2	2	161	818.56		4	4	4		4	1		8.00		10.13		5.000000e-01
2	2	162	831.34		3	4	4		NaN	0		4.00		NaN		5.000000e-01
2	2	163	840.12		3	4	4		3	0		8.00		1.45		5.000000e-01
2	2	164	852.91		1	1	1		2	0		6.00		8.01		6.500000e+00
2	2	165	869.69		2	2	2		2	1		6.00		8.22		1.500000e+00
2	2	166	881.48		3	4	4		4	1		8.00		4.52		5.000000e-01
2	2	167	894.26		4	4	4		4	1		4.00		5.71		4.500000e+00
2	2	168	907.05		4	4	4		4	1		6.00		7.95		4.500000e+00
2	2	169	921.83		4	3	3		3	1		8.00		10.28		1.500000e+00
2	2	170	935.61		3	4	4		4	1		6.00		7.78		5.000000e-01
2	2	171	946.40		3	3	3		3	1		4.00		6.62		1.500000e+00
2	2	172	956.18		2	1	1		1	1		6.00		8.87		8
2	2	173	974.47		2	2	2		2	1		4.00		5.95		5.000000e-01
2	2	174	983.25		2	2	2		1	0		6.00		8.31		5.000000e-01
2	2	175	994.04		4	4	4		4	1		8.00		9.81		5.000000e-01
2	2	176	1006.82		2	2	2		2	1		6.00		8.11		4.500000e+00
2	2	177	1021.60		1	1	1		1	1		8.00		10.03		6.500000e+00
2	2	178	1040.39		1	1	1		1	1		4.00		6.59		3.500000e+00
2	2	179	1052.17		1	1	1		1	1		4.00		5.75		1.500000e+00
2	2	180	1061.96		2	1	1		1	1		8.00		10.38		2.500000e+00
