*********************************************
* Combray
* Date/Time: 22-Nov-2015 15:19:21
* Seed: 210189.7167
* Subject Number: 33
* Subject Name: ES
*********************************************

Block	Phase	Trial	RunningTime	Cue	Image	CorrResp	Resp	Accuracy	ISI	RT_from_CueOnset	ITI
1	1	1	0.51		2	2	2		2	1		1.00		2.52		1.500000e+00
1	1	2	6.30		1	1	1		1	1		1.00		2.28		5.000000e-01
1	1	3	11.08		3	4	4		4	1		1.00		2.65		3.500000e+00
1	1	4	18.87		2	1	1		1	1		1.00		2.41		1.500000e+00
1	1	5	24.65		4	4	4		3	0		1.00		2.28		5.000000e-01
1	1	6	29.43		3	3	3		3	1		1.00		2.52		4.500000e+00
1	1	7	38.22		1	2	2		2	1		1.00		2.31		5.500000e+00
1	1	8	48.00		1	1	1		1	1		1.00		2.54		5.000000e-01
1	1	9	52.78		4	4	4		4	1		1.00		2.66		5.000000e-01
1	1	10	57.57		4	4	4		4	1		1.00		2.49		1.500000e+00
1	1	11	63.35		3	4	4		4	1		1.00		2.57		1.500000e+00
1	1	12	69.13		1	1	1		1	1		1.00		2.15		4.500000e+00
1	1	13	77.92		4	4	4		4	1		1.00		2.53		5.000000e-01
1	1	14	82.70		4	3	3		3	1		1.00		2.47		1.500000e+00
1	1	15	88.49		3	3	3		3	1		1.00		2.55		5.000000e-01
1	1	16	93.27		4	3	3		3	1		1.00		2.47		5.000000e-01
1	1	17	98.05		2	2	2		2	1		1.00		2.40		1.500000e+00
1	1	18	103.84		1	1	1		1	1		1.00		2.15		1.500000e+00
1	1	19	109.62		2	2	2		2	1		1.00		2.26		5.000000e-01
1	1	20	114.41		4	4	4		4	1		1.00		2.63		5.000000e-01
1	1	21	119.19		1	1	1		1	1		1.00		2.08		5.000000e-01
1	1	22	123.97		4	3	3		3	1		1.00		2.46		1.500000e+00
1	1	23	129.76		3	4	4		3	0		1.00		2.16		5.000000e-01
1	1	24	134.54		1	1	1		1	1		1.00		0.99		5.000000e-01
1	1	25	139.32		3	3	3		3	1		1.00		2.39		5.000000e-01
1	1	26	144.11		3	3	3		3	1		1.00		2.21		1.500000e+00
1	1	27	149.89		4	3	3		3	1		1.00		2.32		5.000000e-01
1	1	28	154.67		4	4	4		4	1		1.00		2.29		3.500000e+00
1	1	29	162.46		1	2	2		1	0		1.00		0.78		4.500000e+00
1	1	30	171.24		4	3	3		3	1		1.00		2.52		1.500000e+00
1	1	31	177.03		2	2	2		2	1		1.00		2.33		2.500000e+00
1	1	32	183.81		1	1	1		1	1		1.00		0.97		5.000000e-01
1	1	33	188.59		2	1	1		2	0		1.00		0.95		1.500000e+00
1	1	34	194.38		2	1	1		1	1		1.00		1.00		1.500000e+00
1	1	35	200.16		3	4	4		3	0		1.00		2.26		5.000000e-01
1	1	36	204.94		1	2	2		2	1		1.00		2.30		5.000000e-01
1	1	37	209.73		2	2	2		1	0		1.00		1.04		5.000000e-01
1	1	38	214.51		1	1	1		1	1		1.00		2.19		2.500000e+00
1	1	39	221.30		4	3	3		3	1		1.00		2.43		1.500000e+00
1	1	40	227.08		4	4	4		4	1		1.00		2.29		5.000000e-01
1	1	41	231.86		2	2	2		2	1		1.00		2.17		2.500000e+00
1	1	42	238.65		3	3	3		3	1		1.00		2.38		2.500000e+00
1	1	43	245.43		1	1	1		1	1		1.00		2.21		5.500000e+00
1	1	44	255.21		1	2	2		1	0		1.00		1.45		5.500000e+00
1	1	45	265.00		1	1	1		1	1		1.00		2.12		5.000000e-01
1	1	46	269.78		2	2	2		2	1		1.00		2.23		2.500000e+00
1	1	47	276.57		4	4	4		3	0		1.00		2.24		5.000000e-01
1	1	48	281.35		2	2	2		2	1		1.00		2.31		5.000000e-01
1	1	49	286.13		2	2	2		2	1		1.00		2.17		5.500000e+00
1	1	50	295.92		3	3	3		3	1		1.00		2.39		5.000000e-01
1	1	51	300.70		4	3	3		3	1		1.00		2.55		1.500000e+00
1	1	52	306.48		4	3	3		3	1		1.00		2.17		3.500000e+00
1	1	53	314.27		2	1	1		1	1		1.00		2.32		5.500000e+00
1	1	54	324.05		3	4	4		4	1		1.00		2.41		5.000000e-01
1	1	55	328.84		1	1	1		1	1		1.00		2.26		1.500000e+00
1	1	56	334.62		3	3	3		3	1		1.00		2.20		3.500000e+00
1	1	57	342.40		3	3	3		3	1		1.00		2.24		1.500000e+00
1	1	58	348.19		1	1	1		1	1		1.00		2.16		8
1	1	59	360.47		3	4	4		3	0		1.00		1.36		5.000000e-01
1	1	60	365.25		4	3	3		3	1		1.00		2.32		1.500000e+00
1	1	61	371.04		2	2	2		2	1		1.00		2.24		5.000000e-01
1	1	62	375.82		2	2	2		2	1		1.00		2.14		2.500000e+00
1	1	63	382.61		3	3	3		3	1		1.00		2.49		5.000000e-01
1	1	64	387.39		3	3	3		3	1		1.00		2.34		4.500000e+00
1	1	65	396.17		3	4	4		3	0		1.00		2.29		3.500000e+00
1	1	66	403.96		2	2	2		2	1		1.00		2.45		5.000000e-01
1	1	67	408.74		2	2	2		1	0		1.00		1.67		3.500000e+00
1	1	68	416.53		3	4	4		4	1		1.00		2.45		3.500000e+00
1	1	69	424.31		1	2	2		2	1		1.00		2.39		5.000000e-01
1	1	70	429.09		4	3	3		3	1		1.00		2.34		1.500000e+00
1	1	71	434.88		1	1	1		1	1		1.00		2.29		3.500000e+00
1	1	72	442.66		4	4	4		3	0		1.00		0.99		5.000000e-01
1	1	73	447.44		2	2	2		2	1		1.00		2.37		2.500000e+00
1	1	74	454.23		4	3	3		3	1		1.00		2.42		8
1	1	75	466.51		2	2	2		2	1		1.00		2.32		5.500000e+00
1	1	76	476.30		3	3	3		3	1		1.00		2.61		1.500000e+00
1	1	77	482.08		3	4	4		4	1		1.00		2.39		3.500000e+00
1	1	78	489.86		1	1	1		1	1		1.00		2.23		5.000000e-01
1	1	79	494.65		1	1	1		1	1		1.00		2.19		5.000000e-01
1	1	80	499.43		4	3	3		3	1		1.00		2.17		5.500000e+00
1	1	81	509.21		3	3	3		3	1		1.00		2.32		5.000000e-01
1	1	82	514.00		2	2	2		2	1		1.00		2.14		5.000000e-01
1	1	83	518.78		2	2	2		2	1		1.00		1.08		2.500000e+00
1	1	84	525.57		4	4	4		4	1		1.00		0.75		1.500000e+00
1	1	85	531.35		3	4	4		4	1		1.00		0.70		5.000000e-01
1	1	86	536.13		2	2	2		1	0		1.00		0.73		5.000000e-01
1	1	87	540.92		1	1	1		2	0		1.00		0.75		5.000000e-01
1	1	88	545.70		2	2	2		2	1		1.00		2.27		5.000000e-01
1	1	89	550.48		4	4	4		4	1		1.00		2.43		5.000000e-01
1	1	90	555.27		4	4	4		4	1		1.00		2.37		5.000000e-01
1	1	91	560.05		1	1	1		1	1		1.00		2.32		5.000000e-01
1	1	92	564.84		3	4	4		4	1		1.00		2.57		5.000000e-01
1	1	93	569.62		3	4	4		4	1		1.00		2.28		5.000000e-01
1	1	94	574.40		3	3	3		3	1		1.00		2.37		1.500000e+00
1	1	95	580.19		1	1	1		1	1		1.00		2.21		4.500000e+00
1	1	96	588.97		2	1	1		1	1		1.00		0.56		2.500000e+00
1	1	97	595.75		1	1	1		2	0		1.00		1.23		5.000000e-01
1	1	98	600.54		4	3	3		3	1		1.00		2.41		2.500000e+00
1	1	99	607.32		2	2	2		2	1		1.00		2.20		5.000000e-01
1	1	100	612.10		1	1	1		2	0		1.00		1.13		1.500000e+00
1	2	101	0.52		1	2	2		1	0		8.00		8.62		5.000000e-01
1	2	102	13.30		4	3	3		3	1		4.00		1.56		1.500000e+00
1	2	103	23.08		1	1	1		1	1		6.00		4.60		1.500000e+00
1	2	104	34.87		2	2	2		1	0		6.00		2.51		3.500000e+00
1	2	105	48.65		4	4	4		3	0		6.00		6.69		1.500000e+00
1	2	106	60.43		3	3	3		3	1		4.00		1.39		8
1	2	107	76.72		2	1	1		1	1		8.00		1.99		2.500000e+00
1	2	108	91.50		3	4	4		3	0		4.00		6.20		5.000000e-01
1	2	109	100.29		1	1	1		1	1		4.00		5.68		6.500000e+00
1	2	110	115.07		1	1	1		2	0		8.00		9.88		5.500000e+00
1	2	111	132.86		4	4	4		3	0		8.00		9.67		7.500000e+00
1	2	112	152.64		3	4	4		3	0		8.00		9.57		1.500000e+00
1	2	113	166.43		2	2	2		2	1		4.00		5.53		6.500000e+00
1	2	114	181.21		4	4	4		4	1		4.00		6.00		5.000000e-01
1	2	115	189.99		4	3	3		3	1		8.00		9.75		5.000000e-01
1	2	116	202.78		1	1	1		1	1		8.00		9.97		3.500000e+00
1	2	117	218.56		1	2	2		2	1		6.00		7.77		1.500000e+00
1	2	118	230.35		3	3	3		3	1		8.00		9.77		1.500000e+00
1	2	119	244.13		2	2	2		2	1		4.00		5.53		5.000000e-01
1	2	120	252.91		1	1	1		1	1		8.00		10.04		5.000000e-01
1	2	121	265.70		3	4	4		4	1		4.00		5.80		5.000000e-01
1	2	122	274.48		1	1	1		2	0		4.00		5.65		3.500000e+00
1	2	123	286.27		4	4	4		4	1		8.00		9.81		3.500000e+00
1	2	124	302.05		4	4	4		4	1		4.00		5.55		5.000000e-01
1	2	125	310.84		2	2	2		2	1		6.00		7.83		5.000000e-01
1	2	126	321.62		3	3	3		3	1		8.00		9.54		3.500000e+00
1	2	127	337.40		4	3	3		4	0		4.00		5.44		4.500000e+00
1	2	128	350.19		2	2	2		2	1		8.00		9.58		2.500000e+00
1	2	129	364.97		3	3	3		4	0		6.00		8.24		8
1	2	130	383.26		1	1	1		1	1		8.00		9.67		5.000000e-01
1	2	131	396.04		2	2	2		2	1		4.00		5.71		5.000000e-01
1	2	132	404.82		3	4	4		4	1		8.00		9.54		4.500000e+00
1	2	133	421.61		1	2	2		2	1		4.00		5.97		4.500000e+00
1	2	134	434.39		1	1	1		1	1		4.00		5.93		5.000000e-01
1	2	135	443.18		2	2	2		2	1		4.00		5.80		1.500000e+00
1	2	136	452.96		3	4	4		3	0		6.00		7.70		5.500000e+00
1	2	137	468.75		3	3	3		3	1		4.00		5.33		5.000000e-01
1	2	138	477.53		2	2	2		2	1		4.00		5.67		2.500000e+00
1	2	139	488.31		1	1	1		2	0		4.00		5.80		1.500000e+00
1	2	140	498.10		1	1	1		1	1		6.00		0.79		4.500000e+00
1	2	141	512.88		1	2	2		2	1		6.00		7.90		4.500000e+00
1	2	142	527.67		4	4	4		4	1		6.00		7.64		6.500000e+00
1	2	143	544.45		1	1	1		2	0		4.00		5.67		1.500000e+00
1	2	144	554.23		2	2	2		2	1		6.00		7.51		5.000000e-01
1	2	145	565.02		3	4	4		4	1		8.00		10.01		1.500000e+00
1	2	146	578.80		1	1	1		1	1		8.00		1.03		7.500000e+00
1	2	147	598.59		1	1	1		1	1		6.00		8.07		3.500000e+00
1	2	148	612.37		3	4	4		4	1		8.00		9.94		8
1	2	149	632.66		3	3	3		3	1		6.00		8.27		8
1	2	150	650.94		1	1	1		2	0		6.00		8.32		8
1	2	151	669.23		2	2	2		2	1		6.00		0.64		8
1	2	152	687.51		4	3	3		4	0		6.00		8.08		3.500000e+00
1	2	153	701.29		4	3	3		3	1		6.00		8.21		6.500000e+00
1	2	154	718.08		2	2	2		2	1		4.00		1.10		3.500000e+00
1	2	155	729.86		2	2	2		2	1		8.00		10.48		8
1	2	156	750.15		2	1	1		1	1		4.00		6.10		5.000000e-01
1	2	157	758.93		1	1	1		1	1		6.00		8.00		1.500000e+00
1	2	158	770.72		4	3	3		3	1		4.00		5.70		1.500000e+00
1	2	159	780.50		4	3	3		4	0		6.00		8.04		5.000000e-01
1	2	160	791.28		4	4	4		4	1		4.00		5.70		3.500000e+00
1	2	161	803.07		3	3	3		3	1		8.00		10.11		5.000000e-01
1	2	162	815.85		4	4	4		4	1		8.00		9.73		8
1	2	163	836.14		3	4	4		4	1		6.00		7.70		6.500000e+00
1	2	164	852.92		3	3	3		3	1		4.00		5.77		2.500000e+00
1	2	165	863.71		3	3	3		3	1		6.00		7.84		5.000000e-01
1	2	166	874.49		2	2	2		2	1		8.00		1.46		5.000000e-01
1	2	167	887.27		2	2	2		2	1		8.00		10.07		5.000000e-01
1	2	168	900.06		4	4	4		4	1		6.00		7.74		4.500000e+00
1	2	169	914.84		4	3	3		4	0		4.00		6.10		1.500000e+00
1	2	170	924.63		1	1	1		1	1		4.00		0.97		3.500000e+00
1	2	171	936.41		3	3	3		3	1		6.00		7.62		3.500000e+00
1	2	172	950.20		2	1	1		2	0		8.00		1.08		2.500000e+00
1	2	173	964.98		3	4	4		4	1		6.00		2.68		8
1	2	174	983.26		2	2	2		2	1		8.00		1.37		1.500000e+00
1	2	175	997.05		2	1	1		2	0		6.00		1.36		1.500000e+00
1	2	176	1008.83		3	4	4		3	0		4.00		2.04		1.500000e+00
1	2	177	1018.62		4	4	4		3	0		6.00		2.41		1.500000e+00
1	2	178	1030.40		4	3	3		4	0		8.00		10.28		1.500000e+00
1	2	179	1044.18		2	2	2		2	1		6.00		1.27		5.000000e-01
1	2	180	1054.97		4	3	3		3	1		8.00		9.73		5.500000e+00
Block	Phase	Trial	RunningTime	Cue	Image	CorrResp	Resp	Accuracy	ISI	RT_from_CueOnset	ITI
2	1	1	0.51		3	3	3		3	1		1.00		2.77		5.000000e-01
2	1	2	5.30		2	2	2		2	1		1.00		2.36		5.000000e-01
2	1	3	10.08		2	2	2		2	1		1.00		2.16		5.000000e-01
2	1	4	14.87		1	1	1		1	1		1.00		2.10		5.000000e-01
2	1	5	19.65		4	3	3		3	1		1.00		2.47		5.500000e+00
2	1	6	29.43		2	2	2		2	1		1.00		2.26		5.000000e-01
2	1	7	34.22		1	1	1		1	1		1.00		0.69		5.000000e-01
2	1	8	39.00		1	1	1		1	1		1.00		0.59		5.500000e+00
2	1	9	48.78		2	1	1		1	1		1.00		2.29		2.500000e+00
2	1	10	55.57		1	2	2		1	0		1.00		0.53		5.000000e-01
2	1	11	60.35		4	3	3		4	0		1.00		1.34		3.500000e+00
2	1	12	68.14		2	1	1		1	1		1.00		2.33		1.500000e+00
2	1	13	73.92		1	1	1		1	1		1.00		1.50		5.000000e-01
2	1	14	78.70		1	1	1		1	1		1.00		2.19		5.000000e-01
2	1	15	83.49		1	1	1		1	1		1.00		0.57		5.000000e-01
2	1	16	88.27		3	3	3		3	1		1.00		1.41		3.500000e+00
2	1	17	96.05		4	4	4		3	0		1.00		1.12		5.000000e-01
2	1	18	100.84		1	1	1		1	1		1.00		0.72		4.500000e+00
2	1	19	109.62		4	3	3		4	0		1.00		1.42		1.500000e+00
2	1	20	115.41		3	3	3		3	1		1.00		1.22		5.000000e-01
2	1	21	120.19		3	4	4		3	0		1.00		0.57		5.000000e-01
2	1	22	124.97		1	1	1		1	1		1.00		0.73		2.500000e+00
2	1	23	131.76		4	4	4		4	1		1.00		2.36		1.500000e+00
2	1	24	137.54		1	1	1		1	1		1.00		0.71		5.000000e-01
2	1	25	142.32		2	2	2		2	1		1.00		2.32		2.500000e+00
2	1	26	149.11		2	1	1		1	1		1.00		2.18		2.500000e+00
2	1	27	155.89		4	3	3		3	1		1.00		2.68		1.500000e+00
2	1	28	161.68		1	2	2		1	0		1.00		0.63		5.000000e-01
2	1	29	166.46		1	1	1		1	1		1.00		0.72		5.000000e-01
2	1	30	171.24		4	3	3		3	1		1.00		2.54		5.000000e-01
2	1	31	176.03		4	4	4		4	1		1.00		2.43		1.500000e+00
2	1	32	181.81		2	1	1		1	1		1.00		2.28		5.000000e-01
2	1	33	186.59		4	3	3		3	1		1.00		2.60		8
2	1	34	198.88		2	2	2		2	1		1.00		2.21		5.500000e+00
2	1	35	208.66		4	3	3		3	1		1.00		2.44		5.000000e-01
2	1	36	213.45		2	1	1		1	1		1.00		2.32		5.500000e+00
2	1	37	223.23		4	4	4		4	1		1.00		2.40		2.500000e+00
2	1	38	230.01		3	4	4		3	0		1.00		0.69		3.500000e+00
2	1	39	237.80		4	4	4		4	1		1.00		2.36		5.000000e-01
2	1	40	242.58		3	3	3		3	1		1.00		0.81		5.000000e-01
2	1	41	247.36		3	3	3		3	1		1.00		2.35		4.500000e+00
2	1	42	256.15		3	3	3		3	1		1.00		0.61		1.500000e+00
2	1	43	261.93		1	1	1		1	1		1.00		0.67		5.000000e-01
2	1	44	266.72		2	2	2		2	1		1.00		2.26		1.500000e+00
2	1	45	272.50		2	1	1		1	1		1.00		2.30		5.000000e-01
2	1	46	277.28		4	4	4		4	1		1.00		2.31		3.500000e+00
2	1	47	285.07		4	4	4		4	1		1.00		2.81		5.000000e-01
2	1	48	289.85		4	4	4		3	0		1.00		2.13		1.500000e+00
2	1	49	295.63		3	3	3		2	0		1.00		0.62		1.500000e+00
2	1	50	301.42		3	4	4		3	0		1.00		0.50		5.000000e-01
2	1	51	306.20		4	4	4		4	1		1.00		2.19		1.500000e+00
2	1	52	311.99		3	3	3		3	1		1.00		0.86		1.500000e+00
2	1	53	317.77		3	4	4		3	0		1.00		0.74		5.000000e-01
2	1	54	322.55		4	3	3		3	1		1.00		2.32		1.500000e+00
2	1	55	328.34		3	4	4		3	0		1.00		0.70		3.500000e+00
2	1	56	336.12		3	4	4		4	1		1.00		2.49		3.500000e+00
2	1	57	343.90		2	2	2		2	1		1.00		2.10		2.500000e+00
2	1	58	350.69		4	4	4		4	1		1.00		1.95		5.000000e-01
2	1	59	355.47		3	3	3		3	1		1.00		1.14		5.000000e-01
2	1	60	360.26		1	2	2		1	0		1.00		0.70		5.500000e+00
2	1	61	370.04		3	3	3		3	1		1.00		0.83		5.000000e-01
2	1	62	374.82		2	2	2		2	1		1.00		2.14		3.500000e+00
2	1	63	382.61		2	1	1		1	1		1.00		2.30		1.500000e+00
2	1	64	388.39		2	2	2		2	1		1.00		2.24		5.000000e-01
2	1	65	393.17		4	4	4		4	1		1.00		2.39		5.000000e-01
2	1	66	397.96		2	2	2		2	1		1.00		2.34		5.000000e-01
2	1	67	402.74		3	3	3		3	1		1.00		0.98		2.500000e+00
2	1	68	409.53		2	2	2		2	1		1.00		2.16		5.000000e-01
2	1	69	414.31		3	4	4		3	0		1.00		0.81		5.000000e-01
2	1	70	419.09		1	2	2		1	0		1.00		0.63		3.500000e+00
2	1	71	426.88		3	4	4		3	0		1.00		1.03		5.000000e-01
2	1	72	431.66		4	3	3		3	1		1.00		2.26		1.500000e+00
2	1	73	437.44		2	1	1		1	1		1.00		2.27		1.500000e+00
2	1	74	443.23		4	4	4		3	0		1.00		0.86		5.000000e-01
2	1	75	448.01		1	1	1		1	1		1.00		0.95		4.500000e+00
2	1	76	456.80		2	2	2		2	1		1.00		2.32		2.500000e+00
2	1	77	463.58		4	4	4		4	1		1.00		1.28		5.000000e-01
2	1	78	468.36		1	1	1		1	1		1.00		0.94		5.000000e-01
2	1	79	473.15		1	1	1		1	1		1.00		0.94		1.500000e+00
2	1	80	478.93		1	2	2		1	0		1.00		1.33		5.500000e+00
2	1	81	488.71		3	4	4		3	0		1.00		1.13		5.000000e-01
2	1	82	493.50		1	1	1		1	1		1.00		1.08		1.500000e+00
2	1	83	499.28		1	2	2		1	0		1.00		1.49		4.500000e+00
2	1	84	508.06		4	4	4		4	1		1.00		2.29		5.000000e-01
2	1	85	512.85		1	1	1		1	1		1.00		0.82		8
2	1	86	525.13		2	2	2		2	1		1.00		0.94		5.500000e+00
2	1	87	534.92		4	3	3		3	1		1.00		2.50		1.500000e+00
2	1	88	540.70		2	2	2		2	1		1.00		2.28		2.500000e+00
2	1	89	547.48		2	2	2		2	1		1.00		2.14		5.000000e-01
2	1	90	552.27		1	1	1		1	1		1.00		1.14		1.500000e+00
2	1	91	558.05		2	2	2		2	1		1.00		2.35		2.500000e+00
2	1	92	564.84		2	2	2		2	1		1.00		2.25		1.500000e+00
2	1	93	570.62		3	3	3		3	1		1.00		0.68		4.500000e+00
2	1	94	579.40		3	4	4		3	0		1.00		1.25		1.500000e+00
2	1	95	585.19		1	1	1		1	1		1.00		2.51		5.000000e-01
2	1	96	589.97		3	3	3		3	1		1.00		0.86		5.000000e-01
2	1	97	594.75		1	2	2		2	1		1.00		2.28		5.000000e-01
2	1	98	599.54		4	4	4		4	1		1.00		2.52		5.000000e-01
2	1	99	604.32		3	3	3		3	1		1.00		1.18		1.500000e+00
2	1	100	610.11		3	3	3		3	1		1.00		1.56		3.500000e+00
2	2	101	0.51		4	4	4		4	1		6.00		7.85		1.500000e+00
2	2	102	12.30		4	3	3		3	1		4.00		5.67		4.500000e+00
2	2	103	25.08		4	4	4		4	1		8.00		9.88		7.500000e+00
2	2	104	44.86		1	2	2		1	0		6.00		0.83		1.500000e+00
2	2	105	56.65		2	2	2		2	1		4.00		1.72		1.500000e+00
2	2	106	66.43		4	4	4		4	1		6.00		7.84		1.500000e+00
2	2	107	78.22		4	4	4		4	1		4.00		5.64		3.500000e+00
2	2	108	90.00		1	2	2		1	0		8.00		0.81		5.000000e-01
2	2	109	102.79		3	3	3		3	1		6.00		0.84		8
2	2	110	121.07		3	3	3		3	1		8.00		1.01		3.500000e+00
2	2	111	136.85		3	4	4		3	0		4.00		0.96		1.500000e+00
2	2	112	146.64		3	3	3		3	1		4.00		1.92		2.500000e+00
2	2	113	157.42		4	3	3		4	0		8.00		1.15		5.500000e+00
2	2	114	175.21		4	4	4		4	1		8.00		1.48		3.500000e+00
2	2	115	190.99		1	1	1		1	1		6.00		0.96		4.500000e+00
2	2	116	205.78		1	1	1		1	1		8.00		1.81		5.000000e-01
2	2	117	218.56		2	1	1		2	0		8.00		1.36		1.500000e+00
2	2	118	232.34		2	1	1		2	0		6.00		1.52		1.500000e+00
2	2	119	244.13		2	2	2		2	1		4.00		1.92		5.000000e-01
2	2	120	252.91		1	1	1		1	1		4.00		0.76		6.500000e+00
2	2	121	267.70		3	3	3		3	1		6.00		1.48		5.000000e-01
2	2	122	278.48		1	1	1		1	1		4.00		1.45		1.500000e+00
2	2	123	288.26		3	4	4		3	0		8.00		2.15		1.500000e+00
2	2	124	302.05		2	2	2		2	1		6.00		1.73		5.000000e-01
2	2	125	312.83		3	3	3		3	1		6.00		7.67		8
2	2	126	331.12		3	3	3		3	1		4.00		1.36		8
2	2	127	347.40		1	1	1		1	1		4.00		1.80		5.000000e-01
2	2	128	356.19		4	4	4		4	1		4.00		5.65		1.500000e+00
2	2	129	365.97		3	3	3		3	1		8.00		9.57		5.000000e-01
2	2	130	378.75		1	1	1		1	1		8.00		9.43		3.500000e+00
2	2	131	394.54		4	4	4		4	1		6.00		7.88		6.500000e+00
2	2	132	411.32		3	4	4		3	0		6.00		1.42		6.500000e+00
2	2	133	428.11		4	3	3		3	1		8.00		9.93		5.000000e-01
2	2	134	440.89		3	4	4		4	1		4.00		5.67		5.000000e-01
2	2	135	449.67		4	4	4		4	1		8.00		9.80		8
2	2	136	469.96		4	3	3		3	1		6.00		8.01		3.500000e+00
2	2	137	483.74		2	2	2		2	1		6.00		7.41		3.500000e+00
2	2	138	497.53		1	1	1		1	1		6.00		0.48		8
2	2	139	515.81		4	4	4		4	1		4.00		6.11		5.000000e-01
2	2	140	524.60		1	2	2		1	0		4.00		0.73		1.500000e+00
2	2	141	534.38		1	1	1		1	1		6.00		1.43		1.500000e+00
2	2	142	546.16		3	3	3		3	1		4.00		1.67		5.000000e-01
2	2	143	554.95		4	3	3		3	1		6.00		7.87		5.000000e-01
2	2	144	565.73		4	4	4		4	1		8.00		9.87		1.500000e+00
2	2	145	579.52		2	2	2		2	1		8.00		9.42		5.000000e-01
2	2	146	592.30		3	3	3		3	1		4.00		1.95		5.000000e-01
2	2	147	601.09		4	4	4		3	0		4.00		5.85		5.000000e-01
2	2	148	609.87		4	4	4		4	1		6.00		8.53		4.500000e+00
2	2	149	624.65		2	2	2		2	1		8.00		9.41		8
2	2	150	644.94		2	1	1		1	1		8.00		9.97		2.500000e+00
2	2	151	659.72		3	4	4		3	0		6.00		7.57		5.500000e+00
2	2	152	675.51		2	2	2		2	1		4.00		1.35		6.500000e+00
2	2	153	690.29		3	4	4		3	0		8.00		9.80		1.500000e+00
2	2	154	704.08		3	4	4		3	0		6.00		1.75		8
2	2	155	722.36		3	3	3		3	1		6.00		1.58		3.500000e+00
2	2	156	736.14		3	3	3		3	1		8.00		9.77		1.500000e+00
2	2	157	749.93		1	1	1		1	1		4.00		5.93		3.500000e+00
2	2	158	761.71		2	1	1		2	0		4.00		2.29		5.000000e-01
2	2	159	770.50		2	2	2		2	1		6.00		3.35		8
2	2	160	788.78		4	3	3		3	1		4.00		6.18		1.500000e+00
2	2	161	798.56		2	1	1		1	1		6.00		7.87		5.000000e-01
2	2	162	809.35		1	2	2		1	0		8.00		0.92		7.500000e+00
2	2	163	829.13		1	1	1		1	1		6.00		0.45		3.500000e+00
2	2	164	842.92		2	2	2		1	0		4.00		6.00		5.000000e-01
2	2	165	851.70		3	4	4		3	0		8.00		1.69		8
2	2	166	871.99		2	2	2		2	1		8.00		9.83		2.500000e+00
2	2	167	886.77		2	1	1		1	1		8.00		9.80		2.500000e+00
2	2	168	901.56		3	3	3		3	1		8.00		2.18		4.500000e+00
2	2	169	918.34		1	1	1		1	1		8.00		0.69		5.500000e+00
2	2	170	936.12		4	3	3		4	0		6.00		1.46		6.500000e+00
2	2	171	952.91		2	1	1		1	1		4.00		5.62		2.500000e+00
2	2	172	963.69		2	2	2		2	1		8.00		9.67		5.000000e-01
2	2	173	976.48		1	1	1		1	1		4.00		0.95		3.500000e+00
2	2	174	988.26		1	2	2		2	1		6.00		7.93		4.500000e+00
2	2	175	1003.05		4	3	3		4	0		4.00		5.67		1.500000e+00
2	2	176	1012.83		1	1	1		1	1		6.00		0.97		1.500000e+00
2	2	177	1024.61		1	1	1		1	1		8.00		9.54		5.000000e-01
2	2	178	1037.40		1	2	2		2	1		4.00		5.78		4.500000e+00
2	2	179	1050.18		2	2	2		2	1		4.00		5.94		3.500000e+00
2	2	180	1061.97		2	2	2		2	1		6.00		7.40		5.000000e-01
