*********************************************
* Combray
* Date/Time: 24-Nov-2015 14:12:58
* Seed: 213275.7606
* Subject Number: 36
* Subject Name: BR
*********************************************

Block	Phase	Trial	RunningTime	Cue	Image	CorrResp	Resp	Accuracy	ISI	RT_from_CueOnset	ITI
1	1	1	0.52		2	1	1		1	1		1.00		2.45		1.500000e+00
1	1	2	6.30		4	4	4		4	1		1.00		2.70		2.500000e+00
1	1	3	13.08		4	4	4		4	1		1.00		2.26		2.500000e+00
1	1	4	19.87		3	3	3		3	1		1.00		2.51		5.000000e-01
1	1	5	24.65		4	4	4		4	1		1.00		2.20		5.000000e-01
1	1	6	29.43		3	3	3		3	1		1.00		2.12		3.500000e+00
1	1	7	37.22		1	1	1		1	1		1.00		2.47		2.500000e+00
1	1	8	44.00		2	1	1		1	1		1.00		2.36		3.500000e+00
1	1	9	51.79		1	2	2		2	1		1.00		2.41		5.000000e-01
1	1	10	56.57		4	4	4		4	1		1.00		2.50		5.000000e-01
1	1	11	61.35		4	3	3		4	0		1.00		2.28		1.500000e+00
1	1	12	67.14		2	2	2		2	1		1.00		2.58		1.500000e+00
1	1	13	72.92		2	2	2		2	1		1.00		2.27		2.500000e+00
1	1	14	79.70		1	2	2		2	1		1.00		2.35		5.500000e+00
1	1	15	89.49		1	1	1		1	1		1.00		2.45		2.500000e+00
1	1	16	96.27		2	2	2		2	1		1.00		2.45		3.500000e+00
1	1	17	104.06		1	1	1		1	1		1.00		2.27		5.000000e-01
1	1	18	108.84		2	1	1		1	1		1.00		2.25		5.000000e-01
1	1	19	113.62		1	2	2		2	1		1.00		2.36		3.500000e+00
1	1	20	121.41		1	1	1		1	1		1.00		2.30		1.500000e+00
1	1	21	127.19		3	3	3		3	1		1.00		2.68		8
1	1	22	139.46		3	4	4		3	0		1.00		2.59		5.000000e-01
1	1	23	144.24		1	1	1		1	1		1.00		2.56		3.500000e+00
1	1	24	152.03		2	2	2		2	1		1.00		2.41		5.500000e+00
1	1	25	161.81		1	1	1		1	1		1.00		2.21		1.500000e+00
1	1	26	167.59		1	1	1		1	1		1.00		2.19		5.000000e-01
1	1	27	172.38		1	1	1		1	1		1.00		1.15		5.000000e-01
1	1	28	177.16		3	3	3		3	1		1.00		2.69		5.000000e-01
1	1	29	181.94		2	2	2		2	1		1.00		2.23		2.500000e+00
1	1	30	188.73		4	3	3		4	0		1.00		1.23		4.500000e+00
1	1	31	197.51		1	2	2		2	1		1.00		2.55		5.000000e-01
1	1	32	202.30		1	1	1		1	1		1.00		2.35		5.000000e-01
1	1	33	207.08		2	2	2		2	1		1.00		2.32		5.000000e-01
1	1	34	211.86		4	4	4		4	1		1.00		2.70		5.000000e-01
1	1	35	216.65		1	1	1		1	1		1.00		2.20		5.000000e-01
1	1	36	221.43		3	3	3		3	1		1.00		2.12		5.000000e-01
1	1	37	226.21		4	4	4		4	1		1.00		2.49		2.500000e+00
1	1	38	233.00		3	4	4		4	1		1.00		2.57		5.000000e-01
1	1	39	237.78		2	1	1		2	0		1.00		1.98		1.500000e+00
1	1	40	243.57		4	4	4		4	1		1.00		2.94		5.500000e+00
1	1	41	253.35		3	3	3		3	1		1.00		2.32		5.000000e-01
1	1	42	258.13		2	1	1		1	1		1.00		2.34		5.000000e-01
1	1	43	262.92		4	4	4		4	1		1.00		2.67		5.000000e-01
1	1	44	267.70		3	4	4		4	1		1.00		2.42		1.500000e+00
1	1	45	273.48		4	4	4		4	1		1.00		1.56		2.500000e+00
1	1	46	280.27		2	2	2		1	0		1.00		1.26		5.000000e-01
1	1	47	285.05		3	3	3		3	1		1.00		2.74		5.000000e-01
1	1	48	289.83		2	2	2		2	1		1.00		2.42		3.500000e+00
1	1	49	297.62		3	3	3		4	0		1.00		0.94		4.500000e+00
1	1	50	306.40		3	3	3		4	0		1.00		0.81		5.000000e-01
1	1	51	311.19		1	1	1		1	1		1.00		1.27		1.500000e+00
1	1	52	316.97		2	1	1		1	1		1.00		2.59		5.000000e-01
1	1	53	321.75		4	4	4		4	1		1.00		2.43		5.000000e-01
1	1	54	326.54		2	2	2		2	1		1.00		2.38		3.500000e+00
1	1	55	334.30		1	2	2		2	1		1.00		2.19		5.000000e-01
1	1	56	339.09		1	1	1		2	0		1.00		0.54		5.000000e-01
1	1	57	343.87		2	2	2		2	1		1.00		2.35		1.500000e+00
1	1	58	349.66		3	3	3		3	1		1.00		2.28		5.000000e-01
1	1	59	354.44		1	1	1		1	1		1.00		2.27		3.500000e+00
1	1	60	362.22		2	2	2		2	1		1.00		2.31		1.500000e+00
1	1	61	367.99		1	1	1		2	0		1.00		0.69		1.500000e+00
1	1	62	373.77		4	4	4		4	1		1.00		2.68		2.500000e+00
1	1	63	380.56		1	2	2		2	1		1.00		2.49		1.500000e+00
1	1	64	386.34		4	4	4		4	1		1.00		2.47		5.000000e-01
1	1	65	391.13		4	4	4		4	1		1.00		2.38		5.000000e-01
1	1	66	395.91		4	4	4		4	1		1.00		2.37		1.500000e+00
1	1	67	401.69		3	3	3		3	1		1.00		2.60		5.000000e-01
1	1	68	406.48		4	4	4		4	1		1.00		2.34		1.500000e+00
1	1	69	412.26		3	3	3		3	1		1.00		2.34		5.000000e-01
1	1	70	417.04		4	4	4		4	1		1.00		1.75		1.500000e+00
1	1	71	422.83		4	3	3		4	0		1.00		0.84		3.500000e+00
1	1	72	430.61		4	4	4		3	0		1.00		0.88		5.000000e-01
1	1	73	435.39		3	4	4		4	1		1.00		2.36		5.000000e-01
1	1	74	440.18		3	3	3		3	1		1.00		2.35		5.000000e-01
1	1	75	444.96		3	4	4		3	0		1.00		0.84		5.000000e-01
1	1	76	449.75		1	1	1		1	1		1.00		2.36		2.500000e+00
1	1	77	456.53		2	2	2		2	1		1.00		2.38		5.000000e-01
1	1	78	461.31		2	2	2		2	1		1.00		0.55		5.000000e-01
1	1	79	466.10		4	4	4		3	0		1.00		0.91		5.000000e-01
1	1	80	470.88		1	2	2		2	1		1.00		2.36		5.500000e+00
1	1	81	480.66		3	3	3		3	1		1.00		0.66		5.000000e-01
1	1	82	485.45		3	3	3		3	1		1.00		0.60		1.500000e+00
1	1	83	491.23		3	3	3		3	1		1.00		0.51		1.500000e+00
1	1	84	497.02		4	3	3		3	1		1.00		0.59		8
1	1	85	509.28		1	1	1		1	1		1.00		2.80		5.000000e-01
1	1	86	514.07		2	2	2		2	1		1.00		0.64		1.500000e+00
1	1	87	519.85		3	3	3		3	1		1.00		0.80		5.000000e-01
1	1	88	524.63		4	3	3		3	1		1.00		0.69		5.000000e-01
1	1	89	529.42		2	2	2		2	1		1.00		0.73		5.500000e+00
1	1	90	539.20		1	1	1		2	0		1.00		0.62		1.500000e+00
1	1	91	544.99		3	3	3		3	1		1.00		0.91		4.500000e+00
1	1	92	553.77		1	1	1		2	0		1.00		0.81		1.500000e+00
1	1	93	559.55		2	1	1		2	0		1.00		0.67		5.500000e+00
1	1	94	569.34		3	3	3		3	1		1.00		0.75		5.000000e-01
1	1	95	574.12		4	4	4		3	0		1.00		0.79		1.500000e+00
1	1	96	579.90		3	3	3		3	1		1.00		2.56		4.500000e+00
1	1	97	588.69		2	1	1		2	0		1.00		0.92		5.000000e-01
1	1	98	593.47		2	2	2		2	1		1.00		0.58		5.500000e+00
1	1	99	603.26		4	4	4		4	1		1.00		2.98		4.500000e+00
1	1	100	612.04		2	2	2		2	1		1.00		0.75		1.500000e+00
1	2	101	0.51		2	2	2		2	1		8.00		9.45		5.000000e-01
1	2	102	13.28		1	1	1		1	1		4.00		5.50		5.000000e-01
1	2	103	22.05		1	1	1		1	1		8.00		0.67		1.500000e+00
1	2	104	35.82		4	3	3		4	0		6.00		8.33		1.500000e+00
1	2	105	47.58		3	4	4		4	1		4.00		5.40		5.000000e-01
1	2	106	56.37		4	4	4		3	0		4.00		1.30		5.000000e-01
1	2	107	65.15		2	1	1		2	0		8.00		1.17		5.000000e-01
1	2	108	77.92		2	2	2		2	1		4.00		5.64		1.500000e+00
1	2	109	87.70		4	4	4		4	1		6.00		7.41		8
1	2	110	105.97		1	1	1		1	1		6.00		0.90		6.500000e+00
1	2	111	122.74		4	4	4		3	0		8.00		1.07		3.500000e+00
1	2	112	138.51		1	2	2		1	0		6.00		0.79		3.500000e+00
1	2	113	152.27		2	1	1		2	0		4.00		5.23		8
1	2	114	168.54		2	2	2		2	1		6.00		7.63		5.000000e-01
1	2	115	179.31		4	3	3		4	0		4.00		6.40		1.500000e+00
1	2	116	189.08		1	1	1		1	1		8.00		9.53		1.500000e+00
1	2	117	202.84		2	2	2		2	1		6.00		0.72		5.000000e-01
1	2	118	213.61		4	3	3		4	0		8.00		1.33		1.500000e+00
1	2	119	227.38		3	3	3		4	0		8.00		1.26		1.500000e+00
1	2	120	241.15		1	2	2		1	0		8.00		0.83		1.500000e+00
1	2	121	254.91		4	4	4		3	0		6.00		2.58		5.000000e-01
1	2	122	265.68		1	2	2		1	0		8.00		1.16		2.500000e+00
1	2	123	280.45		4	4	4		3	0		8.00		9.53		3.500000e+00
1	2	124	296.22		3	4	4		4	1		8.00		10.07		3.500000e+00
1	2	125	311.98		1	1	1		1	1		4.00		0.91		5.000000e-01
1	2	126	320.77		3	3	3		3	1		8.00		9.73		8
1	2	127	341.04		1	2	2		1	0		4.00		0.81		3.500000e+00
1	2	128	352.80		4	4	4		4	1		4.00		6.41		4.500000e+00
1	2	129	365.57		2	2	2		2	1		8.00		0.92		1.500000e+00
1	2	130	379.34		4	4	4		3	0		4.00		5.73		3.500000e+00
1	2	131	391.11		3	3	3		3	1		6.00		7.94		5.000000e-01
1	2	132	401.87		3	3	3		3	1		8.00		0.84		5.000000e-01
1	2	133	414.64		1	1	1		1	1		8.00		0.95		4.500000e+00
1	2	134	431.41		1	1	1		1	1		4.00		5.61		1.500000e+00
1	2	135	441.19		2	2	2		2	1		8.00		0.60		8
1	2	136	461.46		2	1	1		1	1		6.00		0.72		5.500000e+00
1	2	137	477.23		4	4	4		3	0		4.00		6.60		5.000000e-01
1	2	138	486.01		3	3	3		3	1		6.00		7.95		6.500000e+00
1	2	139	502.78		2	1	1		2	0		8.00		0.79		6.500000e+00
1	2	140	521.55		3	3	3		3	1		8.00		9.70		5.000000e-01
1	2	141	534.32		4	3	3		3	1		4.00		6.42		7.500000e+00
1	2	142	550.08		3	3	3		3	1		4.00		5.90		6.500000e+00
1	2	143	564.85		1	1	1		1	1		6.00		8.87		8
1	2	144	583.12		1	1	1		1	1		4.00		6.00		2.500000e+00
1	2	145	593.89		2	2	2		2	1		4.00		5.64		1.500000e+00
1	2	146	603.65		2	2	2		2	1		4.00		1.56		5.000000e-01
1	2	147	612.44		3	3	3		3	1		4.00		6.12		4.500000e+00
1	2	148	625.21		2	1	1		2	0		8.00		0.84		5.000000e-01
1	2	149	637.97		4	4	4		3	0		8.00		9.73		8
1	2	150	658.24		2	2	2		2	1		4.00		5.32		2.500000e+00
1	2	151	669.01		1	1	1		1	1		6.00		0.70		3.500000e+00
1	2	152	682.78		3	3	3		3	1		4.00		6.18		1.500000e+00
1	2	153	692.56		4	4	4		3	0		6.00		1.10		3.500000e+00
1	2	154	706.33		4	4	4		4	1		8.00		9.80		1.500000e+00
1	2	155	720.10		3	3	3		3	1		4.00		2.10		1.500000e+00
1	2	156	729.88		4	4	4		3	0		4.00		0.97		8
1	2	157	746.15		2	1	1		2	0		4.00		1.01		3.500000e+00
1	2	158	757.91		3	3	3		3	1		6.00		8.74		4.500000e+00
1	2	159	772.68		3	4	4		3	0		6.00		0.83		1.500000e+00
1	2	160	784.45		4	4	4		3	0		6.00		0.86		5.000000e-01
1	2	161	795.22		2	1	1		2	0		6.00		0.83		5.500000e+00
1	2	162	810.99		3	3	3		3	1		6.00		7.60		7.500000e+00
1	2	163	828.75		4	4	4		4	1		8.00		10.20		2.500000e+00
1	2	164	843.52		1	1	1		1	1		6.00		7.63		3.500000e+00
1	2	165	857.29		4	4	4		4	1		8.00		9.54		1.500000e+00
1	2	166	871.06		2	2	2		2	1		6.00		1.67		5.000000e-01
1	2	167	881.82		3	3	3		3	1		8.00		4.04		8
1	2	168	902.09		3	3	3		3	1		6.00		1.00		5.500000e+00
1	2	169	917.86		2	2	2		2	1		6.00		2.52		3.500000e+00
1	2	170	931.63		3	3	3		3	1		6.00		0.83		8
1	2	171	949.89		1	1	1		1	1		8.00		1.30		5.000000e-01
1	2	172	962.66		4	4	4		4	1		6.00		1.77		5.000000e-01
1	2	173	973.43		2	2	2		2	1		4.00		2.17		4.500000e+00
1	2	174	986.20		3	4	4		3	0		8.00		0.88		1.500000e+00
1	2	175	999.96		1	1	1		1	1		4.00		0.86		5.000000e-01
1	2	176	1008.75		2	2	2		2	1		8.00		0.74		2.500000e+00
1	2	177	1023.52		1	2	2		1	0		4.00		1.11		5.000000e-01
1	2	178	1032.30		1	1	1		2	0		6.00		1.34		4.500000e+00
1	2	179	1047.07		3	3	3		3	1		4.00		5.63		6.500000e+00
1	2	180	1061.84		1	2	2		1	0		6.00		0.91		1.500000e+00
Block	Phase	Trial	RunningTime	Cue	Image	CorrResp	Resp	Accuracy	ISI	RT_from_CueOnset	ITI
2	1	1	0.51		4	3	3		3	1		1.00		2.47		1.500000e+00
2	1	2	6.30		4	4	4		4	1		1.00		2.48		5.000000e-01
2	1	3	11.08		4	4	4		4	1		1.00		2.39		2.500000e+00
2	1	4	17.87		2	1	1		1	1		1.00		2.41		5.500000e+00
2	1	5	27.65		1	1	1		1	1		1.00		2.39		3.500000e+00
2	1	6	35.43		3	3	3		3	1		1.00		2.41		4.500000e+00
2	1	7	44.22		4	4	4		4	1		1.00		2.30		4.500000e+00
2	1	8	53.00		4	3	3		4	0		1.00		0.63		1.500000e+00
2	1	9	58.78		3	3	3		3	1		1.00		2.48		3.500000e+00
2	1	10	66.57		1	1	1		1	1		1.00		2.44		2.500000e+00
2	1	11	73.35		4	4	4		4	1		1.00		2.44		2.500000e+00
2	1	12	80.14		1	2	2		2	1		1.00		2.45		1.500000e+00
2	1	13	85.92		1	1	1		1	1		1.00		2.32		1.500000e+00
2	1	14	91.70		2	2	2		2	1		1.00		2.41		5.500000e+00
2	1	15	101.49		2	2	2		2	1		1.00		2.12		5.500000e+00
2	1	16	111.27		1	2	2		1	0		1.00		2.20		5.000000e-01
2	1	17	116.06		3	3	3		3	1		1.00		2.26		5.000000e-01
2	1	18	120.84		4	3	3		4	0		1.00		2.24		2.500000e+00
2	1	19	127.62		1	1	1		1	1		1.00		2.44		5.000000e-01
2	1	20	132.41		1	1	1		1	1		1.00		2.17		1.500000e+00
2	1	21	138.19		4	4	4		4	1		1.00		2.23		1.500000e+00
2	1	22	143.97		2	2	2		2	1		1.00		1.57		3.500000e+00
2	1	23	151.76		1	2	2		2	1		1.00		2.43		5.500000e+00
2	1	24	161.53		3	3	3		3	1		1.00		2.17		5.000000e-01
2	1	25	166.31		3	4	4		3	0		1.00		0.75		5.000000e-01
2	1	26	171.09		3	3	3		3	1		1.00		2.18		5.000000e-01
2	1	27	175.88		3	3	3		3	1		1.00		0.83		4.500000e+00
2	1	28	184.66		4	4	4		4	1		1.00		0.93		5.000000e-01
2	1	29	189.44		3	3	3		3	1		1.00		0.69		5.000000e-01
2	1	30	194.23		2	2	2		2	1		1.00		0.73		1.500000e+00
2	1	31	200.01		3	4	4		3	0		1.00		0.94		5.000000e-01
2	1	32	204.79		1	2	2		2	1		1.00		2.38		5.500000e+00
2	1	33	214.58		2	2	2		2	1		1.00		0.81		1.500000e+00
2	1	34	220.36		3	3	3		3	1		1.00		0.79		4.500000e+00
2	1	35	229.15		3	4	4		3	0		1.00		0.75		5.000000e-01
2	1	36	233.93		4	4	4		4	1		1.00		0.98		1.500000e+00
2	1	37	239.71		2	2	2		2	1		1.00		0.87		3.500000e+00
2	1	38	247.50		2	2	2		2	1		1.00		0.66		2.500000e+00
2	1	39	254.28		2	2	2		2	1		1.00		0.66		3.500000e+00
2	1	40	262.07		1	1	1		1	1		1.00		2.30		5.000000e-01
2	1	41	266.85		2	1	1		2	0		1.00		1.79		5.000000e-01
2	1	42	271.63		1	1	1		1	1		1.00		2.35		1.500000e+00
2	1	43	277.42		2	2	2		2	1		1.00		0.62		2.500000e+00
2	1	44	284.20		3	4	4		3	0		1.00		0.69		1.500000e+00
2	1	45	289.98		4	3	3		4	0		1.00		0.68		5.000000e-01
2	1	46	294.77		1	1	1		1	1		1.00		2.36		1.500000e+00
2	1	47	300.53		3	4	4		3	0		1.00		0.83		5.000000e-01
2	1	48	305.32		3	3	3		3	1		1.00		2.20		1.500000e+00
2	1	49	311.10		3	3	3		3	1		1.00		0.82		5.000000e-01
2	1	50	315.89		2	2	2		2	1		1.00		1.48		1.500000e+00
2	1	51	321.67		2	1	1		2	0		1.00		0.68		5.000000e-01
2	1	52	326.45		4	3	3		3	1		1.00		2.49		1.500000e+00
2	1	53	332.24		4	3	3		3	1		1.00		2.28		5.000000e-01
2	1	54	337.02		4	4	4		4	1		1.00		2.39		5.000000e-01
2	1	55	341.80		1	2	2		2	1		1.00		2.47		5.000000e-01
2	1	56	346.59		3	4	4		4	1		1.00		2.30		5.000000e-01
2	1	57	351.37		4	3	3		3	1		1.00		2.32		8
2	1	58	363.64		4	4	4		4	1		1.00		2.43		5.500000e+00
2	1	59	373.41		3	3	3		3	1		1.00		2.34		5.000000e-01
2	1	60	378.19		3	4	4		4	1		1.00		2.72		5.000000e-01
2	1	61	382.97		1	2	2		2	1		1.00		2.34		5.000000e-01
2	1	62	387.76		2	1	1		2	0		1.00		0.71		1.500000e+00
2	1	63	393.54		1	2	2		2	1		1.00		2.37		5.000000e-01
2	1	64	398.32		3	4	4		4	1		1.00		3.04		5.000000e-01
2	1	65	403.11		4	4	4		4	1		1.00		2.45		5.000000e-01
2	1	66	407.89		2	2	2		2	1		1.00		2.56		5.000000e-01
2	1	67	412.68		1	1	1		1	1		1.00		2.44		1.500000e+00
2	1	68	418.46		1	1	1		1	1		1.00		2.31		5.000000e-01
2	1	69	423.24		4	3	3		4	0		1.00		2.63		5.000000e-01
2	1	70	428.03		1	1	1		1	1		1.00		2.22		2.500000e+00
2	1	71	434.81		2	1	1		2	0		1.00		0.72		3.500000e+00
2	1	72	442.59		4	3	3		3	1		1.00		2.37		3.500000e+00
2	1	73	450.38		3	4	4		4	1		1.00		2.54		1.500000e+00
2	1	74	456.16		4	3	3		3	1		1.00		2.43		2.500000e+00
2	1	75	462.95		1	2	2		1	0		1.00		2.48		5.000000e-01
2	1	76	467.73		1	1	1		1	1		1.00		2.41		2.500000e+00
2	1	77	474.50		4	3	3		3	1		1.00		2.44		2.500000e+00
2	1	78	481.28		4	4	4		4	1		1.00		2.44		5.000000e-01
2	1	79	486.06		2	2	2		2	1		1.00		2.22		5.000000e-01
2	1	80	490.85		1	2	2		2	1		1.00		2.35		3.500000e+00
2	1	81	498.63		3	4	4		4	1		1.00		2.46		5.000000e-01
2	1	82	503.41		1	1	1		1	1		1.00		2.41		3.500000e+00
2	1	83	511.20		3	4	4		4	1		1.00		2.44		5.000000e-01
2	1	84	515.98		2	2	2		2	1		1.00		2.45		5.000000e-01
2	1	85	520.77		3	3	3		3	1		1.00		2.28		5.000000e-01
2	1	86	525.55		2	2	2		2	1		1.00		2.45		5.500000e+00
2	1	87	535.32		2	1	1		1	1		1.00		2.38		1.500000e+00
2	1	88	541.10		2	1	1		1	1		1.00		2.33		1.500000e+00
2	1	89	546.88		3	3	3		3	1		1.00		0.96		8
2	1	90	559.15		2	1	1		1	1		1.00		1.79		5.000000e-01
2	1	91	563.94		1	1	1		2	0		1.00		0.98		5.000000e-01
2	1	92	568.72		2	1	1		1	1		1.00		2.30		5.000000e-01
2	1	93	573.50		1	1	1		1	1		1.00		2.16		1.500000e+00
2	1	94	579.29		3	4	4		3	0		1.00		0.83		5.000000e-01
2	1	95	584.07		2	1	1		1	1		1.00		2.37		5.000000e-01
2	1	96	588.85		4	3	3		3	1		1.00		2.42		5.000000e-01
2	1	97	593.64		1	2	2		1	0		1.00		0.86		5.000000e-01
2	1	98	598.42		4	4	4		4	1		1.00		2.33		5.000000e-01
2	1	99	603.20		4	3	3		3	1		1.00		2.38		4.500000e+00
2	1	100	611.99		2	2	2		1	0		1.00		2.51		1.500000e+00
2	2	101	0.51		3	4	4		3	0		6.00		1.40		8
2	2	102	18.78		3	4	4		4	1		8.00		1.46		1.500000e+00
2	2	103	32.55		3	4	4		4	1		8.00		1.05		5.000000e-01
2	2	104	45.32		2	2	2		1	0		4.00		1.38		2.500000e+00
2	2	105	56.08		2	2	2		2	1		6.00		7.88		5.000000e-01
2	2	106	66.85		4	4	4		3	0		6.00		7.83		5.000000e-01
2	2	107	77.62		4	3	3		4	0		6.00		1.29		5.000000e-01
2	2	108	88.39		2	2	2		2	1		4.00		6.08		1.500000e+00
2	2	109	98.17		4	4	4		4	1		6.00		7.97		3.500000e+00
2	2	110	111.94		1	1	1		1	1		4.00		5.77		2.500000e+00
2	2	111	122.71		4	3	3		3	1		8.00		9.87		1.500000e+00
2	2	112	136.47		1	1	1		1	1		4.00		5.30		5.000000e-01
2	2	113	145.24		4	3	3		3	1		4.00		5.37		1.500000e+00
2	2	114	155.02		4	3	3		3	1		8.00		0.83		8
2	2	115	175.29		1	2	2		1	0		6.00		0.92		3.500000e+00
2	2	116	189.06		3	4	4		4	1		6.00		8.07		5.000000e-01
2	2	117	199.83		4	3	3		3	1		4.00		1.45		7.500000e+00
2	2	118	215.59		4	4	4		3	0		8.00		1.30		3.500000e+00
2	2	119	231.36		3	3	3		3	1		6.00		7.93		5.500000e+00
2	2	120	247.13		3	4	4		3	0		8.00		0.67		3.500000e+00
2	2	121	262.90		4	4	4		3	0		6.00		1.19		5.000000e-01
2	2	122	273.67		3	3	3		3	1		6.00		7.57		6.500000e+00
2	2	123	290.43		3	3	3		3	1		4.00		0.72		1.500000e+00
2	2	124	300.22		4	4	4		3	0		4.00		0.84		8
2	2	125	316.49		3	3	3		3	1		4.00		5.60		6.500000e+00
2	2	126	331.25		2	1	1		1	1		8.00		2.20		6.500000e+00
2	2	127	350.02		2	1	1		1	1		6.00		0.68		5.500000e+00
2	2	128	365.79		1	1	1		2	0		8.00		10.67		1.500000e+00
2	2	129	379.56		2	1	1		1	1		8.00		0.68		5.000000e-01
2	2	130	392.32		2	2	2		1	0		8.00		0.92		8
2	2	131	412.59		1	1	1		2	0		6.00		7.61		8
2	2	132	430.86		3	4	4		3	0		4.00		1.81		5.000000e-01
2	2	133	439.63		3	4	4		4	1		6.00		1.83		1.500000e+00
2	2	134	451.39		2	1	1		1	1		4.00		0.84		8
2	2	135	467.66		4	3	3		3	1		6.00		7.65		1.500000e+00
2	2	136	479.43		4	3	3		3	1		6.00		0.89		8
2	2	137	497.70		4	4	4		3	0		6.00		0.68		5.000000e-01
2	2	138	508.46		1	2	2		2	1		4.00		5.63		1.500000e+00
2	2	139	518.25		4	4	4		3	0		8.00		9.85		1.500000e+00
2	2	140	532.02		3	3	3		3	1		8.00		2.31		1.500000e+00
2	2	141	545.80		2	1	1		1	1		4.00		0.94		3.500000e+00
2	2	142	557.57		2	2	2		1	0		6.00		0.81		3.500000e+00
2	2	143	571.34		1	2	2		2	1		6.00		8.23		1.500000e+00
2	2	144	583.10		2	2	2		1	0		4.00		0.85		5.000000e-01
2	2	145	591.89		3	4	4		4	1		8.00		10.07		8
2	2	146	612.16		3	3	3		3	1		4.00		2.39		6.500000e+00
2	2	147	626.92		3	3	3		3	1		6.00		0.65		7.500000e+00
2	2	148	644.69		2	2	2		1	0		8.00		0.86		2.500000e+00
2	2	149	659.46		1	2	2		2	1		8.00		9.77		1.500000e+00
2	2	150	673.23		3	4	4		3	0		4.00		0.88		1.500000e+00
2	2	151	683.01		4	4	4		4	1		4.00		5.57		5.000000e-01
2	2	152	691.79		4	4	4		4	1		8.00		0.59		3.500000e+00
2	2	153	707.56		3	3	3		3	1		8.00		0.85		5.000000e-01
2	2	154	720.33		1	1	1		1	1		4.00		5.90		5.000000e-01
2	2	155	729.11		1	2	2		1	0		6.00		3.10		3.500000e+00
2	2	156	742.88		3	3	3		3	1		8.00		0.90		8
2	2	157	763.15		1	1	1		2	0		4.00		6.11		5.000000e-01
2	2	158	771.93		2	2	2		1	0		6.00		0.84		5.000000e-01
2	2	159	782.70		2	2	2		1	0		4.00		0.65		1.500000e+00
2	2	160	792.48		1	2	2		1	0		8.00		1.10		2.500000e+00
2	2	161	807.25		1	1	1		2	0		8.00		0.98		5.000000e-01
2	2	162	820.02		4	3	3		3	1		4.00		6.17		4.500000e+00
2	2	163	832.79		1	2	2		1	0		4.00		7.53		5.000000e-01
2	2	164	841.57		1	1	1		2	0		8.00		1.69		1.500000e+00
2	2	165	855.34		2	1	1		1	1		4.00		5.78		4.500000e+00
2	2	166	868.11		1	2	2		1	0		4.00		0.93		3.500000e+00
2	2	167	879.87		4	3	3		4	0		4.00		5.98		3.500000e+00
2	2	168	891.64		2	1	1		1	1		8.00		10.17		5.000000e-01
2	2	169	904.41		1	1	1		1	1		6.00		4.13		3.500000e+00
2	2	170	918.18		4	4	4		4	1		8.00		9.97		2.500000e+00
2	2	171	932.94		4	3	3		4	0		8.00		1.61		1.500000e+00
2	2	172	946.71		3	4	4		4	1		4.00		5.64		4.500000e+00
2	2	173	959.48		1	1	1		1	1		6.00		8.58		4.500000e+00
2	2	174	974.25		1	1	1		1	1		6.00		8.04		6.500000e+00
2	2	175	991.01		2	2	2		2	1		6.00		8.07		5.000000e-01
2	2	176	1001.78		2	2	2		2	1		8.00		0.63		1.500000e+00
2	2	177	1015.55		3	3	3		3	1		6.00		7.68		4.500000e+00
2	2	178	1030.32		2	2	2		1	0		8.00		10.33		5.000000e-01
2	2	179	1043.08		2	1	1		1	1		6.00		0.59		5.500000e+00
2	2	180	1058.85		1	1	1		1	1		8.00		9.73		4.500000e+00
