*********************************************
* Combray
* Date/Time: 18-Sep-2015 13:14:15
* Seed: 208268.7126
* Subject Number: 07
* Subject Name: AW
*********************************************

Block	Phase	Trial	RunningTime	Cue	Image	CorrResp	Resp	Accuracy	ISI	RT_from_CueOnset	ITI
1	1	1	0.52		4	4	4		4	1		1.00		2.98		4.500000e+00
1	1	2	9.30		2	1	1		1	1		1.00		3.05		5.000000e-01
1	1	3	14.08		4	4	4		4	1		1.00		2.19		5.000000e-01
1	1	4	18.87		3	4	4		3	0		1.00		2.22		5.000000e-01
1	1	5	23.65		4	3	3		3	1		1.00		2.42		5.500000e+00
1	1	6	33.43		1	2	2		2	1		1.00		2.35		1.500000e+00
1	1	7	39.22		4	3	3		3	1		1.00		2.20		1.500000e+00
1	1	8	45.00		2	1	1		1	1		1.00		2.14		5.000000e-01
1	1	9	49.79		3	3	3		3	1		1.00		2.15		2.500000e+00
1	1	10	56.57		1	2	2		2	1		1.00		0.97		4.500000e+00
1	1	11	65.35		3	3	3		3	1		1.00		1.08		5.000000e-01
1	1	12	70.14		3	4	4		3	0		1.00		0.50		1.500000e+00
1	1	13	75.92		3	3	3		3	1		1.00		2.13		5.000000e-01
1	1	14	80.70		2	2	2		1	0		1.00		0.83		1.500000e+00
1	1	15	86.47		3	3	3		3	1		1.00		2.12		1.500000e+00
1	1	16	92.26		2	1	1		1	1		1.00		1.03		1.500000e+00
1	1	17	98.04		3	4	4		3	0		1.00		0.85		8
1	1	18	110.31		3	3	3		3	1		1.00		2.08		5.500000e+00
1	1	19	120.09		3	3	3		3	1		1.00		1.52		2.500000e+00
1	1	20	126.87		1	2	2		2	1		1.00		0.71		5.000000e-01
1	1	21	131.66		1	2	2		2	1		1.00		0.78		1.500000e+00
1	1	22	137.44		4	4	4		4	1		1.00		2.09		5.000000e-01
1	1	23	142.23		2	2	2		1	0		1.00		0.75		5.000000e-01
1	1	24	147.01		1	1	1		2	0		1.00		1.32		5.000000e-01
1	1	25	151.79		1	2	2		2	1		1.00		2.17		5.000000e-01
1	1	26	156.58		4	4	4		4	1		1.00		1.47		1.500000e+00
1	1	27	162.36		3	3	3		3	1		1.00		1.95		5.000000e-01
1	1	28	167.14		4	4	4		4	1		1.00		2.28		4.500000e+00
1	1	29	175.93		4	4	4		4	1		1.00		1.55		3.500000e+00
1	1	30	183.71		4	3	3		4	0		1.00		1.01		2.500000e+00
1	1	31	190.50		2	2	2		2	1		1.00		2.42		5.500000e+00
1	1	32	200.28		3	4	4		3	0		1.00		2.20		5.000000e-01
1	1	33	205.05		3	3	3		3	1		1.00		2.22		2.500000e+00
1	1	34	211.83		1	2	2		2	1		1.00		2.12		5.000000e-01
1	1	35	216.60		3	3	3		3	1		1.00		1.85		5.000000e-01
1	1	36	221.38		3	3	3		3	1		1.00		2.13		3.500000e+00
1	1	37	229.16		3	3	3		3	1		1.00		1.27		1.500000e+00
1	1	38	234.95		1	2	2		2	1		1.00		2.09		5.000000e-01
1	1	39	239.73		2	2	2		2	1		1.00		2.33		2.500000e+00
1	1	40	246.52		2	1	1		1	1		1.00		2.27		5.000000e-01
1	1	41	251.30		1	2	2		2	1		1.00		2.24		1.500000e+00
1	1	42	257.08		4	4	4		3	0		1.00		2.23		5.000000e-01
1	1	43	261.87		1	1	1		2	0		1.00		1.36		3.500000e+00
1	1	44	269.65		3	3	3		3	1		1.00		1.96		4.500000e+00
1	1	45	278.43		1	1	1		2	0		1.00		2.10		5.000000e-01
1	1	46	283.22		2	2	2		2	1		1.00		2.28		5.000000e-01
1	1	47	288.00		4	4	4		4	1		1.00		2.11		3.500000e+00
1	1	48	295.79		2	2	2		1	0		1.00		1.05		5.000000e-01
1	1	49	300.57		2	1	1		2	0		1.00		0.94		1.500000e+00
1	1	50	306.35		2	1	1		2	0		1.00		2.31		5.000000e-01
1	1	51	311.14		3	4	4		4	1		1.00		2.44		1.500000e+00
1	1	52	316.92		4	3	3		3	1		1.00		2.36		1.500000e+00
1	1	53	322.70		2	1	1		1	1		1.00		2.13		5.500000e+00
1	1	54	332.49		4	4	4		4	1		1.00		2.23		1.500000e+00
1	1	55	338.27		2	2	2		1	0		1.00		2.08		5.500000e+00
1	1	56	348.06		1	1	1		1	1		1.00		2.27		5.000000e-01
1	1	57	352.84		1	2	2		1	0		1.00		2.05		5.500000e+00
1	1	58	362.62		1	1	1		1	1		1.00		2.30		5.000000e-01
1	1	59	367.41		2	2	2		2	1		1.00		2.23		3.500000e+00
1	1	60	375.19		4	4	4		1	0		1.00		0.90		2.500000e+00
1	1	61	381.97		3	4	4		3	0		1.00		0.88		5.000000e-01
1	1	62	386.76		2	1	1		1	1		1.00		2.29		4.500000e+00
1	1	63	395.54		4	4	4		4	1		1.00		2.42		5.000000e-01
1	1	64	400.33		4	4	4		4	1		1.00		2.22		2.500000e+00
1	1	65	407.11		4	4	4		4	1		1.00		2.38		5.000000e-01
1	1	66	411.89		1	1	1		1	1		1.00		2.40		1.500000e+00
1	1	67	417.68		1	2	2		2	1		1.00		2.31		3.500000e+00
1	1	68	425.46		4	3	3		4	0		1.00		2.16		5.000000e-01
1	1	69	430.24		2	2	2		2	1		1.00		2.11		5.000000e-01
1	1	70	435.03		1	1	1		1	1		1.00		2.12		5.000000e-01
1	1	71	439.80		3	4	4		4	1		1.00		2.43		3.500000e+00
1	1	72	447.58		2	1	1		2	0		1.00		1.48		2.500000e+00
1	1	73	454.36		2	2	2		2	1		1.00		2.21		1.500000e+00
1	1	74	460.15		4	3	3		3	1		1.00		2.33		5.000000e-01
1	1	75	464.93		3	3	3		4	0		1.00		1.31		5.000000e-01
1	1	76	469.71		1	1	1		1	1		1.00		1.15		1.500000e+00
1	1	77	475.50		4	4	4		4	1		1.00		1.12		5.000000e-01
1	1	78	480.28		1	1	1		1	1		1.00		1.61		1.500000e+00
1	1	79	486.07		1	1	1		2	0		1.00		1.11		1.500000e+00
1	1	80	491.83		3	3	3		3	1		1.00		2.51		5.000000e-01
1	1	81	496.62		2	2	2		2	1		1.00		2.19		5.000000e-01
1	1	82	501.40		3	3	3		3	1		1.00		2.15		1.500000e+00
1	1	83	507.18		1	1	1		1	1		1.00		2.23		5.000000e-01
1	1	84	511.97		1	2	2		1	0		1.00		2.08		5.000000e-01
1	1	85	516.75		3	3	3		3	1		1.00		2.62		5.000000e-01
1	1	86	521.53		2	1	1		1	1		1.00		2.33		5.000000e-01
1	1	87	526.32		2	1	1		1	1		1.00		2.24		3.500000e+00
1	1	88	534.10		1	2	2		2	1		1.00		2.10		5.000000e-01
1	1	89	538.89		4	3	3		3	1		1.00		2.29		5.000000e-01
1	1	90	543.67		2	1	1		1	1		1.00		2.22		1.500000e+00
1	1	91	549.45		2	2	2		1	0		1.00		1.42		1.500000e+00
1	1	92	555.24		3	3	3		3	1		1.00		2.32		2.500000e+00
1	1	93	562.02		3	3	3		3	1		1.00		2.21		2.500000e+00
1	1	94	568.80		1	1	1		1	1		1.00		2.32		5.000000e-01
1	1	95	573.59		4	4	4		4	1		1.00		2.44		3.500000e+00
1	1	96	581.37		4	3	3		3	1		1.00		2.15		8
1	1	97	593.64		4	4	4		4	1		1.00		1.40		5.000000e-01
1	1	98	598.42		4	4	4		3	0		1.00		0.49		5.000000e-01
1	1	99	603.21		2	1	1		1	1		1.00		2.36		5.500000e+00
1	1	100	612.99		1	1	1		1	1		1.00		2.36		5.000000e-01
1	2	101	0.51		2	2	2		2	1		4.00		5.97		5.000000e-01
1	2	102	9.30		3	3	3		3	1		4.00		5.87		5.000000e-01
1	2	103	18.08		1	1	1		1	1		6.00		1.25		8
1	2	104	36.35		1	1	1		1	1		4.00		2.02		5.000000e-01
1	2	105	45.13		1	2	2		1	0		4.00		2.03		5.000000e-01
1	2	106	53.92		2	1	1		2	0		6.00		2.71		4.500000e+00
1	2	107	68.69		4	4	4		4	1		4.00		1.90		3.500000e+00
1	2	108	80.45		1	2	2		2	1		8.00		9.78		1.500000e+00
1	2	109	94.22		3	3	3		3	1		6.00		3.60		3.500000e+00
1	2	110	107.99		3	3	3		3	1		6.00		2.69		5.500000e+00
1	2	111	123.76		1	1	1		1	1		6.00		2.88		1.500000e+00
1	2	112	135.52		3	4	4		3	0		4.00		1.10		2.500000e+00
1	2	113	146.29		2	1	1		2	0		8.00		2.40		1.500000e+00
1	2	114	160.06		2	1	1		1	1		8.00		10.58		5.500000e+00
1	2	115	177.83		4	4	4		4	1		8.00		10.33		8
1	2	116	198.09		2	2	2		2	1		4.00		2.64		1.500000e+00
1	2	117	207.86		1	2	2		2	1		4.00		6.05		5.000000e-01
1	2	118	216.65		2	2	2		1	0		6.00		1.57		8
1	2	119	234.91		2	1	1		2	0		4.00		1.74		5.000000e-01
1	2	120	243.70		2	1	1		1	1		6.00		3.05		5.000000e-01
1	2	121	254.46		2	2	2		1	0		8.00		0.92		1.500000e+00
1	2	122	268.23		1	1	1		1	1		8.00		11.34		3.500000e+00
1	2	123	284.00		4	3	3		3	1		8.00		9.63		5.000000e-01
1	2	124	296.77		3	3	3		3	1		8.00		1.79		5.000000e-01
1	2	125	309.54		2	1	1		1	1		4.00		1.74		6.500000e+00
1	2	126	324.30		3	3	3		4	0		4.00		1.46		5.500000e+00
1	2	127	338.07		3	4	4		3	0		8.00		1.82		1.500000e+00
1	2	128	351.84		1	2	2		2	1		8.00		9.57		5.000000e-01
1	2	129	364.61		2	2	2		1	0		4.00		2.44		1.500000e+00
1	2	130	374.39		2	1	1		2	0		8.00		2.02		2.500000e+00
1	2	131	389.16		4	4	4		4	1		6.00		2.38		2.500000e+00
1	2	132	401.92		1	1	1		2	0		4.00		2.78		6.500000e+00
1	2	133	416.69		4	3	3		4	0		4.00		1.67		3.500000e+00
1	2	134	428.46		3	4	4		3	0		6.00		8.03		1.500000e+00
1	2	135	440.23		4	4	4		4	1		4.00		5.43		5.000000e-01
1	2	136	449.01		3	4	4		3	0		6.00		7.80		1.500000e+00
1	2	137	460.78		4	3	3		3	1		6.00		7.71		4.500000e+00
1	2	138	475.55		1	2	2		2	1		4.00		5.63		6.500000e+00
1	2	139	490.31		3	3	3		3	1		8.00		9.87		1.500000e+00
1	2	140	504.08		3	3	3		4	0		6.00		3.75		5.000000e-01
1	2	141	514.85		2	2	2		1	0		6.00		7.33		5.000000e-01
1	2	142	525.62		4	4	4		4	1		8.00		9.65		1.500000e+00
1	2	143	539.38		1	2	2		1	0		6.00		2.39		1.500000e+00
1	2	144	551.15		4	4	4		4	1		6.00		7.77		1.500000e+00
1	2	145	562.94		2	2	2		2	1		8.00		9.51		1.500000e+00
1	2	146	576.70		4	4	4		4	1		6.00		7.97		5.000000e-01
1	2	147	587.47		1	1	1		1	1		8.00		9.72		5.000000e-01
1	2	148	600.24		1	1	1		1	1		8.00		7.75		3.500000e+00
1	2	149	616.01		3	3	3		3	1		6.00		6.48		8
1	2	150	634.27		3	3	3		3	1		8.00		3.35		3.500000e+00
1	2	151	650.04		4	4	4		4	1		8.00		3.16		2.500000e+00
1	2	152	664.81		3	3	3		3	1		4.00		4.35		5.000000e-01
1	2	153	673.59		1	2	2		1	0		8.00		2.88		7.500000e+00
1	2	154	693.36		2	2	2		1	0		8.00		2.43		1.500000e+00
1	2	155	707.13		1	2	2		1	0		6.00		3.85		1.500000e+00
1	2	156	718.90		2	2	2		1	0		4.00		1.00		4.500000e+00
1	2	157	731.66		4	4	4		4	1		4.00		1.86		3.500000e+00
1	2	158	743.43		3	3	3		3	1		8.00		0.88		4.500000e+00
1	2	159	760.20		2	2	2		1	0		6.00		1.06		4.500000e+00
1	2	160	774.97		2	1	1		1	1		8.00		0.69		8
1	2	161	795.23		4	4	4		4	1		8.00		1.11		6.500000e+00
1	2	162	814.00		4	4	4		4	1		8.00		0.78		8
1	2	163	834.27		1	2	2		2	1		6.00		0.63		5.000000e-01
1	2	164	845.04		4	3	3		4	0		4.00		0.69		1.500000e+00
1	2	165	854.82		4	3	3		4	0		4.00		1.57		5.000000e-01
1	2	166	863.61		1	1	1		1	1		4.00		1.27		7.500000e+00
1	2	167	879.37		3	3	3		4	0		8.00		1.21		5.000000e-01
1	2	168	892.14		1	1	1		2	0		4.00		2.05		3.500000e+00
1	2	169	903.91		4	3	3		3	1		6.00		2.07		5.000000e-01
1	2	170	914.68		3	3	3		4	0		6.00		1.32		3.500000e+00
1	2	171	928.44		4	4	4		3	0		4.00		2.68		6.500000e+00
1	2	172	943.21		3	3	3		3	1		4.00		1.81		8
1	2	173	959.48		2	1	1		2	0		6.00		0.53		5.000000e-01
1	2	174	970.25		2	1	1		1	1		4.00		2.49		2.500000e+00
1	2	175	981.01		3	4	4		3	0		8.00		1.88		8
1	2	176	1001.28		4	3	3		3	1		8.00		1.64		8
1	2	177	1021.55		3	4	4		4	1		4.00		1.71		3.500000e+00
1	2	178	1033.32		4	4	4		3	0		6.00		0.96		1.500000e+00
1	2	179	1045.09		1	2	2		1	0		6.00		1.35		3.500000e+00
1	2	180	1058.85		1	1	1		2	0		6.00		0.56		4.500000e+00
Block	Phase	Trial	RunningTime	Cue	Image	CorrResp	Resp	Accuracy	ISI	RT_from_CueOnset	ITI
2	1	1	0.51		3	4	4		4	1		1.00		2.67		8
2	1	2	12.77		2	1	1		1	1		1.00		2.35		5.000000e-01
2	1	3	17.56		1	1	1		1	1		1.00		2.46		5.000000e-01
2	1	4	22.34		1	2	2		2	1		1.00		2.35		5.500000e+00
2	1	5	32.13		2	2	2		2	1		1.00		2.27		5.000000e-01
2	1	6	36.91		1	2	2		2	1		1.00		2.34		1.500000e+00
2	1	7	42.69		1	1	1		1	1		1.00		2.27		1.500000e+00
2	1	8	48.48		2	2	2		2	1		1.00		2.39		1.500000e+00
2	1	9	54.26		4	3	3		3	1		1.00		2.44		5.500000e+00
2	1	10	64.04		1	1	1		2	0		1.00		1.59		5.000000e-01
2	1	11	68.81		3	4	4		4	1		1.00		2.51		5.000000e-01
2	1	12	73.60		1	2	2		2	1		1.00		2.34		1.500000e+00
2	1	13	79.38		4	4	4		4	1		1.00		2.37		5.000000e-01
2	1	14	84.16		3	3	3		3	1		1.00		2.33		1.500000e+00
2	1	15	89.95		2	2	2		2	1		1.00		2.35		1.500000e+00
2	1	16	95.73		3	3	3		3	1		1.00		2.32		2.500000e+00
2	1	17	102.51		4	4	4		4	1		1.00		1.10		1.500000e+00
2	1	18	108.30		3	3	3		3	1		1.00		0.83		5.000000e-01
2	1	19	113.08		3	3	3		3	1		1.00		0.47		5.000000e-01
2	1	20	117.86		1	1	1		1	1		1.00		1.12		5.000000e-01
2	1	21	122.65		2	1	1		1	1		1.00		1.86		3.500000e+00
2	1	22	130.43		3	3	3		3	1		1.00		1.11		1.500000e+00
2	1	23	136.22		2	1	1		2	0		1.00		1.42		5.000000e-01
2	1	24	141.00		4	4	4		4	1		1.00		0.94		5.000000e-01
2	1	25	145.78		1	1	1		1	1		1.00		2.23		5.000000e-01
2	1	26	150.57		4	4	4		4	1		1.00		0.99		5.000000e-01
2	1	27	155.35		2	2	2		2	1		1.00		2.17		2.500000e+00
2	1	28	162.13		4	3	3		4	0		1.00		1.04		8
2	1	29	174.40		2	1	1		1	1		1.00		1.34		1.500000e+00
2	1	30	180.19		3	3	3		4	0		1.00		1.20		2.500000e+00
2	1	31	186.97		3	3	3		4	0		1.00		1.21		5.000000e-01
2	1	32	191.75		4	4	4		3	0		1.00		1.27		5.000000e-01
2	1	33	196.54		1	1	1		2	0		1.00		1.26		5.000000e-01
2	1	34	201.32		3	3	3		3	1		1.00		1.48		5.000000e-01
2	1	35	206.10		3	4	4		3	0		1.00		0.62		1.500000e+00
2	1	36	211.89		4	4	4		3	0		1.00		0.97		1.500000e+00
2	1	37	217.67		2	2	2		2	1		1.00		2.24		2.500000e+00
2	1	38	224.46		1	2	2		1	0		1.00		1.27		5.000000e-01
2	1	39	229.24		4	4	4		3	0		1.00		2.12		3.500000e+00
2	1	40	237.02		2	1	1		1	1		1.00		1.34		4.500000e+00
2	1	41	245.81		2	1	1		1	1		1.00		0.58		5.000000e-01
2	1	42	250.59		4	4	4		3	0		1.00		1.56		4.500000e+00
2	1	43	259.37		2	2	2		2	1		1.00		0.67		5.000000e-01
2	1	44	264.16		4	4	4		4	1		1.00		2.40		5.000000e-01
2	1	45	268.94		1	1	1		1	1		1.00		2.09		5.000000e-01
2	1	46	273.73		3	3	3		3	1		1.00		2.23		2.500000e+00
2	1	47	280.51		4	4	4		3	0		1.00		1.53		5.000000e-01
2	1	48	285.29		2	1	1		1	1		1.00		0.94		5.500000e+00
2	1	49	295.08		2	2	2		2	1		1.00		1.12		5.000000e-01
2	1	50	299.86		4	4	4		4	1		1.00		2.31		3.500000e+00
2	1	51	307.64		3	3	3		3	1		1.00		2.26		5.000000e-01
2	1	52	312.43		3	3	3		3	1		1.00		2.23		1.500000e+00
2	1	53	318.21		4	3	3		3	1		1.00		2.31		2.500000e+00
2	1	54	325.00		1	2	2		2	1		1.00		1.23		3.500000e+00
2	1	55	332.78		3	3	3		3	1		1.00		2.20		4.500000e+00
2	1	56	341.56		1	2	2		1	0		1.00		0.51		5.000000e-01
2	1	57	346.35		1	1	1		2	0		1.00		0.68		1.500000e+00
2	1	58	352.13		1	2	2		1	0		1.00		0.45		5.000000e-01
2	1	59	356.91		4	4	4		NaN	NaN		1.00		NaN		5.000000e-01
2	1	60	361.70		2	2	2		1	0		1.00		1.40		5.500000e+00
2	1	61	371.48		1	1	1		1	1		1.00		0.63		5.000000e-01
2	1	62	376.27		4	4	4		4	1		1.00		2.33		5.000000e-01
2	1	63	381.05		3	3	3		3	1		1.00		2.19		5.500000e+00
2	1	64	390.83		3	3	3		4	0		1.00		1.62		5.000000e-01
2	1	65	395.62		4	4	4		4	1		1.00		2.14		4.500000e+00
2	1	66	404.40		2	1	1		2	0		1.00		0.55		1.500000e+00
2	1	67	410.18		2	1	1		2	0		1.00		1.14		1.500000e+00
2	1	68	415.97		3	3	3		3	1		1.00		1.70		2.500000e+00
2	1	69	422.75		1	1	1		2	0		1.00		1.71		1.500000e+00
2	1	70	428.54		2	2	2		1	0		1.00		1.16		3.500000e+00
2	1	71	436.32		4	4	4		4	1		1.00		2.36		5.000000e-01
2	1	72	441.10		4	4	4		3	0		1.00		2.14		5.000000e-01
2	1	73	445.89		2	2	2		2	1		1.00		2.16		5.500000e+00
2	1	74	455.65		3	3	3		3	1		1.00		1.24		1.500000e+00
2	1	75	461.44		4	3	3		3	1		1.00		0.62		1.500000e+00
2	1	76	467.22		1	1	1		1	1		1.00		1.09		3.500000e+00
2	1	77	475.01		2	1	1		1	1		1.00		0.69		5.000000e-01
2	1	78	479.79		4	4	4		4	1		1.00		0.64		3.500000e+00
2	1	79	487.57		1	2	2		2	1		1.00		0.46		5.000000e-01
2	1	80	492.36		1	1	1		2	0		1.00		0.49		5.000000e-01
2	1	81	497.14		1	1	1		1	1		1.00		1.27		1.500000e+00
2	1	82	502.92		3	3	3		3	1		1.00		1.16		5.000000e-01
2	1	83	507.71		4	3	3		3	1		1.00		1.04		1.500000e+00
2	1	84	513.49		3	4	4		4	1		1.00		0.51		5.000000e-01
2	1	85	518.28		2	2	2		2	1		1.00		0.52		5.500000e+00
2	1	86	528.06		2	2	2		2	1		1.00		0.84		5.000000e-01
2	1	87	532.84		1	1	1		1	1		1.00		0.60		5.000000e-01
2	1	88	537.63		2	2	2		1	0		1.00		0.59		1.500000e+00
2	1	89	543.41		2	2	2		2	1		1.00		0.46		5.000000e-01
2	1	90	548.19		4	4	4		3	0		1.00		0.86		5.000000e-01
2	1	91	552.98		3	3	3		3	1		1.00		0.56		5.000000e-01
2	1	92	557.76		4	4	4		4	1		1.00		0.79		2.500000e+00
2	1	93	564.55		3	4	4		4	1		1.00		0.72		3.500000e+00
2	1	94	572.33		3	3	3		3	1		1.00		0.46		2.500000e+00
2	1	95	579.11		3	3	3		3	1		1.00		0.55		3.500000e+00
2	1	96	586.90		2	2	2		1	0		1.00		0.47		5.000000e-01
2	1	97	591.68		1	2	2		1	0		1.00		0.49		4.500000e+00
2	1	98	600.46		1	2	2		1	0		1.00		0.52		1.500000e+00
2	1	99	606.25		4	4	4		4	1		1.00		1.62		2.500000e+00
2	1	100	613.03		1	1	1		1	1		1.00		0.52		5.000000e-01
2	2	101	0.51		2	2	2		1	0		6.00		7.60		8
2	2	102	18.78		1	2	2		2	1		6.00		0.59		1.500000e+00
2	2	103	30.55		3	4	4		3	0		6.00		1.86		1.500000e+00
2	2	104	42.31		1	1	1		1	1		8.00		0.65		3.500000e+00
2	2	105	58.08		4	4	4		4	1		6.00		0.69		2.500000e+00
2	2	106	70.85		4	3	3		1	0		4.00		0.49		1.500000e+00
2	2	107	80.63		3	4	4		3	0		4.00		0.74		3.500000e+00
2	2	108	92.40		2	1	1		1	1		8.00		0.81		8
2	2	109	112.67		1	2	2		2	1		8.00		0.78		7.500000e+00
2	2	110	132.44		2	2	2		2	1		6.00		0.90		5.000000e-01
2	2	111	143.20		3	3	3		4	0		8.00		0.68		3.500000e+00
2	2	112	158.97		1	2	2		1	0		4.00		0.68		6.500000e+00
2	2	113	173.74		2	2	2		1	0		4.00		0.59		5.000000e-01
2	2	114	182.52		3	3	3		4	0		4.00		1.64		5.000000e-01
2	2	115	191.31		1	1	1		1	1		6.00		1.46		4.500000e+00
2	2	116	206.07		3	3	3		3	1		8.00		0.55		4.500000e+00
2	2	117	222.84		3	3	3		3	1		6.00		1.48		1.500000e+00
2	2	118	234.61		3	3	3		4	0		4.00		1.01		5.500000e+00
2	2	119	248.38		2	1	1		1	1		6.00		0.95		4.500000e+00
2	2	120	263.14		4	3	3		4	0		4.00		1.54		3.500000e+00
2	2	121	274.91		4	4	4		3	0		8.00		0.66		1.500000e+00
2	2	122	288.68		2	2	2		1	0		6.00		0.93		4.500000e+00
2	2	123	303.45		1	1	1		2	0		4.00		0.57		5.000000e-01
2	2	124	312.23		1	1	1		1	1		4.00		0.51		7.500000e+00
2	2	125	328.00		2	2	2		1	0		8.00		0.68		1.500000e+00
2	2	126	341.77		1	1	1		1	1		6.00		8.08		1.500000e+00
2	2	127	353.53		4	4	4		3	0		8.00		9.60		2.500000e+00
2	2	128	368.30		2	1	1		1	1		4.00		5.37		6.500000e+00
2	2	129	383.07		1	2	2		2	1		6.00		1.10		5.000000e-01
2	2	130	393.84		2	1	1		2	0		8.00		0.62		2.500000e+00
2	2	131	408.60		3	3	3		3	1		6.00		2.15		5.000000e-01
2	2	132	419.37		4	4	4		3	0		8.00		1.68		6.500000e+00
2	2	133	438.14		3	3	3		3	1		4.00		2.25		5.000000e-01
2	2	134	446.92		2	1	1		1	1		4.00		1.26		2.500000e+00
2	2	135	457.69		3	3	3		4	0		6.00		0.67		8
2	2	136	475.96		3	3	3		3	1		8.00		2.18		1.500000e+00
2	2	137	489.73		3	3	3		3	1		4.00		1.38		8
2	2	138	505.99		3	3	3		3	1		4.00		0.81		2.500000e+00
2	2	139	516.76		4	4	4		4	1		6.00		0.62		5.000000e-01
2	2	140	527.53		3	3	3		3	1		8.00		1.40		5.000000e-01
2	2	141	540.30		4	4	4		4	1		6.00		0.92		1.500000e+00
2	2	142	552.06		2	2	2		2	1		8.00		1.01		1.500000e+00
2	2	143	565.83		1	2	2		1	0		4.00		0.55		5.000000e-01
2	2	144	574.62		3	3	3		3	1		6.00		1.27		3.500000e+00
2	2	145	588.38		4	4	4		4	1		4.00		0.96		5.000000e-01
2	2	146	597.17		4	4	4		4	1		8.00		0.71		8
2	2	147	617.44		1	1	1		1	1		6.00		0.79		1.500000e+00
2	2	148	629.20		1	1	1		1	1		4.00		0.48		6.500000e+00
2	2	149	643.97		1	2	2		2	1		6.00		0.48		3.500000e+00
2	2	150	657.74		4	4	4		4	1		8.00		0.90		8
2	2	151	678.01		1	2	2		2	1		4.00		0.95		5.000000e-01
2	2	152	686.79		1	1	1		1	1		8.00		0.55		3.500000e+00
2	2	153	702.56		4	4	4		4	1		4.00		0.90		6.500000e+00
2	2	154	717.33		2	2	2		1	0		8.00		1.02		1.500000e+00
2	2	155	731.09		4	4	4		4	1		4.00		0.64		3.500000e+00
2	2	156	742.86		1	1	1		2	0		8.00		0.66		1.500000e+00
2	2	157	756.63		2	1	1		2	0		4.00		0.69		5.000000e-01
2	2	158	765.41		1	1	1		2	0		4.00		0.55		3.500000e+00
2	2	159	777.18		3	4	4		3	0		8.00		0.92		8
2	2	160	797.45		1	1	1		1	1		8.00		0.63		5.000000e-01
2	2	161	810.21		2	1	1		2	0		8.00		0.86		5.500000e+00
2	2	162	827.98		3	3	3		3	1		6.00		1.67		5.500000e+00
2	2	163	843.75		2	1	1		2	0		6.00		0.40		5.000000e-01
2	2	164	854.53		3	3	3		3	1		8.00		0.82		5.000000e-01
2	2	165	867.30		4	4	4		4	1		6.00		0.62		1.500000e+00
2	2	166	879.07		2	2	2		1	0		6.00		0.92		5.000000e-01
2	2	167	889.84		4	4	4		4	1		6.00		1.20		5.000000e-01
2	2	168	900.60		4	3	3		4	0		6.00		0.81		4.500000e+00
2	2	169	915.37		1	1	1		2	0		6.00		0.45		8
2	2	170	933.64		4	3	3		4	0		8.00		0.87		5.000000e-01
2	2	171	946.41		3	4	4		4	1		8.00		10.17		1.500000e+00
2	2	172	960.17		4	4	4		4	1		8.00		1.11		8
2	2	173	980.44		1	2	2		2	1		8.00		0.62		5.000000e-01
2	2	174	993.21		2	2	2		1	0		4.00		1.51		4.500000e+00
2	2	175	1005.98		4	4	4		3	0		4.00		1.44		3.500000e+00
2	2	176	1017.75		2	2	2		1	0		4.00		0.69		1.500000e+00
2	2	177	1027.53		3	3	3		3	1		6.00		1.49		3.500000e+00
2	2	178	1041.30		2	2	2		2	1		4.00		1.68		1.500000e+00
2	2	179	1051.08		4	4	4		4	1		4.00		1.00		5.000000e-01
2	2	180	1059.86		2	2	2		2	1		8.00		0.57		1.500000e+00
