*********************************************
* Combray
* Date/Time: 26-Sep-2015 14:23:57
* Seed: 214336.2075
* Subject Number: 08
* Subject Name: AL
*********************************************

Block	Phase	Trial	RunningTime	Cue	Image	CorrResp	Resp	Accuracy	ISI	RT_from_CueOnset	ITI
1	1	1	0.51		4	4	4		4	1		1.00		2.50		5.000000e-01
1	1	2	5.29		1	2	2		2	1		1.00		2.42		5.000000e-01
1	1	3	10.08		1	1	1		1	1		1.00		2.43		5.000000e-01
1	1	4	14.86		3	3	3		3	1		1.00		2.37		1.500000e+00
1	1	5	20.64		4	3	3		3	1		1.00		2.39		5.000000e-01
1	1	6	25.43		2	1	1		2	0		1.00		2.28		5.000000e-01
1	1	7	30.21		1	1	1		1	1		1.00		2.58		3.500000e+00
1	1	8	38.00		2	2	2		2	1		1.00		2.41		1.500000e+00
1	1	9	43.78		4	4	4		4	1		1.00		2.44		4.500000e+00
1	1	10	52.56		2	2	2		2	1		1.00		2.58		1.500000e+00
1	1	11	58.35		1	1	1		1	1		1.00		2.37		5.000000e-01
1	1	12	63.13		2	2	2		2	1		1.00		2.17		3.500000e+00
1	1	13	70.91		4	3	3		3	1		1.00		2.40		3.500000e+00
1	1	14	78.70		4	4	4		3	0		1.00		2.11		5.000000e-01
1	1	15	83.48		3	3	3		3	1		1.00		2.46		5.000000e-01
1	1	16	88.27		1	1	1		1	1		1.00		2.25		5.000000e-01
1	1	17	93.05		4	4	4		3	0		1.00		2.11		3.500000e+00
1	1	18	100.83		3	3	3		3	1		1.00		2.37		5.000000e-01
1	1	19	105.62		4	4	4		4	1		1.00		2.29		1.500000e+00
1	1	20	111.40		2	2	2		2	1		1.00		2.12		1.500000e+00
1	1	21	117.18		3	4	4		4	1		1.00		2.54		8
1	1	22	129.45		3	3	3		3	1		1.00		2.50		5.000000e-01
1	1	23	134.24		2	2	2		2	1		1.00		2.17		2.500000e+00
1	1	24	141.02		3	3	3		3	1		1.00		2.41		5.000000e-01
1	1	25	145.80		4	3	3		3	1		1.00		2.41		5.500000e+00
1	1	26	155.59		3	4	4		4	1		1.00		2.42		5.000000e-01
1	1	27	160.37		3	3	3		3	1		1.00		2.17		5.000000e-01
1	1	28	165.15		3	3	3		3	1		1.00		2.37		2.500000e+00
1	1	29	171.94		4	3	3		3	1		1.00		2.30		5.000000e-01
1	1	30	176.72		2	2	2		2	1		1.00		2.15		2.500000e+00
1	1	31	183.51		2	2	2		2	1		1.00		1.97		1.500000e+00
1	1	32	189.29		1	2	2		1	0		1.00		2.00		5.000000e-01
1	1	33	194.07		4	4	4		4	1		1.00		2.50		1.500000e+00
1	1	34	199.86		3	4	4		4	1		1.00		2.26		1.500000e+00
1	1	35	205.64		1	1	1		1	1		1.00		2.06		5.000000e-01
1	1	36	210.42		2	1	1		2	0		1.00		2.11		1.500000e+00
1	1	37	216.21		1	1	1		1	1		1.00		2.61		5.000000e-01
1	1	38	220.99		1	1	1		1	1		1.00		2.24		5.000000e-01
1	1	39	225.78		2	2	2		2	1		1.00		2.19		2.500000e+00
1	1	40	232.56		1	1	1		1	1		1.00		2.28		5.000000e-01
1	1	41	237.34		3	4	4		4	1		1.00		2.49		5.000000e-01
1	1	42	242.13		1	1	1		1	1		1.00		2.09		2.500000e+00
1	1	43	248.89		3	4	4		4	1		1.00		2.46		3.500000e+00
1	1	44	256.68		3	4	4		4	1		1.00		2.33		2.500000e+00
1	1	45	263.46		4	4	4		4	1		1.00		2.21		2.500000e+00
1	1	46	270.25		3	4	4		4	1		1.00		2.09		2.500000e+00
1	1	47	277.03		2	2	2		2	1		1.00		1.99		1.500000e+00
1	1	48	282.81		4	4	4		4	1		1.00		2.08		4.500000e+00
1	1	49	291.60		4	3	3		3	1		1.00		2.37		5.500000e+00
1	1	50	301.38		1	2	2		1	0		1.00		1.99		5.000000e-01
1	1	51	306.16		4	4	4		4	1		1.00		2.31		5.000000e-01
1	1	52	310.95		1	1	1		1	1		1.00		2.29		1.500000e+00
1	1	53	316.73		2	2	2		2	1		1.00		2.07		8
1	1	54	329.00		4	3	3		3	1		1.00		2.26		1.500000e+00
1	1	55	334.78		2	2	2		2	1		1.00		2.04		5.000000e-01
1	1	56	339.57		3	4	4		4	1		1.00		2.22		1.500000e+00
1	1	57	345.35		3	4	4		4	1		1.00		2.14		5.000000e-01
1	1	58	350.13		3	3	3		4	0		1.00		2.27		5.000000e-01
1	1	59	354.92		1	1	1		1	1		1.00		2.13		5.000000e-01
1	1	60	359.70		4	3	3		4	0		1.00		1.81		5.000000e-01
1	1	61	364.48		2	2	2		2	1		1.00		1.50		5.000000e-01
1	1	62	369.27		2	2	2		2	1		1.00		1.55		5.000000e-01
1	1	63	374.05		2	1	1		2	0		1.00		1.53		5.500000e+00
1	1	64	383.82		4	3	3		3	1		1.00		1.97		5.000000e-01
1	1	65	388.60		4	4	4		3	0		1.00		2.10		3.500000e+00
1	1	66	396.39		1	1	1		1	1		1.00		2.08		5.000000e-01
1	1	67	401.17		4	3	3		3	1		1.00		2.11		4.500000e+00
1	1	68	409.95		2	2	2		2	1		1.00		2.01		1.500000e+00
1	1	69	415.74		2	2	2		2	1		1.00		1.10		5.000000e-01
1	1	70	420.52		3	3	3		4	0		1.00		1.53		5.500000e+00
1	1	71	430.29		3	4	4		4	1		1.00		2.28		5.000000e-01
1	1	72	435.07		1	2	2		1	0		1.00		2.07		5.000000e-01
1	1	73	439.86		1	1	1		1	1		1.00		2.19		1.500000e+00
1	1	74	445.64		2	2	2		2	1		1.00		2.06		1.500000e+00
1	1	75	451.42		4	3	3		3	1		1.00		2.12		1.500000e+00
1	1	76	457.21		1	1	1		1	1		1.00		2.11		5.000000e-01
1	1	77	461.99		1	1	1		1	1		1.00		2.25		3.500000e+00
1	1	78	469.78		2	1	1		2	0		1.00		1.93		5.000000e-01
1	1	79	474.56		4	3	3		3	1		1.00		2.77		1.500000e+00
1	1	80	480.34		1	1	1		1	1		1.00		1.35		5.000000e-01
1	1	81	485.13		3	4	4		4	1		1.00		1.30		1.500000e+00
1	1	82	490.91		4	3	3		3	1		1.00		1.63		5.500000e+00
1	1	83	500.69		4	4	4		3	0		1.00		1.04		1.500000e+00
1	1	84	506.48		3	3	3		3	1		1.00		2.24		4.500000e+00
1	1	85	515.25		1	1	1		1	1		1.00		0.70		3.500000e+00
1	1	86	523.03		1	1	1		1	1		1.00		0.49		5.000000e-01
1	1	87	527.80		2	2	2		2	1		1.00		0.98		5.000000e-01
1	1	88	532.58		4	3	3		3	1		1.00		1.23		2.500000e+00
1	1	89	539.36		2	2	2		3	0		1.00		1.40		5.000000e-01
1	1	90	544.15		1	2	2		1	0		1.00		1.41		1.500000e+00
1	1	91	549.93		2	1	1		2	0		1.00		1.98		1.500000e+00
1	1	92	555.71		3	3	3		3	1		1.00		2.26		5.000000e-01
1	1	93	560.50		1	1	1		1	1		1.00		2.12		5.000000e-01
1	1	94	565.28		2	2	2		2	1		1.00		2.02		5.500000e+00
1	1	95	575.07		3	3	3		3	1		1.00		2.37		2.500000e+00
1	1	96	581.85		2	2	2		2	1		1.00		2.23		3.500000e+00
1	1	97	589.62		3	3	3		3	1		1.00		2.33		5.500000e+00
1	1	98	599.40		1	1	1		1	1		1.00		2.06		5.000000e-01
1	1	99	604.18		4	4	4		4	1		1.00		2.46		5.000000e-01
1	1	100	608.97		3	4	4		4	1		1.00		2.39		4.500000e+00
1	2	101	0.52		4	3	3		3	1		6.00		7.76		8
1	2	102	18.78		3	3	3		4	0		6.00		8.20		8
1	2	103	37.05		1	2	2		1	0		8.00		9.67		6.500000e+00
1	2	104	55.82		1	1	1		1	1		4.00		5.93		5.000000e-01
1	2	105	64.60		1	1	1		1	1		8.00		9.73		2.500000e+00
1	2	106	79.37		3	4	4		4	1		8.00		10.63		3.500000e+00
1	2	107	95.14		3	4	4		3	0		6.00		9.48		5.000000e-01
1	2	108	105.91		3	4	4		3	0		4.00		6.77		2.500000e+00
1	2	109	116.69		3	3	3		4	0		8.00		10.45		5.000000e-01
1	2	110	129.46		4	4	4		3	0		6.00		8.91		6.500000e+00
1	2	111	146.23		1	2	2		2	1		6.00		8.43		5.000000e-01
1	2	112	156.99		1	1	1		1	1		6.00		8.00		3.500000e+00
1	2	113	170.76		3	3	3		3	1		8.00		10.94		5.500000e+00
1	2	114	188.53		4	4	4		3	0		8.00		10.93		1.500000e+00
1	2	115	202.30		2	1	1		1	1		8.00		9.83		1.500000e+00
1	2	116	216.06		2	2	2		2	1		6.00		7.60		1.500000e+00
1	2	117	227.83		2	2	2		2	1		8.00		9.74		4.500000e+00
1	2	118	244.60		1	1	1		1	1		6.00		7.41		1.500000e+00
1	2	119	256.37		3	4	4		4	1		8.00		11.14		4.500000e+00
1	2	120	273.13		1	2	2		2	1		6.00		8.38		1.500000e+00
1	2	121	284.90		2	2	2		2	1		8.00		10.40		1.500000e+00
1	2	122	298.67		1	1	1		1	1		6.00		8.60		8
1	2	123	316.94		4	4	4		4	1		8.00		11.04		1.500000e+00
1	2	124	330.71		4	4	4		3	0		6.00		8.64		1.500000e+00
1	2	125	342.47		2	2	2		2	1		4.00		5.71		5.000000e-01
1	2	126	351.26		2	2	2		2	1		4.00		5.60		3.500000e+00
1	2	127	363.02		4	3	3		3	1		6.00		8.50		5.000000e-01
1	2	128	373.79		3	3	3		3	1		4.00		5.67		5.000000e-01
1	2	129	382.58		1	2	2		2	1		4.00		6.00		1.500000e+00
1	2	130	392.36		2	2	2		2	1		8.00		11.17		5.000000e-01
1	2	131	405.13		2	2	2		2	1		6.00		7.77		8
1	2	132	423.39		4	3	3		4	0		6.00		8.91		2.500000e+00
1	2	133	436.16		2	2	2		2	1		4.00		5.60		1.500000e+00
1	2	134	445.93		4	3	3		3	1		4.00		5.87		8
1	2	135	462.20		4	3	3		3	1		8.00		9.73		1.500000e+00
1	2	136	475.96		4	4	4		4	1		4.00		6.31		6.500000e+00
1	2	137	490.73		2	2	2		2	1		4.00		6.93		5.000000e-01
1	2	138	499.52		2	2	2		2	1		6.00		8.11		8
1	2	139	517.78		3	3	3		4	0		4.00		5.47		4.500000e+00
1	2	140	530.55		1	1	1		1	1		4.00		1.41		7.500000e+00
1	2	141	546.32		4	3	3		3	1		8.00		1.17		3.500000e+00
1	2	142	562.09		3	4	4		4	1		6.00		1.64		3.500000e+00
1	2	143	575.86		4	4	4		3	0		4.00		0.98		8
1	2	144	592.12		1	1	1		1	1		6.00		0.96		1.500000e+00
1	2	145	603.89		1	1	1		1	1		8.00		0.67		5.000000e-01
1	2	146	616.66		2	2	2		2	1		8.00		0.98		7.500000e+00
1	2	147	636.43		2	2	2		2	1		8.00		1.24		3.500000e+00
1	2	148	652.19		4	3	3		3	1		8.00		1.28		3.500000e+00
1	2	149	667.96		3	3	3		4	0		6.00		1.15		4.500000e+00
1	2	150	682.73		3	3	3		4	0		6.00		8.64		4.500000e+00
1	2	151	697.50		3	4	4		4	1		6.00		8.41		3.500000e+00
1	2	152	711.26		3	4	4		4	1		4.00		1.07		5.000000e-01
1	2	153	720.05		4	3	3		3	1		4.00		0.84		3.500000e+00
1	2	154	731.82		1	1	1		1	1		8.00		0.75		2.500000e+00
1	2	155	746.58		2	1	1		2	0		4.00		1.73		5.000000e-01
1	2	156	755.37		4	4	4		2	0		8.00		1.29		8
1	2	157	775.64		4	3	3		3	1		4.00		1.02		5.000000e-01
1	2	158	784.42		4	3	3		3	1		4.00		0.79		5.000000e-01
1	2	159	793.20		3	4	4		4	1		8.00		1.17		5.000000e-01
1	2	160	805.97		2	1	1		2	0		6.00		1.16		5.000000e-01
1	2	161	816.74		3	4	4		4	1		4.00		2.70		4.500000e+00
1	2	162	829.51		2	1	1		2	0		8.00		0.86		8
1	2	163	849.77		2	2	2		2	1		6.00		7.48		5.000000e-01
1	2	164	860.54		4	4	4		4	1		6.00		8.50		6.500000e+00
1	2	165	877.31		4	4	4		3	0		8.00		9.80		3.500000e+00
1	2	166	893.08		1	1	1		1	1		4.00		1.23		1.500000e+00
1	2	167	902.86		2	2	2		2	1		6.00		1.36		6.500000e+00
1	2	168	919.63		3	3	3		4	0		6.00		2.55		5.500000e+00
1	2	169	935.40		3	3	3		4	0		4.00		6.30		5.000000e-01
1	2	170	944.18		1	1	1		1	1		6.00		7.74		1.500000e+00
1	2	171	955.95		1	1	1		1	1		8.00		1.27		1.500000e+00
1	2	172	969.71		1	1	1		1	1		4.00		1.57		5.000000e-01
1	2	173	978.50		1	1	1		1	1		4.00		2.02		1.500000e+00
1	2	174	988.28		3	4	4		3	0		8.00		11.57		1.500000e+00
1	2	175	1002.05		4	4	4		3	0		4.00		6.27		5.000000e-01
1	2	176	1010.83		1	1	1		1	1		8.00		0.75		3.500000e+00
1	2	177	1026.60		2	2	2		2	1		4.00		0.84		5.500000e+00
1	2	178	1040.37		1	1	1		1	1		4.00		0.80		1.500000e+00
1	2	179	1050.15		2	2	2		2	1		4.00		6.13		5.000000e-01
1	2	180	1058.94		3	3	3		3	1		8.00		10.03		2.500000e+00
Block	Phase	Trial	RunningTime	Cue	Image	CorrResp	Resp	Accuracy	ISI	RT_from_CueOnset	ITI
2	1	1	0.51		3	3	3		3	1		1.00		2.64		5.500000e+00
2	1	2	10.27		2	2	2		2	1		1.00		2.37		5.000000e-01
2	1	3	15.06		4	3	3		3	1		1.00		2.43		1.500000e+00
2	1	4	20.84		1	1	1		1	1		1.00		2.48		5.000000e-01
2	1	5	25.61		4	4	4		4	1		1.00		2.51		4.500000e+00
2	1	6	34.39		1	2	2		2	1		1.00		2.40		2.500000e+00
2	1	7	41.17		3	4	4		4	1		1.00		2.53		2.500000e+00
2	1	8	47.96		4	4	4		4	1		1.00		2.51		5.500000e+00
2	1	9	57.73		2	2	2		2	1		1.00		2.29		1.500000e+00
2	1	10	63.51		3	3	3		3	1		1.00		2.34		4.500000e+00
2	1	11	72.28		4	4	4		4	1		1.00		2.39		2.500000e+00
2	1	12	79.06		1	2	2		2	1		1.00		2.35		3.500000e+00
2	1	13	86.84		2	2	2		2	1		1.00		2.28		1.500000e+00
2	1	14	92.63		3	3	3		3	1		1.00		2.33		2.500000e+00
2	1	15	99.40		1	1	1		1	1		1.00		2.46		5.000000e-01
2	1	16	104.16		1	1	1		1	1		1.00		2.06		1.500000e+00
2	1	17	109.95		4	4	4		3	0		1.00		2.33		2.500000e+00
2	1	18	116.73		3	3	3		3	1		1.00		2.38		8
2	1	19	129.00		1	2	2		2	1		1.00		2.37		5.000000e-01
2	1	20	133.78		1	1	1		1	1		1.00		2.42		5.000000e-01
2	1	21	138.56		3	4	4		4	1		1.00		2.63		5.000000e-01
2	1	22	143.35		3	3	3		3	1		1.00		2.25		5.000000e-01
2	1	23	148.13		4	3	3		3	1		1.00		2.32		5.000000e-01
2	1	24	152.92		1	1	1		1	1		1.00		2.33		5.000000e-01
2	1	25	157.70		4	4	4		4	1		1.00		2.32		5.000000e-01
2	1	26	162.48		2	2	2		2	1		1.00		2.21		5.000000e-01
2	1	27	167.27		2	2	2		2	1		1.00		2.34		2.500000e+00
2	1	28	174.05		1	1	1		1	1		1.00		2.26		1.500000e+00
2	1	29	179.83		3	3	3		3	1		1.00		2.20		5.000000e-01
2	1	30	184.60		3	4	4		4	1		1.00		2.29		1.500000e+00
2	1	31	190.38		3	3	3		3	1		1.00		2.25		2.500000e+00
2	1	32	197.17		2	2	2		2	1		1.00		2.11		1.500000e+00
2	1	33	202.95		2	1	1		1	1		1.00		2.31		1.500000e+00
2	1	34	208.74		2	2	2		2	1		1.00		2.30		5.000000e-01
2	1	35	213.52		2	2	2		2	1		1.00		2.17		2.500000e+00
2	1	36	220.30		3	4	4		4	1		1.00		2.44		1.500000e+00
2	1	37	226.09		1	1	1		1	1		1.00		2.10		5.000000e-01
2	1	38	230.87		1	2	2		2	1		1.00		2.27		5.000000e-01
2	1	39	235.65		3	3	3		3	1		1.00		2.13		5.000000e-01
2	1	40	240.44		4	3	3		4	0		1.00		1.55		3.500000e+00
2	1	41	248.22		3	4	4		4	1		1.00		2.33		5.000000e-01
2	1	42	253.01		1	1	1		1	1		1.00		2.08		5.000000e-01
2	1	43	257.79		4	4	4		4	1		1.00		2.24		1.500000e+00
2	1	44	263.57		2	2	2		2	1		1.00		2.17		5.000000e-01
2	1	45	268.36		4	4	4		4	1		1.00		2.10		3.500000e+00
2	1	46	276.14		2	1	1		2	0		1.00		2.22		5.000000e-01
2	1	47	280.92		1	1	1		1	1		1.00		2.01		3.500000e+00
2	1	48	288.71		1	1	1		1	1		1.00		1.27		5.000000e-01
2	1	49	293.49		1	1	1		1	1		1.00		0.95		5.000000e-01
2	1	50	298.28		2	1	1		2	0		1.00		1.07		3.500000e+00
2	1	51	306.06		3	4	4		3	0		1.00		2.18		2.500000e+00
2	1	52	312.84		4	4	4		4	1		1.00		2.19		5.000000e-01
2	1	53	317.63		3	3	3		3	1		1.00		2.18		5.500000e+00
2	1	54	327.41		3	3	3		3	1		1.00		2.22		5.000000e-01
2	1	55	332.19		4	4	4		4	1		1.00		2.28		1.500000e+00
2	1	56	337.98		2	2	2		2	1		1.00		2.12		5.500000e+00
2	1	57	347.76		2	2	2		2	1		1.00		2.04		1.500000e+00
2	1	58	353.55		1	1	1		1	1		1.00		2.27		5.000000e-01
2	1	59	358.33		4	3	3		3	1		1.00		2.41		1.500000e+00
2	1	60	364.11		2	1	1		2	0		1.00		2.11		1.500000e+00
2	1	61	369.90		4	3	3		3	1		1.00		2.40		4.500000e+00
2	1	62	378.68		1	2	2		2	1		1.00		2.27		5.000000e-01
2	1	63	383.46		1	1	1		1	1		1.00		2.13		5.000000e-01
2	1	64	388.25		4	3	3		3	1		1.00		2.22		1.500000e+00
2	1	65	394.03		3	4	4		4	1		1.00		2.46		4.500000e+00
2	1	66	402.82		4	3	3		3	1		1.00		2.38		5.000000e-01
2	1	67	407.60		2	2	2		2	1		1.00		2.22		5.000000e-01
2	1	68	412.38		4	4	4		4	1		1.00		2.43		4.500000e+00
2	1	69	421.17		4	4	4		4	1		1.00		2.64		1.500000e+00
2	1	70	426.95		2	1	1		1	1		1.00		2.37		1.500000e+00
2	1	71	432.73		2	2	2		2	1		1.00		2.30		8
2	1	72	445.00		1	2	2		1	0		1.00		2.12		5.000000e-01
2	1	73	449.79		2	1	1		1	1		1.00		2.31		5.500000e+00
2	1	74	459.57		4	3	3		3	1		1.00		2.33		5.000000e-01
2	1	75	464.35		4	4	4		4	1		1.00		2.31		5.000000e-01
2	1	76	469.14		3	3	3		3	1		1.00		2.05		5.000000e-01
2	1	77	473.92		3	3	3		3	1		1.00		2.01		5.000000e-01
2	1	78	478.70		2	1	1		2	0		1.00		1.45		5.000000e-01
2	1	79	483.49		3	4	4		3	0		1.00		1.70		5.000000e-01
2	1	80	488.27		4	4	4		4	1		1.00		2.11		5.000000e-01
2	1	81	493.06		3	3	3		3	1		1.00		2.14		5.000000e-01
2	1	82	497.84		2	1	1		2	0		1.00		2.09		5.000000e-01
2	1	83	502.62		1	1	1		1	1		1.00		2.02		3.500000e+00
2	1	84	510.41		3	4	4		4	1		1.00		2.50		3.500000e+00
2	1	85	518.19		2	2	2		2	1		1.00		2.06		1.500000e+00
2	1	86	523.97		2	2	2		2	1		1.00		2.00		2.500000e+00
2	1	87	530.76		3	4	4		4	1		1.00		2.42		1.500000e+00
2	1	88	536.54		3	3	3		3	1		1.00		2.24		5.000000e-01
2	1	89	541.33		1	1	1		1	1		1.00		2.34		5.000000e-01
2	1	90	546.11		4	4	4		3	0		1.00		2.81		5.000000e-01
2	1	91	550.89		2	2	2		2	1		1.00		1.59		1.500000e+00
2	1	92	556.68		1	2	2		1	0		1.00		2.22		1.500000e+00
2	1	93	562.46		4	3	3		3	1		1.00		2.38		5.500000e+00
2	1	94	572.23		1	1	1		1	1		1.00		2.33		5.000000e-01
2	1	95	577.01		4	3	3		1	0		1.00		0.54		5.500000e+00
2	1	96	586.80		1	1	1		1	1		1.00		1.85		5.000000e-01
2	1	97	591.58		1	1	1		1	1		1.00		2.28		5.000000e-01
2	1	98	596.36		2	2	2		2	1		1.00		2.08		3.500000e+00
2	1	99	604.15		4	4	4		4	1		1.00		2.39		3.500000e+00
2	1	100	611.93		3	3	3		3	1		1.00		2.33		1.500000e+00
2	2	101	0.52		1	2	2		1	0		4.00		0.92		1.500000e+00
2	2	102	10.28		3	3	3		3	1		8.00		1.57		5.500000e+00
2	2	103	28.05		3	3	3		3	1		8.00		1.60		5.000000e-01
2	2	104	40.82		4	3	3		4	0		8.00		1.43		3.500000e+00
2	2	105	56.59		3	3	3		3	1		4.00		5.18		2.500000e+00
2	2	106	67.35		3	3	3		3	1		8.00		10.03		1.500000e+00
2	2	107	81.12		4	3	3		4	0		6.00		7.47		5.000000e-01
2	2	108	91.89		1	2	2		1	0		4.00		0.95		1.500000e+00
2	2	109	101.67		1	1	1		1	1		4.00		5.67		7.500000e+00
2	2	110	117.44		2	2	2		2	1		6.00		1.30		8
2	2	111	135.71		2	2	2		2	1		8.00		3.74		7.500000e+00
2	2	112	155.48		2	2	2		2	1		6.00		7.33		6.500000e+00
2	2	113	172.24		4	3	3		3	1		4.00		5.90		8
2	2	114	188.51		3	3	3		3	1		4.00		5.81		4.500000e+00
2	2	115	201.28		4	3	3		3	1		8.00		9.80		1.500000e+00
2	2	116	215.05		2	2	2		2	1		4.00		5.60		5.000000e-01
2	2	117	223.81		1	2	2		1	0		6.00		7.54		5.000000e-01
2	2	118	234.58		2	1	1		1	1		8.00		10.72		4.500000e+00
2	2	119	251.35		2	1	1		1	1		4.00		6.97		5.000000e-01
2	2	120	260.13		4	4	4		4	1		8.00		9.67		3.500000e+00
2	2	121	275.90		4	4	4		4	1		8.00		9.81		3.500000e+00
2	2	122	291.67		2	2	2		2	1		6.00		7.73		5.000000e-01
2	2	123	302.44		2	2	2		2	1		8.00		10.17		1.500000e+00
2	2	124	316.20		4	4	4		4	1		6.00		8.10		6.500000e+00
2	2	125	332.97		2	2	2		2	1		8.00		10.47		5.000000e-01
2	2	126	345.74		1	1	1		1	1		4.00		0.74		1.500000e+00
2	2	127	355.52		3	3	3		3	1		6.00		1.28		4.500000e+00
2	2	128	370.29		1	2	2		1	0		6.00		0.74		1.500000e+00
2	2	129	382.06		3	4	4		3	0		8.00		0.90		3.500000e+00
2	2	130	397.83		1	1	1		1	1		6.00		0.87		3.500000e+00
2	2	131	411.59		1	1	1		1	1		6.00		0.93		1.500000e+00
2	2	132	423.36		2	1	1		2	0		6.00		2.63		8
2	2	133	441.63		3	3	3		3	1		6.00		1.23		4.500000e+00
2	2	134	456.40		1	1	1		1	1		8.00		1.06		5.000000e-01
2	2	135	469.16		3	4	4		4	1		6.00		7.95		3.500000e+00
2	2	136	482.93		1	1	1		1	1		6.00		0.70		8
2	2	137	501.20		4	4	4		4	1		4.00		5.48		8
2	2	138	517.47		2	1	1		2	0		8.00		9.87		8
2	2	139	537.74		1	1	1		1	1		4.00		0.56		5.000000e-01
2	2	140	546.52		3	3	3		3	1		6.00		4.11		8
2	2	141	564.79		1	2	2		1	0		8.00		2.17		2.500000e+00
2	2	142	579.55		1	1	1		1	1		4.00		5.70		1.500000e+00
2	2	143	589.34		1	1	1		1	1		6.00		8.30		1.500000e+00
2	2	144	601.11		3	4	4		4	1		4.00		5.73		5.000000e-01
2	2	145	609.89		2	1	1		2	0		4.00		5.53		5.000000e-01
2	2	146	618.67		4	4	4		4	1		4.00		5.60		6.500000e+00
2	2	147	633.44		2	2	2		2	1		4.00		5.61		5.500000e+00
2	2	148	647.21		4	4	4		4	1		4.00		5.74		1.500000e+00
2	2	149	656.99		4	4	4		4	1		4.00		5.48		5.000000e-01
2	2	150	665.78		1	1	1		1	1		6.00		7.48		1.500000e+00
2	2	151	677.54		2	1	1		2	0		8.00		9.63		1.500000e+00
2	2	152	691.31		4	4	4		4	1		8.00		9.57		1.500000e+00
2	2	153	705.08		1	1	1		2	0		8.00		10.50		1.500000e+00
2	2	154	718.85		3	4	4		4	1		6.00		7.57		5.000000e-01
2	2	155	729.63		4	4	4		4	1		4.00		5.53		3.500000e+00
2	2	156	741.40		2	2	2		2	1		6.00		1.42		1.500000e+00
2	2	157	753.17		2	2	2		2	1		4.00		6.78		5.000000e-01
2	2	158	761.95		3	4	4		4	1		4.00		6.18		4.500000e+00
2	2	159	774.72		3	4	4		4	1		8.00		9.60		5.000000e-01
2	2	160	787.49		4	4	4		4	1		8.00		9.52		8
2	2	161	807.75		1	1	1		1	1		8.00		0.74		2.500000e+00
2	2	162	822.52		2	2	2		1	0		4.00		6.40		3.500000e+00
2	2	163	834.29		3	3	3		3	1		6.00		7.20		5.500000e+00
2	2	164	850.06		3	3	3		3	1		8.00		1.33		2.500000e+00
2	2	165	864.82		4	3	3		4	0		6.00		7.87		8
2	2	166	883.09		4	3	3		3	1		4.00		5.77		5.000000e-01
2	2	167	891.88		3	3	3		3	1		4.00		5.84		5.000000e-01
2	2	168	900.66		2	2	2		2	1		4.00		5.10		1.500000e+00
2	2	169	910.44		4	4	4		4	1		6.00		7.75		6.500000e+00
2	2	170	927.21		2	1	1		1	1		6.00		9.05		5.000000e-01
2	2	171	937.98		3	4	4		3	0		8.00		9.41		4.500000e+00
2	2	172	954.75		4	4	4		4	1		6.00		7.83		1.500000e+00
2	2	173	966.53		1	1	1		1	1		8.00		9.67		3.500000e+00
2	2	174	982.30		2	2	2		2	1		8.00		9.35		3.500000e+00
2	2	175	998.07		4	3	3		3	1		6.00		8.13		2.500000e+00
2	2	176	1010.83		1	2	2		1	0		8.00		1.25		6.500000e+00
2	2	177	1029.60		3	3	3		3	1		4.00		6.43		5.000000e-01
2	2	178	1038.39		4	3	3		3	1		4.00		6.13		5.000000e-01
2	2	179	1047.17		3	4	4		4	1		6.00		8.01		3.500000e+00
2	2	180	1060.94		1	1	1		1	1		4.00		0.65		5.000000e-01
