*********************************************
* Combray
* Date/Time: 21-Feb-2016 11:51:04
* Seed: 210446.4023
* Subject Number: 42
* Subject Name: HB
*********************************************

*********************************************
* Combray
* Date/Time: 21-Feb-2016 12:22:53
* Seed: 212514.4645
* Subject Number: 42
* Subject Name: HB
*********************************************

Block	Phase	Trial	RunningTime	Cue	Image	CorrResp	Resp	Accuracy	ISI	RT_from_CueOnset	ITI
1	1	1	0.51		3	3	3		NaN	NaN		1.00		NaN		5.000000e-01
1	1	2	5.29		4	4	4		NaN	NaN		1.00		NaN		1.500000e+00
1	1	3	11.07		2	2	2		NaN	NaN		1.00		NaN		1.500000e+00
1	1	4	16.86		3	3	3		NaN	NaN		1.00		NaN		3.500000e+00
1	1	5	24.64		4	4	4		NaN	NaN		1.00		NaN		5.000000e-01
1	1	6	29.42		4	3	3		3	1		1.00		2.39		5.000000e-01
1	1	7	34.21		2	2	2		2	1		1.00		2.40		5.500000e+00
1	1	8	43.99		2	2	2		2	1		1.00		2.16		2.500000e+00
1	1	9	50.78		4	3	3		3	1		1.00		2.13		5.000000e-01
1	1	10	55.56		4	4	4		3	0		1.00		2.18		3.500000e+00
1	1	11	63.34		3	4	4		NaN	NaN		1.00		NaN		5.000000e-01
1	1	12	68.13		3	3	3		NaN	NaN		1.00		NaN		5.000000e-01
1	1	13	72.91		1	1	1		1	1		1.00		2.45		2.500000e+00
1	1	14	79.69		2	1	1		2	0		1.00		2.19		5.500000e+00
1	1	15	89.48		2	1	1		1	1		1.00		2.32		5.000000e-01
1	1	16	94.26		1	2	2		3	0		1.00		1.66		1.500000e+00
1	1	17	100.04		4	4	4		3	0		1.00		2.31		2.500000e+00
1	1	18	106.83		2	1	1		1	1		1.00		2.39		3.500000e+00
1	1	19	114.61		1	1	1		NaN	NaN		1.00		NaN		1.500000e+00
1	1	20	120.40		2	2	2		2	1		1.00		2.88		1.500000e+00
1	1	21	126.18		1	1	1		3	0		1.00		3.19		5.000000e-01
1	1	22	130.96		2	2	2		1	0		1.00		2.30		1.500000e+00
1	1	23	136.75		2	2	2		2	1		1.00		3.19		4.500000e+00
1	1	24	145.53		4	4	4		3	0		1.00		2.25		2.500000e+00
1	1	25	152.32		1	1	1		2	0		1.00		3.16		5.000000e-01
1	1	26	157.10		1	1	1		1	1		1.00		2.55		2.500000e+00
1	1	27	163.88		2	2	2		2	1		1.00		2.53		5.000000e-01
1	1	28	168.67		2	2	2		2	1		1.00		3.35		5.000000e-01
1	1	29	173.45		1	1	1		1	1		1.00		2.89		5.500000e+00
1	1	30	183.23		2	2	2		2	1		1.00		3.01		5.000000e-01
1	1	31	188.02		2	2	2		2	1		1.00		3.12		8
1	1	32	200.30		4	3	3		3	1		1.00		2.57		5.000000e-01
1	1	33	205.09		3	3	3		3	1		1.00		2.94		1.500000e+00
1	1	34	210.87		2	2	2		2	1		1.00		3.47		2.500000e+00
1	1	35	217.65		3	4	4		4	1		1.00		2.82		5.000000e-01
1	1	36	222.44		3	3	3		3	1		1.00		2.59		3.500000e+00
1	1	37	230.22		1	2	2		2	1		1.00		2.64		3.500000e+00
1	1	38	238.00		4	4	4		4	1		1.00		2.58		5.000000e-01
1	1	39	242.79		2	2	2		2	1		1.00		2.80		1.500000e+00
1	1	40	248.57		3	4	4		4	1		1.00		2.50		1.500000e+00
1	1	41	254.36		1	1	1		1	1		1.00		2.21		2.500000e+00
1	1	42	261.14		1	1	1		2	0		1.00		2.24		5.000000e-01
1	1	43	265.92		1	2	2		2	1		1.00		2.94		5.000000e-01
1	1	44	270.71		3	3	3		3	1		1.00		2.74		5.000000e-01
1	1	45	275.49		4	4	4		4	1		1.00		2.23		5.000000e-01
1	1	46	280.27		3	4	4		4	1		1.00		2.89		1.500000e+00
1	1	47	286.06		3	3	3		3	1		1.00		2.74		5.000000e-01
1	1	48	290.84		3	3	3		3	1		1.00		2.62		5.500000e+00
1	1	49	300.62		1	1	1		1	1		1.00		2.29		5.000000e-01
1	1	50	305.41		3	4	4		4	1		1.00		2.82		5.000000e-01
1	1	51	310.19		2	1	1		2	0		1.00		2.59		1.500000e+00
1	1	52	315.98		3	4	4		4	1		1.00		2.76		5.000000e-01
1	1	53	320.76		3	3	3		3	1		1.00		2.66		4.500000e+00
1	1	54	329.54		4	4	4		4	1		1.00		3.16		5.000000e-01
1	1	55	334.33		3	4	4		4	1		1.00		2.68		4.500000e+00
1	1	56	343.11		2	1	1		1	1		1.00		3.01		1.500000e+00
1	1	57	348.90		1	1	1		2	0		1.00		2.68		1.500000e+00
1	1	58	354.68		1	1	1		NaN	NaN		1.00		NaN		5.000000e-01
1	1	59	359.46		2	2	2		2	1		1.00		3.31		5.000000e-01
1	1	60	364.25		3	3	3		3	1		1.00		2.98		5.500000e+00
1	1	61	374.03		2	2	2		2	1		1.00		2.58		5.000000e-01
1	1	62	378.81		1	1	1		2	0		1.00		3.44		1.500000e+00
1	1	63	384.60		2	2	2		2	1		1.00		2.79		5.000000e-01
1	1	64	389.38		3	3	3		3	1		1.00		2.75		3.500000e+00
1	1	65	397.16		3	3	3		3	1		1.00		2.52		5.000000e-01
1	1	66	401.95		4	3	3		3	1		1.00		3.05		1.500000e+00
1	1	67	407.73		3	4	4		4	1		1.00		3.50		5.000000e-01
1	1	68	412.52		4	3	3		NaN	NaN		1.00		NaN		3.500000e+00
1	1	69	420.30		4	3	3		NaN	NaN		1.00		NaN		5.000000e-01
1	1	70	425.08		3	3	3		3	1		1.00		3.12		1.500000e+00
1	1	71	430.87		3	4	4		4	1		1.00		2.64		5.000000e-01
1	1	72	435.65		3	3	3		3	1		1.00		2.70		1.500000e+00
1	1	73	441.43		1	1	1		2	0		1.00		2.87		1.500000e+00
1	1	74	447.22		4	4	4		3	0		1.00		3.54		4.500000e+00
1	1	75	456.00		4	3	3		3	1		1.00		2.62		5.000000e-01
1	1	76	460.79		2	1	1		1	1		1.00		2.59		5.000000e-01
1	1	77	465.57		4	4	4		4	1		1.00		2.69		5.000000e-01
1	1	78	470.35		4	4	4		1	0		1.00		1.24		5.000000e-01
1	1	79	475.14		2	2	2		3	0		1.00		1.37		1.500000e+00
1	1	80	480.92		1	1	1		1	1		1.00		2.71		3.500000e+00
1	1	81	488.70		4	3	3		NaN	NaN		1.00		NaN		1.500000e+00
1	1	82	494.49		1	1	1		NaN	NaN		1.00		NaN		5.000000e-01
1	1	83	499.27		2	1	1		NaN	NaN		1.00		NaN		5.000000e-01
1	1	84	504.06		1	1	1		NaN	NaN		1.00		NaN		2.500000e+00
1	1	85	510.84		2	1	1		NaN	NaN		1.00		NaN		1.500000e+00
1	1	86	516.62		2	2	2		NaN	NaN		1.00		NaN		1.500000e+00
1	1	87	522.41		4	4	4		NaN	NaN		1.00		NaN		2.500000e+00
1	1	88	529.19		1	2	2		NaN	NaN		1.00		NaN		5.000000e-01
1	1	89	533.97		1	2	2		NaN	NaN		1.00		NaN		5.000000e-01
1	1	90	538.76		4	3	3		NaN	NaN		1.00		NaN		3.500000e+00
1	1	91	546.54		3	3	3		NaN	NaN		1.00		NaN		8
1	1	92	558.83		1	1	1		NaN	NaN		1.00		NaN		5.000000e-01
1	1	93	563.61		4	3	3		NaN	NaN		1.00		NaN		5.000000e-01
1	1	94	568.39		4	4	4		NaN	NaN		1.00		NaN		5.500000e+00
1	1	95	578.18		1	1	1		NaN	NaN		1.00		NaN		5.500000e+00
1	1	96	587.96		4	4	4		NaN	NaN		1.00		NaN		4.500000e+00
1	1	97	596.75		1	2	2		NaN	NaN		1.00		NaN		5.000000e-01
1	1	98	601.53		1	2	2		NaN	NaN		1.00		NaN		2.500000e+00
1	1	99	608.31		3	4	4		NaN	NaN		1.00		NaN		5.000000e-01
1	1	100	613.10		4	4	4		NaN	NaN		1.00		NaN		5.000000e-01
