*********************************************
* Combray
* Date/Time: 09-Oct-2015 17:27:33
* Seed: 211110.8199
* Subject Number: 18
* Subject Name: DQ
*********************************************

Block	Phase	Trial	RunningTime	Cue	Image	CorrResp	Resp	Accuracy	ISI	RT_from_CueOnset	ITI
1	1	1	0.50		1	1	1		1	1		1.00		2.49		3.500000e+00
1	1	2	8.29		4	3	3		3	1		1.00		2.81		5.000000e-01
1	1	3	13.05		2	2	2		2	1		1.00		2.29		2.500000e+00
1	1	4	19.82		1	1	1		1	1		1.00		0.65		1.500000e+00
1	1	5	25.59		2	2	2		2	1		1.00		1.09		1.500000e+00
1	1	6	31.35		2	1	1		3	0		1.00		0.59		1.500000e+00
1	1	7	37.12		2	2	2		2	1		1.00		0.78		2.500000e+00
1	1	8	43.89		2	2	2		1	0		1.00		1.13		5.000000e-01
1	1	9	48.66		3	4	4		4	1		1.00		2.49		5.000000e-01
1	1	10	53.42		4	4	4		3	0		1.00		0.68		5.500000e+00
1	1	11	63.19		3	3	3		3	1		1.00		2.53		5.000000e-01
1	1	12	67.96		4	4	4		4	1		1.00		2.18		4.500000e+00
1	1	13	76.72		3	3	3		3	1		1.00		2.25		5.000000e-01
1	1	14	81.49		2	2	2		2	1		1.00		2.30		5.000000e-01
1	1	15	86.26		3	4	4		3	0		1.00		1.15		5.000000e-01
1	1	16	91.02		1	1	1		1	1		1.00		1.00		1.500000e+00
1	1	17	96.79		4	3	3		3	1		1.00		2.36		5.000000e-01
1	1	18	101.56		2	2	2		2	1		1.00		1.00		3.500000e+00
1	1	19	109.33		1	1	1		1	1		1.00		0.79		5.000000e-01
1	1	20	114.09		4	3	3		3	1		1.00		0.73		3.500000e+00
1	1	21	121.86		2	2	2		2	1		1.00		0.84		1.500000e+00
1	1	22	127.63		4	3	3		3	1		1.00		2.49		5.500000e+00
1	1	23	137.39		4	3	3		3	1		1.00		0.62		2.500000e+00
1	1	24	144.16		3	3	3		1	0		1.00		0.69		1.500000e+00
1	1	25	149.93		4	4	4		3	0		1.00		0.81		1.500000e+00
1	1	26	155.69		1	2	2		1	0		1.00		1.09		1.500000e+00
1	1	27	161.46		2	2	2		2	1		1.00		2.42		5.000000e-01
1	1	28	166.23		3	3	3		1	0		1.00		0.62		4.500000e+00
1	1	29	175.00		3	3	3		3	1		1.00		2.32		1.500000e+00
1	1	30	180.76		3	4	4		3	0		1.00		0.75		5.000000e-01
1	1	31	185.53		3	3	3		3	1		1.00		2.34		4.500000e+00
1	1	32	194.30		2	2	2		2	1		1.00		2.26		8
1	1	33	206.57		1	1	1		1	1		1.00		2.17		5.000000e-01
1	1	34	211.33		1	1	1		1	1		1.00		0.87		2.500000e+00
1	1	35	218.10		1	1	1		1	1		1.00		2.62		5.000000e-01
1	1	36	222.87		1	1	1		1	1		1.00		2.13		5.500000e+00
1	1	37	232.63		2	1	1		2	0		1.00		2.15		1.500000e+00
1	1	38	238.40		3	3	3		3	1		1.00		2.49		5.000000e-01
1	1	39	243.17		2	2	2		1	0		1.00		2.18		5.000000e-01
1	1	40	247.93		4	3	3		3	1		1.00		2.34		8
1	1	41	260.20		1	1	1		1	1		1.00		2.17		1.500000e+00
1	1	42	265.97		2	2	2		2	1		1.00		0.96		5.000000e-01
1	1	43	270.74		4	4	4		3	0		1.00		0.80		5.000000e-01
1	1	44	275.50		4	3	3		4	0		1.00		0.95		5.000000e-01
1	1	45	280.27		2	2	2		4	0		1.00		1.08		5.000000e-01
1	1	46	285.04		3	3	3		3	1		1.00		2.39		5.000000e-01
1	1	47	289.80		2	1	1		1	1		1.00		2.41		2.500000e+00
1	1	48	296.57		4	4	4		4	1		1.00		2.22		5.000000e-01
1	1	49	301.34		4	3	3		3	1		1.00		2.37		5.000000e-01
1	1	50	306.11		1	1	1		1	1		1.00		1.77		5.000000e-01
1	1	51	310.87		1	2	2		2	1		1.00		2.21		4.500000e+00
1	1	52	319.64		4	4	4		4	1		1.00		1.28		3.500000e+00
1	1	53	327.41		3	4	4		3	0		1.00		0.67		5.000000e-01
1	1	54	332.17		1	1	1		1	1		1.00		0.71		5.000000e-01
1	1	55	336.94		2	2	2		2	1		1.00		0.71		2.500000e+00
1	1	56	343.71		4	4	4		3	0		1.00		0.73		5.000000e-01
1	1	57	348.48		2	2	2		2	1		1.00		2.18		5.000000e-01
1	1	58	353.24		1	1	1		NaN	NaN		1.00		NaN		3.500000e+00
1	1	59	361.01		1	2	2		NaN	NaN		1.00		NaN		5.500000e+00
1	1	60	370.78		1	1	1		1	1		1.00		2.33		1.500000e+00
1	1	61	376.54		3	4	4		3	0		1.00		2.54		5.000000e-01
1	1	62	381.31		1	1	1		1	1		1.00		2.26		5.000000e-01
1	1	63	386.08		4	3	3		3	1		1.00		2.50		1.500000e+00
1	1	64	391.84		3	4	4		3	0		1.00		2.39		1.500000e+00
1	1	65	397.61		3	3	3		3	1		1.00		2.37		1.500000e+00
1	1	66	403.38		1	2	2		2	1		1.00		2.35		1.500000e+00
1	1	67	409.15		3	3	3		3	1		1.00		2.59		5.000000e-01
1	1	68	413.91		2	2	2		2	1		1.00		2.35		2.500000e+00
1	1	69	420.68		4	3	3		3	1		1.00		2.48		3.500000e+00
1	1	70	428.45		4	4	4		4	1		1.00		2.45		2.500000e+00
1	1	71	435.21		4	3	3		3	1		1.00		2.46		5.000000e-01
1	1	72	439.98		1	1	1		1	1		1.00		2.22		5.000000e-01
1	1	73	444.75		2	2	2		2	1		1.00		2.34		5.500000e+00
1	1	74	454.52		4	4	4		3	0		1.00		2.25		1.500000e+00
1	1	75	460.28		3	4	4		4	1		1.00		2.40		5.000000e-01
1	1	76	465.05		3	3	3		3	1		1.00		2.28		5.000000e-01
1	1	77	469.82		3	3	3		4	0		1.00		2.28		1.500000e+00
1	1	78	475.58		4	3	3		3	1		1.00		2.41		5.500000e+00
1	1	79	485.35		3	4	4		4	1		1.00		2.44		5.000000e-01
1	1	80	490.12		2	2	2		2	1		1.00		2.28		3.500000e+00
1	1	81	497.89		1	1	1		1	1		1.00		2.33		5.000000e-01
1	1	82	502.65		2	2	2		3	0		1.00		1.11		3.500000e+00
1	1	83	510.42		2	2	2		2	1		1.00		2.19		5.000000e-01
1	1	84	515.19		2	1	1		2	0		1.00		0.96		2.500000e+00
1	1	85	521.95		3	3	3		3	1		1.00		2.61		3.500000e+00
1	1	86	529.72		2	1	1		1	1		1.00		2.38		1.500000e+00
1	1	87	535.49		4	3	3		3	1		1.00		2.48		5.000000e-01
1	1	88	540.25		3	4	4		4	1		1.00		2.61		1.500000e+00
1	1	89	546.02		4	4	4		4	1		1.00		2.61		5.000000e-01
1	1	90	550.79		3	4	4		4	1		1.00		2.32		2.500000e+00
1	1	91	557.56		3	4	4		4	1		1.00		2.36		5.000000e-01
1	1	92	562.32		1	1	1		1	1		1.00		2.16		5.000000e-01
1	1	93	567.09		1	1	1		1	1		1.00		0.72		5.000000e-01
1	1	94	571.86		4	4	4		4	1		1.00		2.36		5.000000e-01
1	1	95	576.62		1	1	1		1	1		1.00		0.98		1.500000e+00
1	1	96	582.39		2	2	2		2	1		1.00		2.54		1.500000e+00
1	1	97	588.16		3	4	4		4	1		1.00		1.10		5.000000e-01
1	1	98	592.93		1	2	2		1	0		1.00		0.67		4.500000e+00
1	1	99	601.69		4	4	4		4	1		1.00		2.40		5.500000e+00
1	1	100	611.46		1	1	1		1	1		1.00		2.24		5.000000e-01
1	2	101	0.50		3	3	3		4	0		4.00		6.53		1.500000e+00
1	2	102	10.27		3	4	4		4	1		6.00		8.05		5.500000e+00
1	2	103	26.04		1	1	1		1	1		8.00		9.53		3.500000e+00
1	2	104	41.80		4	3	3		3	1		4.00		5.67		8
1	2	105	58.07		2	2	2		2	1		8.00		9.73		2.500000e+00
1	2	106	72.84		2	2	2		2	1		8.00		9.52		1.500000e+00
1	2	107	86.61		4	3	3		3	1		4.00		5.77		5.000000e-01
1	2	108	95.37		4	4	4		4	1		6.00		7.75		5.500000e+00
1	2	109	111.14		4	4	4		4	1		4.00		5.98		4.500000e+00
1	2	110	123.91		1	1	1		1	1		8.00		1.19		1.500000e+00
1	2	111	137.68		4	4	4		4	1		6.00		7.79		4.500000e+00
1	2	112	152.45		1	1	1		1	1		6.00		0.94		6.500000e+00
1	2	113	169.21		4	3	3		4	0		6.00		7.85		5.000000e-01
1	2	114	179.98		1	1	1		1	1		4.00		1.31		5.000000e-01
1	2	115	188.75		2	1	1		2	0		4.00		5.96		5.000000e-01
1	2	116	197.51		3	3	3		4	0		8.00		9.99		3.500000e+00
1	2	117	213.28		1	1	1		1	1		6.00		1.14		4.500000e+00
1	2	118	228.05		3	3	3		4	0		4.00		6.22		5.000000e-01
1	2	119	236.82		1	1	1		1	1		4.00		1.27		1.500000e+00
1	2	120	246.58		3	3	3		3	1		6.00		8.02		6.500000e+00
1	2	121	263.35		4	4	4		4	1		6.00		7.89		1.500000e+00
1	2	122	275.12		3	4	4		4	1		8.00		10.03		8
1	2	123	295.39		4	3	3		3	1		4.00		5.75		5.000000e-01
1	2	124	304.16		3	4	4		4	1		4.00		5.77		2.500000e+00
1	2	125	314.92		1	1	1		1	1		6.00		1.45		5.000000e-01
1	2	126	325.69		1	2	2		1	0		6.00		1.09		8
1	2	127	343.96		2	2	2		2	1		4.00		5.58		5.000000e-01
1	2	128	352.73		1	1	1		1	1		8.00		1.22		6.500000e+00
1	2	129	371.49		1	1	1		1	1		4.00		1.12		1.500000e+00
1	2	130	381.26		2	2	2		2	1		6.00		2.36		4.500000e+00
1	2	131	396.03		1	1	1		1	1		6.00		0.97		1.500000e+00
1	2	132	407.80		1	1	1		1	1		8.00		1.29		5.000000e-01
1	2	133	420.56		2	2	2		2	1		8.00		9.77		7.500000e+00
1	2	134	440.33		3	3	3		3	1		8.00		10.12		2.500000e+00
1	2	135	455.10		1	2	2		1	0		6.00		0.84		5.000000e-01
1	2	136	465.87		3	4	4		3	0		4.00		2.79		4.500000e+00
1	2	137	478.63		1	1	1		1	1		4.00		1.64		6.500000e+00
1	2	138	493.40		2	1	1		2	0		8.00		2.90		3.500000e+00
1	2	139	509.17		2	2	2		2	1		4.00		2.02		1.500000e+00
1	2	140	518.94		4	4	4		4	1		8.00		9.77		8
1	2	141	539.20		1	1	1		1	1		8.00		1.01		1.500000e+00
1	2	142	552.97		3	3	3		3	1		8.00		10.08		8
1	2	143	573.24		1	1	1		1	1		4.00		0.60		2.500000e+00
1	2	144	584.01		4	4	4		4	1		6.00		2.04		1.500000e+00
1	2	145	595.77		4	3	3		3	1		8.00		1.86		8
1	2	146	616.04		2	2	2		2	1		4.00		1.35		5.000000e-01
1	2	147	624.81		2	2	2		2	1		8.00		1.69		5.000000e-01
1	2	148	637.58		3	4	4		3	0		6.00		3.15		2.500000e+00
1	2	149	650.35		3	4	4		3	0		8.00		1.54		5.500000e+00
1	2	150	668.11		3	4	4		4	1		6.00		1.43		5.000000e-01
1	2	151	678.88		3	3	3		3	1		6.00		7.82		7.500000e+00
1	2	152	696.65		3	3	3		3	1		6.00		3.39		5.000000e-01
1	2	153	707.42		3	4	4		3	0		4.00		1.31		4.500000e+00
1	2	154	720.18		4	3	3		3	1		6.00		1.51		3.500000e+00
1	2	155	733.95		4	4	4		3	0		4.00		1.26		6.500000e+00
1	2	156	748.72		2	2	2		2	1		4.00		5.64		5.000000e-01
1	2	157	757.49		1	1	1		1	1		4.00		0.85		5.000000e-01
1	2	158	766.25		1	1	1		1	1		6.00		1.13		1.500000e+00
1	2	159	778.02		2	2	2		2	1		8.00		1.00		5.000000e-01
1	2	160	790.79		2	1	1		2	0		6.00		1.00		3.500000e+00
1	2	161	804.56		1	2	2		1	0		4.00		1.08		8
1	2	162	820.82		2	2	2		2	1		6.00		4.28		1.500000e+00
1	2	163	832.59		2	1	1		2	0		8.00		9.49		8
1	2	164	852.86		4	3	3		3	1		6.00		1.22		5.000000e-01
1	2	165	863.63		4	4	4		3	0		8.00		1.99		1.500000e+00
1	2	166	877.39		2	2	2		2	1		6.00		7.42		1.500000e+00
1	2	167	889.16		3	3	3		4	0		4.00		1.85		1.500000e+00
1	2	168	898.93		4	4	4		3	0		6.00		1.05		5.000000e-01
1	2	169	909.70		3	3	3		3	1		6.00		8.22		5.000000e-01
1	2	170	920.46		3	4	4		3	0		8.00		3.71		1.500000e+00
1	2	171	934.23		4	3	3		4	0		4.00		3.73		3.500000e+00
1	2	172	946.00		2	2	2		2	1		4.00		0.83		3.500000e+00
1	2	173	957.77		2	2	2		2	1		6.00		0.85		5.000000e-01
1	2	174	968.53		4	4	4		3	0		8.00		1.12		8
1	2	175	988.80		2	2	2		2	1		4.00		2.09		3.500000e+00
1	2	176	1000.57		2	2	2		2	1		6.00		1.14		3.500000e+00
1	2	177	1014.34		4	3	3		3	1		8.00		1.30		1.500000e+00
1	2	178	1028.10		4	3	3		3	1		8.00		1.08		3.500000e+00
1	2	179	1043.87		1	2	2		1	0		8.00		1.66		1.500000e+00
1	2	180	1057.64		3	4	4		4	1		8.00		1.64		3.500000e+00
Block	Phase	Trial	RunningTime	Cue	Image	CorrResp	Resp	Accuracy	ISI	RT_from_CueOnset	ITI
2	1	1	0.51		3	3	3		3	1		1.00		2.52		5.000000e-01
2	1	2	5.27		2	1	1		1	1		1.00		2.38		3.500000e+00
2	1	3	13.04		4	4	4		4	1		1.00		2.38		5.000000e-01
2	1	4	17.81		2	2	2		1	0		1.00		1.19		5.000000e-01
2	1	5	22.58		1	2	2		2	1		1.00		2.36		5.500000e+00
2	1	6	32.34		3	3	3		3	1		1.00		2.34		4.500000e+00
2	1	7	41.11		4	4	4		4	1		1.00		1.31		1.500000e+00
2	1	8	46.88		3	4	4		3	0		1.00		1.01		5.000000e-01
2	1	9	51.64		1	2	2		2	1		1.00		1.36		1.500000e+00
2	1	10	57.41		4	3	3		4	0		1.00		0.96		3.500000e+00
2	1	11	65.18		1	2	2		2	1		1.00		1.00		1.500000e+00
2	1	12	70.95		4	4	4		4	1		1.00		0.99		5.000000e-01
2	1	13	75.71		4	4	4		4	1		1.00		0.95		5.000000e-01
2	1	14	80.48		1	2	2		2	1		1.00		0.78		1.500000e+00
2	1	15	86.25		2	2	2		2	1		1.00		2.43		5.000000e-01
2	1	16	91.01		2	2	2		1	0		1.00		1.27		8
2	1	17	103.28		3	3	3		1	0		1.00		1.06		5.000000e-01
2	1	18	108.05		3	4	4		3	0		1.00		0.88		1.500000e+00
2	1	19	113.82		4	4	4		4	1		1.00		0.79		5.000000e-01
2	1	20	118.58		4	4	4		4	1		1.00		0.88		5.000000e-01
2	1	21	123.35		2	1	1		1	1		1.00		1.21		3.500000e+00
2	1	22	131.12		1	2	2		2	1		1.00		0.71		3.500000e+00
2	1	23	138.88		1	1	1		2	0		1.00		0.94		1.500000e+00
2	1	24	144.65		1	1	1		2	0		1.00		1.44		1.500000e+00
2	1	25	150.42		1	1	1		2	0		1.00		0.61		5.000000e-01
2	1	26	155.18		2	1	1		1	1		1.00		1.25		5.000000e-01
2	1	27	159.95		4	4	4		4	1		1.00		2.45		2.500000e+00
2	1	28	166.72		1	1	1		2	0		1.00		0.98		5.000000e-01
2	1	29	171.49		1	1	1		1	1		1.00		0.52		2.500000e+00
2	1	30	178.25		3	3	3		3	1		1.00		0.81		1.500000e+00
2	1	31	184.02		3	3	3		3	1		1.00		1.06		1.500000e+00
2	1	32	189.79		4	3	3		4	0		1.00		0.69		5.500000e+00
2	1	33	199.55		1	1	1		2	0		1.00		1.38		5.000000e-01
2	1	34	204.32		2	2	2		2	1		1.00		1.08		2.500000e+00
2	1	35	211.09		4	4	4		4	1		1.00		0.71		1.500000e+00
2	1	36	216.86		3	4	4		3	0		1.00		0.91		5.000000e-01
2	1	37	221.62		1	1	1		1	1		1.00		0.85		5.000000e-01
2	1	38	226.39		4	3	3		4	0		1.00		0.83		5.000000e-01
2	1	39	231.16		2	1	1		2	0		1.00		1.37		2.500000e+00
2	1	40	237.92		1	1	1		1	1		1.00		0.67		5.000000e-01
2	1	41	242.69		2	2	2		2	1		1.00		1.52		1.500000e+00
2	1	42	248.46		1	1	1		1	1		1.00		1.01		1.500000e+00
2	1	43	254.22		4	4	4		4	1		1.00		0.80		5.000000e-01
2	1	44	258.99		3	3	3		3	1		1.00		0.64		1.500000e+00
2	1	45	264.76		3	3	3		3	1		1.00		1.12		5.000000e-01
2	1	46	269.53		3	4	4		3	0		1.00		1.19		5.000000e-01
2	1	47	274.29		3	4	4		3	0		1.00		1.04		5.000000e-01
2	1	48	279.06		4	3	3		4	0		1.00		1.16		5.000000e-01
2	1	49	283.83		1	1	1		1	1		1.00		0.82		1.500000e+00
2	1	50	289.59		4	4	4		3	0		1.00		0.88		4.500000e+00
2	1	51	298.36		2	2	2		2	1		1.00		1.06		2.500000e+00
2	1	52	305.13		2	2	2		2	1		1.00		0.94		1.500000e+00
2	1	53	310.89		2	1	1		2	0		1.00		0.88		5.000000e-01
2	1	54	315.66		4	3	3		4	0		1.00		1.04		1.500000e+00
2	1	55	321.43		1	2	2		1	0		1.00		0.99		5.500000e+00
2	1	56	331.20		1	2	2		2	1		1.00		1.25		3.500000e+00
2	1	57	338.96		2	2	2		1	0		1.00		1.08		5.000000e-01
2	1	58	343.73		4	4	4		4	1		1.00		0.94		5.000000e-01
2	1	59	348.50		3	3	3		3	1		1.00		1.02		5.000000e-01
2	1	60	353.26		4	4	4		4	1		1.00		0.79		5.500000e+00
2	1	61	363.03		2	2	2		1	0		1.00		1.41		5.000000e-01
2	1	62	367.80		3	4	4		3	0		1.00		1.26		2.500000e+00
2	1	63	374.57		2	2	2		1	0		1.00		1.22		2.500000e+00
2	1	64	381.33		3	3	3		3	1		1.00		0.87		5.000000e-01
2	1	65	386.10		3	3	3		3	1		1.00		0.72		5.000000e-01
2	1	66	390.87		1	1	1		1	1		1.00		1.01		5.000000e-01
2	1	67	395.63		1	2	2		1	0		1.00		0.95		5.000000e-01
2	1	68	400.40		2	2	2		2	1		1.00		1.12		3.500000e+00
2	1	69	408.17		2	1	1		2	0		1.00		1.03		5.500000e+00
2	1	70	417.94		2	1	1		1	1		1.00		1.02		2.500000e+00
2	1	71	424.70		1	1	1		2	0		1.00		1.00		5.000000e-01
2	1	72	429.47		4	4	4		4	1		1.00		1.02		5.500000e+00
2	1	73	439.24		4	3	3		4	0		1.00		1.02		5.500000e+00
2	1	74	449.00		3	3	3		3	1		1.00		0.68		1.500000e+00
2	1	75	454.77		3	3	3		3	1		1.00		0.93		5.000000e-01
2	1	76	459.54		1	2	2		2	1		1.00		1.11		4.500000e+00
2	1	77	468.31		4	3	3		4	0		1.00		1.18		3.500000e+00
2	1	78	476.07		1	1	1		2	0		1.00		0.90		5.000000e-01
2	1	79	480.84		2	1	1		1	1		1.00		0.71		1.500000e+00
2	1	80	486.61		2	1	1		1	1		1.00		0.79		1.500000e+00
2	1	81	492.37		2	1	1		1	1		1.00		0.66		1.500000e+00
2	1	82	498.14		3	3	3		3	1		1.00		0.91		3.500000e+00
2	1	83	505.91		3	3	3		3	1		1.00		0.74		4.500000e+00
2	1	84	514.68		4	4	4		4	1		1.00		0.66		2.500000e+00
2	1	85	521.44		4	4	4		4	1		1.00		1.18		3.500000e+00
2	1	86	529.21		3	4	4		3	0		1.00		0.74		5.000000e-01
2	1	87	533.98		1	1	1		1	1		1.00		2.36		5.000000e-01
2	1	88	538.74		3	3	3		3	1		1.00		0.80		1.500000e+00
2	1	89	544.51		2	2	2		1	0		1.00		0.94		1.500000e+00
2	1	90	550.28		2	2	2		1	0		1.00		0.97		5.000000e-01
2	1	91	555.04		3	3	3		3	1		1.00		0.74		5.000000e-01
2	1	92	559.81		4	4	4		4	1		1.00		0.72		5.000000e-01
2	1	93	564.58		1	2	2		2	1		1.00		2.59		4.500000e+00
2	1	94	573.35		3	3	3		3	1		1.00		0.84		5.000000e-01
2	1	95	578.11		1	1	1		2	0		1.00		0.90		5.000000e-01
2	1	96	582.88		4	4	4		4	1		1.00		0.68		5.000000e-01
2	1	97	587.65		2	2	2		2	1		1.00		0.62		2.500000e+00
2	1	98	594.41		4	3	3		4	0		1.00		0.65		8
2	1	99	606.68		2	2	2		2	1		1.00		0.90		5.000000e-01
2	1	100	611.45		3	3	3		3	1		1.00		0.73		5.000000e-01
2	2	101	0.51		1	1	1		1	1		8.00		9.75		1.500000e+00
2	2	102	14.27		4	4	4		4	1		6.00		1.16		1.500000e+00
2	2	103	26.04		1	1	1		1	1		6.00		1.29		1.500000e+00
2	2	104	37.81		2	1	1		2	0		8.00		1.39		1.500000e+00
2	2	105	51.58		1	2	2		1	0		6.00		0.97		5.000000e-01
2	2	106	62.34		3	4	4		3	0		8.00		0.97		8
2	2	107	82.61		1	1	1		1	1		8.00		0.69		1.500000e+00
2	2	108	96.38		4	4	4		4	1		4.00		0.69		5.500000e+00
2	2	109	110.15		3	3	3		3	1		6.00		0.77		5.000000e-01
2	2	110	120.91		2	2	2		1	0		6.00		1.74		1.500000e+00
2	2	111	132.68		3	3	3		3	1		6.00		0.82		6.500000e+00
2	2	112	149.45		2	2	2		2	1		8.00		1.34		2.500000e+00
2	2	113	164.22		3	4	4		3	0		6.00		0.72		2.500000e+00
2	2	114	176.98		2	1	1		2	0		8.00		2.39		8
2	2	115	197.25		3	3	3		3	1		4.00		0.82		5.000000e-01
2	2	116	206.02		4	4	4		4	1		4.00		1.84		5.000000e-01
2	2	117	214.79		1	2	2		1	0		4.00		1.09		8
2	2	118	231.05		4	3	3		4	0		4.00		0.70		8
2	2	119	247.32		4	4	4		4	1		8.00		0.72		1.500000e+00
2	2	120	261.09		3	4	4		3	0		4.00		0.81		2.500000e+00
2	2	121	271.86		3	3	3		3	1		6.00		1.00		5.500000e+00
2	2	122	287.62		1	1	1		1	1		4.00		1.10		6.500000e+00
2	2	123	302.39		2	2	2		2	1		4.00		0.81		3.500000e+00
2	2	124	314.16		1	1	1		1	1		4.00		1.42		1.500000e+00
2	2	125	323.93		2	1	1		2	0		4.00		1.13		5.000000e-01
2	2	126	332.70		4	3	3		4	0		8.00		0.74		3.500000e+00
2	2	127	348.46		4	3	3		4	0		8.00		0.61		1.500000e+00
2	2	128	362.23		1	2	2		1	0		8.00		0.79		5.000000e-01
2	2	129	375.00		3	3	3		3	1		4.00		1.15		4.500000e+00
2	2	130	387.77		2	2	2		2	1		6.00		0.86		5.000000e-01
2	2	131	398.53		2	2	2		2	1		4.00		0.89		5.000000e-01
2	2	132	407.30		3	4	4		3	0		8.00		2.05		1.500000e+00
2	2	133	421.07		3	4	4		4	1		6.00		0.86		5.000000e-01
2	2	134	431.84		4	3	3		3	1		4.00		0.73		5.000000e-01
2	2	135	440.60		3	3	3		3	1		4.00		1.04		1.500000e+00
2	2	136	450.37		4	4	4		3	0		8.00		1.19		8
2	2	137	470.64		4	4	4		4	1		6.00		7.79		4.500000e+00
2	2	138	485.41		1	1	1		1	1		6.00		1.15		4.500000e+00
2	2	139	500.17		2	2	2		2	1		6.00		1.09		1.500000e+00
2	2	140	511.94		3	3	3		3	1		6.00		1.05		7.500000e+00
2	2	141	529.71		2	1	1		2	0		6.00		1.02		3.500000e+00
2	2	142	543.48		4	4	4		4	1		8.00		0.95		8
2	2	143	563.74		2	2	2		2	1		8.00		0.88		5.000000e-01
2	2	144	576.51		1	1	1		1	1		6.00		0.86		6.500000e+00
2	2	145	593.28		4	3	3		4	0		4.00		1.03		3.500000e+00
2	2	146	605.05		1	1	1		1	1		6.00		0.70		1.500000e+00
2	2	147	616.81		2	2	2		2	1		8.00		1.00		5.000000e-01
2	2	148	629.58		1	2	2		1	0		6.00		0.68		8
2	2	149	647.85		3	3	3		3	1		8.00		0.64		8
2	2	150	668.12		3	3	3		3	1		4.00		0.72		1.500000e+00
2	2	151	677.88		2	1	1		2	0		6.00		1.03		3.500000e+00
2	2	152	691.65		2	1	1		2	0		4.00		0.83		3.500000e+00
2	2	153	703.42		3	3	3		3	1		6.00		0.99		5.000000e-01
2	2	154	714.19		3	3	3		3	1		8.00		1.03		3.500000e+00
2	2	155	729.95		2	1	1		2	0		8.00		1.03		3.500000e+00
2	2	156	745.72		1	2	2		1	0		4.00		0.72		5.000000e-01
2	2	157	754.49		4	4	4		4	1		6.00		1.00		3.500000e+00
2	2	158	768.26		2	2	2		2	1		4.00		1.37		1.500000e+00
2	2	159	778.02		3	4	4		3	0		4.00		0.97		4.500000e+00
2	2	160	790.79		3	3	3		3	1		8.00		0.72		5.500000e+00
2	2	161	808.56		1	1	1		1	1		8.00		0.60		6.500000e+00
2	2	162	827.33		1	1	1		1	1		4.00		0.73		1.500000e+00
2	2	163	837.10		2	1	1		2	0		4.00		1.58		5.000000e-01
2	2	164	845.86		2	2	2		2	1		6.00		1.19		4.500000e+00
2	2	165	860.63		2	2	2		2	1		4.00		0.75		5.000000e-01
2	2	166	869.40		4	3	3		4	0		6.00		1.67		5.000000e-01
2	2	167	880.17		4	4	4		4	1		4.00		1.10		6.500000e+00
2	2	168	894.93		4	4	4		4	1		4.00		0.63		4.500000e+00
2	2	169	907.70		4	4	4		4	1		6.00		0.60		5.000000e-01
2	2	170	918.47		3	3	3		3	1		8.00		0.84		2.500000e+00
2	2	171	933.23		1	2	2		1	0		4.00		5.79		2.500000e+00
2	2	172	944.00		1	1	1		1	1		4.00		0.87		5.000000e-01
2	2	173	952.77		4	3	3		4	0		6.00		0.73		5.000000e-01
2	2	174	963.54		1	2	2		1	0		8.00		1.01		1.500000e+00
2	2	175	977.31		1	2	2		1	0		6.00		1.21		5.000000e-01
2	2	176	988.07		1	1	1		1	1		8.00		0.94		3.500000e+00
2	2	177	1003.84		4	4	4		4	1		6.00		0.92		1.500000e+00
2	2	178	1015.61		3	3	3		3	1		8.00		0.67		3.500000e+00
2	2	179	1031.38		4	4	4		4	1		8.00		0.71		8
2	2	180	1051.64		2	2	2		2	1		8.00		0.89		7.500000e+00
