*********************************************
* Combray
* Date/Time: 09-Apr-2016 11:38:53
* Seed: 213030.5546
* Subject Number: 43
* Subject Name: AA
*********************************************

Block	Phase	Trial	RunningTime	Cue	Image	CorrResp	Resp	Accuracy	ISI	RT_from_CueOnset	ITI
1	1	1	0.50		4	3	3		NaN	NaN		1.00		NaN		3.500000e+00
1	1	2	8.29		1	1	1		NaN	NaN		1.00		NaN		5.000000e-01
1	1	3	13.07		1	1	1		NaN	NaN		1.00		NaN		3.500000e+00
1	1	4	20.86		2	2	2		2	1		1.00		2.51		4.500000e+00
1	1	5	29.64		1	2	2		2	1		1.00		2.42		5.000000e-01
1	1	6	34.42		2	2	2		2	1		1.00		2.54		8
1	1	7	46.71		2	2	2		2	1		1.00		1.53		5.000000e-01
1	1	8	51.49		3	4	4		4	1		1.00		2.87		5.000000e-01
1	1	9	56.27		1	1	1		1	1		1.00		2.67		2.500000e+00
1	1	10	63.06		2	2	2		2	1		1.00		1.61		5.000000e-01
1	1	11	67.84		2	2	2		2	1		1.00		1.55		5.000000e-01
1	1	12	72.63		1	1	1		1	1		1.00		2.35		1.500000e+00
1	1	13	78.41		4	3	3		3	1		1.00		2.33		5.000000e-01
1	1	14	83.19		2	2	2		2	1		1.00		0.86		1.500000e+00
1	1	15	88.98		1	1	1		3	0		1.00		0.65		1.500000e+00
1	1	16	94.76		4	3	3		3	1		1.00		2.56		1.500000e+00
1	1	17	100.54		4	4	4		3	0		1.00		0.90		2.500000e+00
1	1	18	107.33		3	3	3		3	1		1.00		2.51		3.500000e+00
1	1	19	115.11		4	4	4		4	1		1.00		2.74		1.500000e+00
1	1	20	120.90		2	2	2		2	1		1.00		2.22		3.500000e+00
1	1	21	128.68		3	3	3		3	1		1.00		2.53		5.000000e-01
1	1	22	133.46		3	3	3		3	1		1.00		2.28		5.000000e-01
1	1	23	138.25		1	1	1		1	1		1.00		2.24		5.500000e+00
1	1	24	148.03		4	4	4		4	1		1.00		2.51		1.500000e+00
1	1	25	153.82		2	2	2		2	1		1.00		2.14		1.500000e+00
1	1	26	159.60		2	1	1		2	0		1.00		1.94		4.500000e+00
1	1	27	168.38		2	1	1		1	1		1.00		2.71		4.500000e+00
1	1	28	177.17		3	3	3		3	1		1.00		2.43		3.500000e+00
1	1	29	184.95		4	4	4		4	1		1.00		2.49		1.500000e+00
1	1	30	190.73		2	1	1		1	1		1.00		2.48		1.500000e+00
1	1	31	196.52		4	3	3		3	1		1.00		2.45		2.500000e+00
1	1	32	203.30		4	3	3		3	1		1.00		2.61		5.000000e-01
1	1	33	208.09		2	2	2		2	1		1.00		2.55		5.500000e+00
1	1	34	217.87		2	1	1		2	0		1.00		2.35		5.500000e+00
1	1	35	227.65		1	2	2		2	1		1.00		2.32		5.000000e-01
1	1	36	232.44		4	3	3		3	1		1.00		2.57		1.500000e+00
1	1	37	238.22		2	2	2		2	1		1.00		2.32		2.500000e+00
1	1	38	245.00		2	2	2		2	1		1.00		2.38		1.500000e+00
1	1	39	250.79		1	2	2		2	1		1.00		2.43		5.000000e-01
1	1	40	255.57		3	4	4		4	1		1.00		2.44		1.500000e+00
1	1	41	261.36		1	1	1		1	1		1.00		2.42		5.000000e-01
1	1	42	266.14		1	1	1		1	1		1.00		2.79		1.500000e+00
1	1	43	271.92		4	4	4		4	1		1.00		2.57		1.500000e+00
1	1	44	277.71		1	1	1		1	1		1.00		2.41		5.000000e-01
1	1	45	282.49		1	2	2		2	1		1.00		2.53		2.500000e+00
1	1	46	289.27		3	3	3		3	1		1.00		2.68		2.500000e+00
1	1	47	296.06		4	3	3		3	1		1.00		2.42		1.500000e+00
1	1	48	301.84		3	4	4		4	1		1.00		2.52		1.500000e+00
1	1	49	307.63		1	1	1		1	1		1.00		2.79		5.000000e-01
1	1	50	312.41		4	4	4		4	1		1.00		2.66		2.500000e+00
1	1	51	319.19		4	4	4		4	1		1.00		2.41		2.500000e+00
1	1	52	325.98		2	1	1		1	1		1.00		2.42		5.000000e-01
1	1	53	330.76		4	4	4		4	1		1.00		2.56		5.000000e-01
1	1	54	335.54		3	3	3		3	1		1.00		2.52		5.000000e-01
1	1	55	340.33		4	4	4		4	1		1.00		2.70		5.000000e-01
1	1	56	345.11		1	2	2		2	1		1.00		2.45		5.000000e-01
1	1	57	349.89		3	3	3		3	1		1.00		2.49		5.000000e-01
1	1	58	354.68		3	4	4		4	1		1.00		2.48		5.000000e-01
1	1	59	359.46		2	1	1		1	1		1.00		2.22		5.000000e-01
1	1	60	364.25		4	4	4		4	1		1.00		2.68		5.000000e-01
1	1	61	369.03		1	1	1		1	1		1.00		2.46		3.500000e+00
1	1	62	376.81		4	4	4		4	1		1.00		2.56		5.000000e-01
1	1	63	381.60		1	1	1		1	1		1.00		2.49		5.000000e-01
1	1	64	386.38		3	3	3		3	1		1.00		2.44		1.500000e+00
1	1	65	392.16		2	1	1		1	1		1.00		2.43		5.000000e-01
1	1	66	396.95		1	1	1		1	1		1.00		2.64		5.000000e-01
1	1	67	401.73		1	2	2		2	1		1.00		2.95		3.500000e+00
1	1	68	409.52		1	1	1		2	0		1.00		2.56		5.000000e-01
1	1	69	414.30		2	2	2		2	1		1.00		2.47		5.500000e+00
1	1	70	424.08		1	1	1		1	1		1.00		2.48		5.500000e+00
1	1	71	433.87		4	3	3		3	1		1.00		2.58		3.500000e+00
1	1	72	441.65		4	4	4		4	1		1.00		2.59		5.000000e-01
1	1	73	446.43		3	3	3		3	1		1.00		2.54		3.500000e+00
1	1	74	454.22		3	4	4		4	1		1.00		2.53		1.500000e+00
1	1	75	460.00		3	4	4		4	1		1.00		2.41		1.500000e+00
1	1	76	465.79		3	4	4		4	1		1.00		2.45		5.000000e-01
1	1	77	470.57		1	2	2		2	1		1.00		2.54		1.500000e+00
1	1	78	476.35		4	4	4		4	1		1.00		2.49		5.000000e-01
1	1	79	481.14		3	3	3		3	1		1.00		2.53		5.000000e-01
1	1	80	485.92		2	2	2		2	1		1.00		2.53		5.500000e+00
1	1	81	495.71		3	4	4		4	1		1.00		2.52		4.500000e+00
1	1	82	504.49		4	4	4		4	1		1.00		2.45		1.500000e+00
1	1	83	510.27		1	1	1		1	1		1.00		2.59		5.000000e-01
1	1	84	515.06		2	1	1		1	1		1.00		2.83		5.000000e-01
1	1	85	519.84		3	4	4		4	1		1.00		2.76		1.500000e+00
1	1	86	525.62		3	3	3		3	1		1.00		2.77		8
1	1	87	537.91		3	4	4		4	1		1.00		2.42		5.000000e-01
1	1	88	542.69		4	3	3		3	1		1.00		2.54		5.000000e-01
1	1	89	547.48		2	2	2		2	1		1.00		2.53		5.000000e-01
1	1	90	552.26		3	3	3		3	1		1.00		2.50		2.500000e+00
1	1	91	559.04		4	3	3		3	1		1.00		2.41		5.000000e-01
1	1	92	563.83		4	4	4		4	1		1.00		2.43		5.000000e-01
1	1	93	568.61		2	2	2		2	1		1.00		2.65		5.500000e+00
1	1	94	578.39		3	3	3		3	1		1.00		2.59		5.000000e-01
1	1	95	583.18		3	3	3		3	1		1.00		2.65		5.000000e-01
1	1	96	587.96		2	2	2		2	1		1.00		2.75		5.000000e-01
1	1	97	592.74		1	1	1		1	1		1.00		2.61		5.000000e-01
1	1	98	597.53		3	3	3		3	1		1.00		2.54		4.500000e+00
1	1	99	606.31		2	2	2		2	1		1.00		2.58		5.000000e-01
1	1	100	611.10		1	1	1		1	1		1.00		2.70		2.500000e+00
1	2	101	0.51		3	4	4		4	1		6.00		8.40		5.000000e-01
1	2	102	11.30		4	4	4		4	1		8.00		10.58		3.500000e+00
1	2	103	27.06		1	1	1		2	0		4.00		6.48		8
1	2	104	43.35		1	2	2		2	1		8.00		11.40		4.500000e+00
1	2	105	60.13		3	3	3		3	1		8.00		10.05		8
1	2	106	80.42		2	2	2		1	0		6.00		8.73		1.500000e+00
1	2	107	92.20		2	1	1		1	1		8.00		10.01		5.000000e-01
1	2	108	104.99		2	2	2		2	1		4.00		6.57		5.000000e-01
1	2	109	113.77		1	1	1		1	1		4.00		7.14		7.500000e+00
1	2	110	129.55		4	3	3		4	0		4.00		5.40		3.500000e+00
1	2	111	141.34		1	2	2		2	1		4.00		6.40		8
1	2	112	157.62		2	1	1		1	1		8.00		10.53		4.500000e+00
1	2	113	174.41		2	1	1		1	1		4.00		6.63		1.500000e+00
1	2	114	184.19		3	3	3		3	1		6.00		8.87		5.000000e-01
1	2	115	194.98		2	2	2		2	1		4.00		6.50		1.500000e+00
1	2	116	204.76		4	4	4		4	1		8.00		10.10		8
1	2	117	225.04		2	2	2		2	1		6.00		8.27		4.500000e+00
1	2	118	239.83		3	4	4		4	1		8.00		11.67		3.500000e+00
1	2	119	255.61		1	1	1		1	1		4.00		6.00		2.500000e+00
1	2	120	266.40		4	3	3		3	1		6.00		8.07		5.500000e+00
1	2	121	282.18		3	4	4		4	1		6.00		8.37		8
1	2	122	300.47		1	2	2		2	1		6.00		8.07		3.500000e+00
1	2	123	314.25		4	4	4		4	1		4.00		6.23		5.500000e+00
1	2	124	328.03		4	4	4		4	1		6.00		8.02		1.500000e+00
1	2	125	339.82		2	2	2		2	1		8.00		10.34		5.500000e+00
1	2	126	357.60		2	2	2		2	1		4.00		6.23		1.500000e+00
1	2	127	367.39		2	2	2		2	1		6.00		8.68		6.500000e+00
1	2	128	384.17		3	3	3		3	1		4.00		6.31		5.000000e-01
1	2	129	392.96		1	1	1		1	1		4.00		7.04		5.000000e-01
1	2	130	401.74		4	4	4		4	1		8.00		10.20		1.500000e+00
1	2	131	415.52		3	3	3		3	1		4.00		6.01		2.500000e+00
1	2	132	426.31		1	2	2		1	0		8.00		10.70		6.500000e+00
1	2	133	445.09		4	3	3		3	1		4.00		6.64		1.500000e+00
1	2	134	454.88		3	4	4		4	1		4.00		6.03		2.500000e+00
1	2	135	465.66		2	1	1		1	1		6.00		8.90		1.500000e+00
1	2	136	477.44		4	3	3		3	1		4.00		5.67		5.000000e-01
1	2	137	486.23		4	4	4		4	1		6.00		8.00		1.500000e+00
1	2	138	498.01		1	1	1		1	1		4.00		6.47		1.500000e+00
1	2	139	507.80		2	2	2		2	1		4.00		5.97		4.500000e+00
1	2	140	520.58		2	2	2		2	1		8.00		10.35		2.500000e+00
1	2	141	535.37		1	1	1		2	0		6.00		7.84		5.000000e-01
1	2	142	546.15		2	1	1		1	1		6.00		8.40		7.500000e+00
1	2	143	563.93		2	2	2		2	1		6.00		8.13		6.500000e+00
1	2	144	580.72		4	4	4		3	0		4.00		5.75		5.000000e-01
1	2	145	589.50		1	1	1		2	0		8.00		9.97		1.500000e+00
1	2	146	603.29		3	3	3		3	1		8.00		9.80		3.500000e+00
1	2	147	619.07		2	2	2		2	1		8.00		10.38		2.500000e+00
1	2	148	633.86		1	1	1		1	1		6.00		8.33		3.500000e+00
1	2	149	647.64		4	4	4		4	1		4.00		6.03		5.000000e-01
1	2	150	656.42		3	3	3		3	1		6.00		7.62		5.000000e-01
1	2	151	667.21		3	3	3		3	1		8.00		10.00		5.000000e-01
1	2	152	679.99		4	3	3		3	1		8.00		9.54		1.500000e+00
1	2	153	693.78		3	4	4		4	1		6.00		8.52		1.500000e+00
1	2	154	705.56		4	4	4		4	1		6.00		8.17		5.000000e-01
1	2	155	716.34		4	4	4		4	1		4.00		6.03		3.500000e+00
1	2	156	728.13		3	3	3		3	1		4.00		6.11		5.000000e-01
1	2	157	736.91		4	3	3		3	1		6.00		8.03		5.000000e-01
1	2	158	747.70		3	4	4		4	1		8.00		10.44		4.500000e+00
1	2	159	764.48		1	1	1		1	1		6.00		8.30		6.500000e+00
1	2	160	781.27		3	3	3		3	1		6.00		7.98		1.500000e+00
1	2	161	793.05		3	3	3		3	1		8.00		9.77		5.000000e-01
1	2	162	805.83		2	1	1		2	0		4.00		6.47		5.000000e-01
1	2	163	814.62		2	2	2		2	1		4.00		6.78		6.500000e+00
1	2	164	829.40		3	4	4		4	1		8.00		10.00		1.500000e+00
1	2	165	843.19		3	3	3		3	1		6.00		8.14		1.500000e+00
1	2	166	854.97		1	1	1		1	1		6.00		4.65		3.500000e+00
1	2	167	868.75		4	3	3		3	1		6.00		8.11		8
1	2	168	887.04		2	1	1		2	0		8.00		10.33		4.500000e+00
1	2	169	903.82		1	2	2		2	1		4.00		5.88		1.500000e+00
1	2	170	913.61		1	1	1		1	1		8.00		11.30		1.500000e+00
1	2	171	927.39		3	3	3		3	1		4.00		4.77		5.000000e-01
1	2	172	936.18		1	1	1		1	1		8.00		11.07		8
1	2	173	956.44		2	2	2		2	1		8.00		9.83		3.500000e+00
1	2	174	972.23		1	1	1		1	1		8.00		9.53		5.000000e-01
1	2	175	985.01		1	1	1		1	1		6.00		8.10		8
1	2	176	1003.30		4	3	3		4	0		8.00		9.45		8
1	2	177	1023.58		4	4	4		4	1		8.00		10.30		5.000000e-01
1	2	178	1036.37		4	4	4		4	1		4.00		6.31		3.500000e+00
1	2	179	1048.15		3	4	4		4	1		4.00		6.03		3.500000e+00
1	2	180	1059.93		1	2	2		NaN	0		6.00		NaN		5.000000e-01
Block	Phase	Trial	RunningTime	Cue	Image	CorrResp	Resp	Accuracy	ISI	RT_from_CueOnset	ITI
2	1	1	0.51		2	1	1		1	1		1.00		2.46		5.000000e-01
2	1	2	5.29		1	1	1		1	1		1.00		2.34		2.500000e+00
2	1	3	12.08		3	3	3		3	1		1.00		2.80		1.500000e+00
2	1	4	17.86		2	2	2		2	1		1.00		2.55		5.000000e-01
2	1	5	22.65		1	2	2		2	1		1.00		2.47		5.000000e-01
2	1	6	27.43		2	1	1		1	1		1.00		2.47		2.500000e+00
2	1	7	34.21		1	2	2		2	1		1.00		2.41		5.000000e-01
2	1	8	39.00		2	1	1		1	1		1.00		2.71		5.500000e+00
2	1	9	48.78		2	2	2		2	1		1.00		2.41		5.000000e-01
2	1	10	53.56		2	1	1		1	1		1.00		2.40		5.000000e-01
2	1	11	58.35		1	2	2		2	1		1.00		2.44		5.000000e-01
2	1	12	63.13		4	4	4		3	0		1.00		2.62		3.500000e+00
2	1	13	70.92		2	2	2		2	1		1.00		2.51		4.500000e+00
2	1	14	79.70		4	3	3		3	1		1.00		2.67		5.000000e-01
2	1	15	84.48		1	2	2		2	1		1.00		2.45		5.000000e-01
2	1	16	89.27		2	1	1		1	1		1.00		2.50		5.000000e-01
2	1	17	94.05		1	1	1		1	1		1.00		2.37		5.000000e-01
2	1	18	98.83		4	4	4		4	1		1.00		2.66		1.500000e+00
2	1	19	104.62		3	3	3		3	1		1.00		2.56		5.000000e-01
2	1	20	109.40		4	4	4		4	1		1.00		2.56		5.000000e-01
2	1	21	114.19		2	2	2		2	1		1.00		2.44		5.000000e-01
2	1	22	118.97		1	1	1		1	1		1.00		2.59		3.500000e+00
2	1	23	126.75		4	4	4		4	1		1.00		2.50		5.000000e-01
2	1	24	131.54		3	3	3		3	1		1.00		2.87		4.500000e+00
2	1	25	140.32		1	2	2		2	1		1.00		2.56		5.000000e-01
2	1	26	145.10		2	2	2		2	1		1.00		2.50		5.500000e+00
2	1	27	154.89		2	2	2		2	1		1.00		3.49		1.500000e+00
2	1	28	160.67		4	3	3		3	1		1.00		2.55		1.500000e+00
2	1	29	166.46		3	3	3		3	1		1.00		2.42		3.500000e+00
2	1	30	174.24		3	3	3		3	1		1.00		2.56		5.000000e-01
2	1	31	179.02		2	1	1		1	1		1.00		2.55		5.000000e-01
2	1	32	183.81		3	3	3		3	1		1.00		3.22		5.000000e-01
2	1	33	188.59		1	1	1		1	1		1.00		2.45		5.000000e-01
2	1	34	193.37		2	1	1		1	1		1.00		2.47		4.500000e+00
2	1	35	202.16		2	2	2		2	1		1.00		2.55		5.500000e+00
2	1	36	211.94		3	3	3		3	1		1.00		2.39		5.000000e-01
2	1	37	216.73		4	4	4		4	1		1.00		2.67		2.500000e+00
2	1	38	223.51		1	1	1		1	1		1.00		2.79		1.500000e+00
2	1	39	229.29		2	2	2		2	1		1.00		2.43		3.500000e+00
2	1	40	237.08		3	3	3		3	1		1.00		2.69		5.000000e-01
2	1	41	241.86		4	3	3		3	1		1.00		2.48		3.500000e+00
2	1	42	249.64		3	4	4		4	1		1.00		2.91		5.000000e-01
2	1	43	254.43		1	2	2		1	0		1.00		2.56		2.500000e+00
2	1	44	261.21		1	1	1		1	1		1.00		2.49		5.000000e-01
2	1	45	266.00		2	1	1		1	1		1.00		2.73		5.500000e+00
2	1	46	275.78		4	4	4		4	1		1.00		2.84		5.000000e-01
2	1	47	280.56		4	4	4		4	1		1.00		2.62		1.500000e+00
2	1	48	286.35		1	2	2		2	1		1.00		2.48		5.000000e-01
2	1	49	291.13		1	1	1		1	1		1.00		2.82		5.500000e+00
2	1	50	300.91		3	3	3		3	1		1.00		2.70		8
2	1	51	313.20		4	3	3		3	1		1.00		2.45		1.500000e+00
2	1	52	318.98		1	2	2		2	1		1.00		2.50		1.500000e+00
2	1	53	324.77		3	3	3		3	1		1.00		2.96		2.500000e+00
2	1	54	331.55		3	4	4		4	1		1.00		2.76		5.000000e-01
2	1	55	336.33		1	1	1		1	1		1.00		2.66		5.000000e-01
2	1	56	341.12		2	1	1		1	1		1.00		2.42		8
2	1	57	353.40		1	2	2		2	1		1.00		2.60		3.500000e+00
2	1	58	361.19		4	4	4		4	1		1.00		2.71		1.500000e+00
2	1	59	366.97		4	4	4		4	1		1.00		2.50		1.500000e+00
2	1	60	372.75		1	2	2		2	1		1.00		2.51		5.000000e-01
2	1	61	377.54		4	4	4		4	1		1.00		2.56		5.000000e-01
2	1	62	382.32		1	2	2		2	1		1.00		2.73		3.500000e+00
2	1	63	390.10		1	2	2		2	1		1.00		3.15		1.500000e+00
2	1	64	395.89		3	3	3		3	1		1.00		2.52		1.500000e+00
2	1	65	401.67		3	4	4		4	1		1.00		2.62		1.500000e+00
2	1	66	407.46		4	4	4		4	1		1.00		2.58		1.500000e+00
2	1	67	413.24		3	3	3		3	1		1.00		2.78		1.500000e+00
2	1	68	419.02		4	4	4		4	1		1.00		2.48		5.000000e-01
2	1	69	423.81		4	3	3		3	1		1.00		2.90		2.500000e+00
2	1	70	430.59		4	4	4		4	1		1.00		2.91		5.000000e-01
2	1	71	435.37		1	1	1		1	1		1.00		2.51		5.500000e+00
2	1	72	445.16		1	1	1		1	1		1.00		2.41		1.500000e+00
2	1	73	450.94		1	1	1		1	1		1.00		2.40		5.000000e-01
2	1	74	455.73		3	3	3		3	1		1.00		2.52		5.000000e-01
2	1	75	460.51		2	1	1		1	1		1.00		2.90		5.000000e-01
2	1	76	465.29		4	4	4		4	1		1.00		2.71		5.000000e-01
2	1	77	470.08		3	4	4		4	1		1.00		2.48		5.000000e-01
2	1	78	474.86		2	1	1		1	1		1.00		2.80		1.500000e+00
2	1	79	480.64		2	2	2		2	1		1.00		2.42		5.500000e+00
2	1	80	490.43		3	3	3		3	1		1.00		2.76		5.000000e-01
2	1	81	495.21		3	3	3		3	1		1.00		2.71		3.500000e+00
2	1	82	502.99		3	3	3		3	1		1.00		2.52		3.500000e+00
2	1	83	510.78		4	4	4		4	1		1.00		2.70		2.500000e+00
2	1	84	517.56		3	3	3		3	1		1.00		2.68		2.500000e+00
2	1	85	524.35		4	4	4		4	1		1.00		2.50		5.000000e-01
2	1	86	529.13		2	2	2		2	1		1.00		2.66		5.000000e-01
2	1	87	533.91		2	2	2		2	1		1.00		2.91		5.000000e-01
2	1	88	538.70		3	3	3		2	0		1.00		3.45		5.000000e-01
2	1	89	543.48		4	4	4		4	1		1.00		2.48		5.000000e-01
2	1	90	548.26		4	4	4		4	1		1.00		2.42		5.000000e-01
2	1	91	553.05		2	1	1		1	1		1.00		2.71		4.500000e+00
2	1	92	561.83		3	3	3		3	1		1.00		2.71		4.500000e+00
2	1	93	570.62		4	4	4		4	1		1.00		2.47		1.500000e+00
2	1	94	576.40		3	4	4		4	1		1.00		2.58		1.500000e+00
2	1	95	582.18		2	1	1		1	1		1.00		2.70		1.500000e+00
2	1	96	587.97		3	3	3		3	1		1.00		3.28		1.500000e+00
2	1	97	593.75		1	1	1		1	1		1.00		2.55		2.500000e+00
2	1	98	600.53		2	2	2		2	1		1.00		2.45		1.500000e+00
2	1	99	606.32		1	1	1		1	1		1.00		2.38		5.000000e-01
2	1	100	611.10		4	4	4		4	1		1.00		2.64		2.500000e+00
2	2	101	0.52		4	3	3		4	0		4.00		7.11		5.000000e-01
2	2	102	9.30		2	1	1		1	1		4.00		6.17		1.500000e+00
2	2	103	19.08		4	4	4		4	1		8.00		9.70		3.500000e+00
2	2	104	34.87		1	2	2		2	1		8.00		10.07		6.500000e+00
2	2	105	53.65		1	1	1		1	1		8.00		9.97		8
2	2	106	73.94		2	2	2		2	1		8.00		9.90		3.500000e+00
2	2	107	89.72		3	4	4		3	0		8.00		10.33		1.500000e+00
2	2	108	103.51		3	3	3		3	1		4.00		6.63		5.000000e-01
2	2	109	112.29		2	2	2		2	1		6.00		8.67		6.500000e+00
2	2	110	129.08		1	2	2		2	1		6.00		8.03		5.000000e-01
2	2	111	139.86		2	1	1		2	0		8.00		10.84		4.500000e+00
2	2	112	156.64		1	2	2		2	1		6.00		8.44		3.500000e+00
2	2	113	170.43		4	4	4		4	1		6.00		8.13		5.500000e+00
2	2	114	186.21		1	1	1		1	1		6.00		7.93		8
2	2	115	204.50		3	3	3		3	1		4.00		6.73		2.500000e+00
2	2	116	215.28		3	3	3		3	1		8.00		10.04		3.500000e+00
2	2	117	231.07		4	4	4		3	0		8.00		8.77		1.500000e+00
2	2	118	244.85		1	1	1		1	1		4.00		6.81		8
2	2	119	261.13		2	1	1		1	1		8.00		10.40		4.500000e+00
2	2	120	277.92		4	4	4		4	1		4.00		6.13		3.500000e+00
2	2	121	289.70		1	2	2		2	1		4.00		6.54		8
2	2	122	305.99		2	1	1		1	1		8.00		10.48		2.500000e+00
2	2	123	320.77		1	2	2		1	0		4.00		6.03		1.500000e+00
2	2	124	330.56		2	2	2		2	1		4.00		6.30		6.500000e+00
2	2	125	345.34		4	4	4		3	0		8.00		10.87		8
2	2	126	365.62		4	4	4		4	1		6.00		8.62		5.000000e-01
2	2	127	376.41		4	4	4		4	1		6.00		7.77		1.500000e+00
2	2	128	388.19		1	1	1		2	0		8.00		11.07		5.000000e-01
2	2	129	400.98		1	1	1		1	1		6.00		8.40		3.500000e+00
2	2	130	414.76		3	3	3		3	1		6.00		8.80		1.500000e+00
2	2	131	426.55		3	3	3		3	1		8.00		10.50		8
2	2	132	446.83		2	2	2		2	1		6.00		8.92		6.500000e+00
2	2	133	463.62		3	3	3		3	1		4.00		6.94		3.500000e+00
2	2	134	475.40		3	4	4		4	1		8.00		10.27		4.500000e+00
2	2	135	492.18		2	1	1		1	1		4.00		6.10		5.000000e-01
2	2	136	500.97		2	2	2		2	1		4.00		5.93		1.500000e+00
2	2	137	510.75		2	1	1		2	0		6.00		8.21		1.500000e+00
2	2	138	522.54		4	4	4		3	0		8.00		10.80		1.500000e+00
2	2	139	536.32		4	4	4		4	1		6.00		8.63		1.500000e+00
2	2	140	548.10		4	4	4		3	0		4.00		6.32		5.000000e-01
2	2	141	556.89		3	3	3		3	1		4.00		6.10		5.000000e-01
2	2	142	565.67		2	2	2		2	1		4.00		6.01		1.500000e+00
2	2	143	575.46		3	3	3		4	0		6.00		8.73		5.000000e-01
2	2	144	586.24		3	3	3		3	1		8.00		10.21		3.500000e+00
2	2	145	602.02		3	3	3		3	1		6.00		8.65		1.500000e+00
2	2	146	613.81		2	2	2		2	1		6.00		8.81		1.500000e+00
2	2	147	625.59		4	3	3		3	1		6.00		8.61		8
2	2	148	643.88		1	2	2		2	1		8.00		4.46		1.500000e+00
2	2	149	657.66		3	3	3		3	1		6.00		8.81		1.500000e+00
2	2	150	669.45		1	1	1		1	1		8.00		10.33		1.500000e+00
2	2	151	683.23		4	4	4		3	0		4.00		6.64		1.500000e+00
2	2	152	693.01		1	1	1		2	0		4.00		6.34		2.500000e+00
2	2	153	703.80		3	4	4		3	0		4.00		6.35		2.500000e+00
2	2	154	714.58		4	4	4		4	1		6.00		8.18		5.500000e+00
2	2	155	730.37		4	3	3		3	1		4.00		5.97		3.500000e+00
2	2	156	742.15		3	3	3		3	1		8.00		10.57		5.000000e-01
2	2	157	754.94		4	4	4		4	1		4.00		5.90		5.000000e-01
2	2	158	763.72		2	2	2		2	1		8.00		10.10		2.500000e+00
2	2	159	778.50		2	2	2		1	0		8.00		10.50		5.500000e+00
2	2	160	796.29		1	2	2		2	1		8.00		10.27		4.500000e+00
2	2	161	813.07		3	3	3		3	1		6.00		9.11		5.000000e-01
2	2	162	823.86		3	3	3		3	1		4.00		6.47		5.000000e-01
2	2	163	832.64		3	4	4		3	0		6.00		8.97		8
2	2	164	850.92		2	1	1		1	1		4.00		6.61		5.000000e-01
2	2	165	859.71		1	2	2		2	1		6.00		8.37		6.500000e+00
2	2	166	876.49		4	4	4		3	0		8.00		10.23		5.000000e-01
2	2	167	889.28		1	2	2		2	1		6.00		8.13		3.500000e+00
2	2	168	903.06		4	3	3		4	0		8.00		10.85		8
2	2	169	923.35		1	1	1		1	1		4.00		6.41		5.000000e-01
2	2	170	932.13		1	1	1		1	1		4.00		6.23		7.500000e+00
2	2	171	947.91		3	3	3		3	1		6.00		8.65		5.000000e-01
2	2	172	958.70		4	4	4		4	1		6.00		8.17		5.000000e-01
2	2	173	969.48		3	3	3		3	1		8.00		10.20		5.000000e-01
2	2	174	982.27		2	1	1		2	0		6.00		8.97		4.500000e+00
2	2	175	997.05		1	1	1		2	0		6.00		8.18		5.000000e-01
2	2	176	1007.84		1	2	2		2	1		4.00		6.37		1.500000e+00
2	2	177	1017.62		2	1	1		1	1		6.00		8.74		7.500000e+00
2	2	178	1035.40		4	4	4		4	1		8.00		10.87		3.500000e+00
2	2	179	1051.19		2	2	2		2	1		4.00		5.90		4.500000e+00
2	2	180	1063.97		2	1	1		1	1		8.00		10.37		5.000000e-01
