*********************************************
* Combray
* Date/Time: 19-Aug-2015 15:18:55
* Seed: 212935.0183
* Subject Number: 02
* Subject Name: GN
*********************************************

Block	Phase	Trial	RunningTime	Cue	Image	CorrResp	Resp	Accuracy	ISI	RT_from_CueOnset	ITI
1	1	1	0.50		3	4	4		4	1		1.00		3.45		5.000000e-01
1	1	2	5.28		1	2	2		2	1		1.00		2.57		1.500000e+00
1	1	3	11.07		1	1	1		2	0		1.00		2.13		1.500000e+00
1	1	4	16.85		1	1	1		1	1		1.00		2.42		5.000000e-01
1	1	5	21.64		1	2	2		2	1		1.00		2.36		1.500000e+00
1	1	6	27.42		1	1	1		1	1		1.00		2.56		5.000000e-01
1	1	7	32.20		1	2	2		2	1		1.00		2.23		1.500000e+00
1	1	8	37.99		4	4	4		4	1		1.00		2.39		5.000000e-01
1	1	9	42.77		3	4	4		4	1		1.00		2.33		3.500000e+00
1	1	10	50.55		3	3	3		3	1		1.00		2.41		4.500000e+00
1	1	11	59.34		3	3	3		3	1		1.00		2.48		5.000000e-01
1	1	12	64.12		2	2	2		2	1		1.00		2.43		1.500000e+00
1	1	13	69.91		3	4	4		3	0		1.00		2.13		1.500000e+00
1	1	14	75.69		2	2	2		2	1		1.00		2.44		5.000000e-01
1	1	15	80.47		2	1	1		1	1		1.00		2.35		3.500000e+00
1	1	16	88.26		3	4	4		4	1		1.00		2.51		1.500000e+00
1	1	17	94.04		3	3	3		3	1		1.00		2.31		4.500000e+00
1	1	18	102.82		1	1	1		1	1		1.00		2.32		5.000000e-01
1	1	19	107.61		1	1	1		1	1		1.00		2.27		5.000000e-01
1	1	20	112.39		1	1	1		1	1		1.00		2.23		5.000000e-01
1	1	21	117.18		4	3	3		3	1		1.00		2.38		5.000000e-01
1	1	22	121.96		4	4	4		3	0		1.00		1.56		1.500000e+00
1	1	23	127.74		2	2	2		2	1		1.00		2.14		5.000000e-01
1	1	24	132.53		3	3	3		3	1		1.00		2.25		1.500000e+00
1	1	25	138.31		3	3	3		3	1		1.00		2.38		2.500000e+00
1	1	26	145.09		4	4	4		4	1		1.00		2.36		1.500000e+00
1	1	27	150.88		3	3	3		3	1		1.00		2.10		1.500000e+00
1	1	28	156.66		2	2	2		2	1		1.00		1.65		5.000000e-01
1	1	29	161.45		4	3	3		3	1		1.00		2.40		5.000000e-01
1	1	30	166.23		1	1	1		1	1		1.00		2.16		2.500000e+00
1	1	31	173.01		3	3	3		3	1		1.00		1.69		5.000000e-01
1	1	32	177.80		3	4	4		3	0		1.00		0.57		3.500000e+00
1	1	33	185.56		4	4	4		4	1		1.00		1.46		5.000000e-01
1	1	34	190.35		2	1	1		2	0		1.00		0.97		4.500000e+00
1	1	35	199.13		3	3	3		3	1		1.00		2.29		2.500000e+00
1	1	36	205.91		1	1	1		1	1		1.00		1.12		1.500000e+00
1	1	37	211.70		2	1	1		4	0		1.00		1.27		1.500000e+00
1	1	38	217.48		3	4	4		4	1		1.00		2.33		3.500000e+00
1	1	39	225.27		4	3	3		3	1		1.00		2.22		5.000000e-01
1	1	40	230.05		2	1	1		2	0		1.00		1.36		5.000000e-01
1	1	41	234.83		4	3	3		3	1		1.00		2.34		5.000000e-01
1	1	42	239.62		4	3	3		3	1		1.00		1.66		2.500000e+00
1	1	43	246.40		4	3	3		3	1		1.00		2.12		5.000000e-01
1	1	44	251.18		2	2	2		2	1		1.00		2.14		5.000000e-01
1	1	45	255.97		3	3	3		3	1		1.00		2.48		3.500000e+00
1	1	46	263.75		1	1	1		1	1		1.00		2.17		1.500000e+00
1	1	47	269.54		3	3	3		3	1		1.00		1.24		5.000000e-01
1	1	48	274.32		2	2	2		2	1		1.00		0.88		5.500000e+00
1	1	49	284.10		2	2	2		2	1		1.00		0.92		5.000000e-01
1	1	50	288.89		2	2	2		2	1		1.00		0.63		4.500000e+00
1	1	51	297.67		2	2	2		2	1		1.00		0.67		3.500000e+00
1	1	52	305.45		4	3	3		4	0		1.00		1.27		8
1	1	53	317.72		3	4	4		3	0		1.00		1.32		1.500000e+00
1	1	54	323.51		4	4	4		4	1		1.00		0.93		1.500000e+00
1	1	55	329.29		4	4	4		4	1		1.00		1.09		5.000000e-01
1	1	56	334.07		2	2	2		2	1		1.00		0.79		3.500000e+00
1	1	57	341.86		4	4	4		4	1		1.00		0.90		5.500000e+00
1	1	58	351.64		4	3	3		4	0		1.00		0.66		5.000000e-01
1	1	59	356.42		4	3	3		3	1		1.00		0.78		1.500000e+00
1	1	60	362.21		2	2	2		2	1		1.00		0.74		2.500000e+00
1	1	61	368.99		4	4	4		4	1		1.00		2.44		1.500000e+00
1	1	62	374.78		3	3	3		3	1		1.00		0.99		2.500000e+00
1	1	63	381.56		2	2	2		2	1		1.00		0.79		5.000000e-01
1	1	64	386.34		1	1	1		1	1		1.00		0.65		5.000000e-01
1	1	65	391.13		1	1	1		1	1		1.00		0.56		1.500000e+00
1	1	66	396.91		2	2	2		2	1		1.00		2.59		5.000000e-01
1	1	67	401.69		2	2	2		2	1		1.00		0.57		5.000000e-01
1	1	68	406.48		2	1	1		2	0		1.00		0.53		5.000000e-01
1	1	69	411.26		3	3	3		3	1		1.00		0.82		5.000000e-01
1	1	70	416.05		4	4	4		4	1		1.00		0.83		5.000000e-01
1	1	71	420.83		1	1	1		2	0		1.00		0.84		5.500000e+00
1	1	72	430.61		4	4	4		3	0		1.00		1.05		5.000000e-01
1	1	73	435.40		2	2	2		2	1		1.00		0.75		5.500000e+00
1	1	74	445.18		3	4	4		3	0		1.00		0.82		2.500000e+00
1	1	75	451.96		2	2	2		2	1		1.00		1.19		1.500000e+00
1	1	76	457.75		4	3	3		2	0		1.00		0.68		5.000000e-01
1	1	77	462.53		1	2	2		1	0		1.00		0.81		5.000000e-01
1	1	78	467.32		1	1	1		2	0		1.00		0.98		5.000000e-01
1	1	79	472.10		3	4	4		4	1		1.00		1.50		4.500000e+00
1	1	80	480.88		2	2	2		2	1		1.00		0.73		3.500000e+00
1	1	81	488.67		1	1	1		1	1		1.00		0.74		5.000000e-01
1	1	82	493.45		1	2	2		1	0		1.00		0.63		5.000000e-01
1	1	83	498.23		3	4	4		3	0		1.00		0.83		5.500000e+00
1	1	84	508.02		3	4	4		4	1		1.00		0.96		5.000000e-01
1	1	85	512.80		4	3	3		3	1		1.00		1.05		5.500000e+00
1	1	86	522.57		1	1	1		1	1		1.00		0.81		5.000000e-01
1	1	87	527.35		1	1	1		1	1		1.00		0.68		3.500000e+00
1	1	88	535.14		3	3	3		3	1		1.00		0.94		5.000000e-01
1	1	89	539.92		4	3	3		4	0		1.00		0.83		5.000000e-01
1	1	90	544.70		1	1	1		1	1		1.00		0.67		5.000000e-01
1	1	91	549.49		3	4	4		3	0		1.00		0.83		5.000000e-01
1	1	92	554.27		4	4	4		4	1		1.00		2.56		1.500000e+00
1	1	93	560.06		2	2	2		2	1		1.00		0.87		5.500000e+00
1	1	94	569.84		1	1	1		1	1		1.00		0.91		8
1	1	95	582.11		2	2	2		2	1		1.00		0.79		2.500000e+00
1	1	96	588.89		2	2	2		2	1		1.00		0.57		2.500000e+00
1	1	97	595.67		1	1	1		1	1		1.00		0.65		1.500000e+00
1	1	98	601.46		1	1	1		1	1		1.00		0.61		5.000000e-01
1	1	99	606.24		4	4	4		4	1		1.00		0.67		5.000000e-01
1	1	100	611.03		4	3	3		3	1		1.00		0.53		2.500000e+00
1	2	101	0.51		4	3	3		4	0		4.00		6.26		5.500000e+00
1	2	102	14.28		1	1	1		1	1		6.00		7.53		1.500000e+00
1	2	103	26.05		2	2	2		2	1		8.00		0.43		8
1	2	104	46.31		3	3	3		3	1		6.00		1.11		4.500000e+00
1	2	105	61.08		3	3	3		3	1		8.00		0.55		1.500000e+00
1	2	106	74.85		4	4	4		4	1		8.00		0.68		1.500000e+00
1	2	107	88.62		4	3	3		4	0		6.00		0.61		5.000000e-01
1	2	108	99.38		2	2	2		2	1		4.00		0.70		8
1	2	109	115.65		3	4	4		4	1		4.00		1.09		5.000000e-01
1	2	110	124.44		3	3	3		3	1		8.00		1.07		8
1	2	111	144.70		2	2	2		2	1		4.00		0.65		2.500000e+00
1	2	112	155.47		4	3	3		3	1		8.00		1.70		5.000000e-01
1	2	113	168.24		2	1	1		2	0		8.00		0.68		7.500000e+00
1	2	114	188.01		1	1	1		1	1		8.00		10.18		2.500000e+00
1	2	115	202.77		4	3	3		4	0		4.00		6.31		5.000000e-01
1	2	116	211.56		4	3	3		3	1		8.00		1.92		1.500000e+00
1	2	117	225.33		1	2	2		1	0		8.00		0.89		1.500000e+00
1	2	118	239.09		1	1	1		1	1		6.00		7.97		8
1	2	119	257.36		1	1	1		1	1		8.00		1.52		8
1	2	120	277.63		3	3	3		4	0		4.00		6.57		4.500000e+00
1	2	121	290.40		3	4	4		3	0		8.00		0.98		8
1	2	122	310.67		3	3	3		3	1		8.00		10.87		5.000000e-01
1	2	123	323.43		3	3	3		3	1		4.00		1.73		5.000000e-01
1	2	124	332.22		2	2	2		2	1		4.00		0.88		5.000000e-01
1	2	125	340.98		2	2	2		2	1		6.00		1.41		6.500000e+00
1	2	126	357.75		4	3	3		4	0		8.00		1.10		5.000000e-01
1	2	127	370.52		2	2	2		2	1		6.00		1.28		1.500000e+00
1	2	128	382.29		2	2	2		2	1		8.00		0.59		1.500000e+00
1	2	129	396.05		4	4	4		4	1		4.00		1.55		1.500000e+00
1	2	130	405.84		4	3	3		4	0		6.00		1.17		2.500000e+00
1	2	131	418.61		2	2	2		2	1		6.00		0.81		1.500000e+00
1	2	132	430.37		2	1	1		2	0		8.00		1.07		3.500000e+00
1	2	133	446.14		1	1	1		1	1		8.00		0.83		3.500000e+00
1	2	134	461.91		1	1	1		1	1		4.00		1.53		6.500000e+00
1	2	135	476.68		3	4	4		3	0		6.00		1.70		1.500000e+00
1	2	136	488.44		2	2	2		2	1		4.00		1.78		4.500000e+00
1	2	137	501.21		2	2	2		2	1		4.00		0.82		1.500000e+00
1	2	138	511.00		4	4	4		4	1		6.00		1.68		5.500000e+00
1	2	139	526.76		4	4	4		4	1		8.00		1.11		5.000000e-01
1	2	140	539.53		3	4	4		3	0		4.00		0.82		5.000000e-01
1	2	141	548.31		3	3	3		3	1		6.00		0.85		3.500000e+00
1	2	142	562.10		2	2	2		2	1		6.00		8.23		5.000000e-01
1	2	143	572.87		3	3	3		3	1		6.00		0.96		3.500000e+00
1	2	144	586.63		1	1	1		1	1		6.00		0.73		2.500000e+00
1	2	145	599.40		2	2	2		2	1		4.00		0.75		5.000000e-01
1	2	146	608.19		4	4	4		4	1		6.00		0.92		4.500000e+00
1	2	147	622.95		1	1	1		1	1		4.00		5.74		8
1	2	148	639.22		3	4	4		3	0		4.00		0.81		3.500000e+00
1	2	149	650.99		1	1	1		1	1		6.00		0.95		6.500000e+00
1	2	150	667.76		1	1	1		1	1		4.00		1.43		7.500000e+00
1	2	151	683.52		1	1	1		1	1		4.00		6.50		3.500000e+00
1	2	152	695.29		2	2	2		2	1		8.00		9.71		1.500000e+00
1	2	153	709.06		3	4	4		3	0		8.00		0.81		6.500000e+00
1	2	154	727.83		3	4	4		3	0		6.00		8.54		6.500000e+00
1	2	155	744.59		4	4	4		4	1		6.00		7.87		5.000000e-01
1	2	156	755.36		3	4	4		3	0		8.00		9.97		4.500000e+00
1	2	157	772.13		2	2	2		2	1		8.00		1.49		5.000000e-01
1	2	158	784.90		2	1	1		2	0		6.00		1.39		3.500000e+00
1	2	159	798.67		4	3	3		4	0		4.00		2.06		5.500000e+00
1	2	160	812.43		4	4	4		3	0		8.00		1.00		8
1	2	161	832.70		3	3	3		3	1		4.00		6.07		1.500000e+00
1	2	162	842.48		4	4	4		4	1		4.00		5.47		1.500000e+00
1	2	163	852.27		2	2	2		2	1		8.00		0.81		5.000000e-01
1	2	164	865.04		1	2	2		1	0		4.00		0.73		3.500000e+00
1	2	165	876.80		2	2	2		2	1		6.00		0.92		5.000000e-01
1	2	166	887.59		4	3	3		4	0		6.00		1.69		3.500000e+00
1	2	167	901.36		3	3	3		3	1		6.00		1.51		1.500000e+00
1	2	168	913.12		4	4	4		4	1		8.00		0.87		5.000000e-01
1	2	169	925.89		1	2	2		1	0		6.00		0.62		5.000000e-01
1	2	170	936.66		1	1	1		2	0		4.00		1.09		5.000000e-01
1	2	171	945.44		1	1	1		1	1		8.00		0.98		3.500000e+00
1	2	172	961.21		3	4	4		3	0		8.00		0.78		4.500000e+00
1	2	173	977.98		2	1	1		2	0		4.00		0.76		5.000000e-01
1	2	174	986.76		1	1	1		1	1		6.00		0.81		3.500000e+00
1	2	175	1000.53		4	3	3		4	0		4.00		1.46		1.500000e+00
1	2	176	1010.30		1	1	1		1	1		4.00		5.47		1.500000e+00
1	2	177	1020.08		1	2	2		1	0		6.00		0.73		2.500000e+00
1	2	178	1032.85		1	1	1		1	1		8.00		0.68		5.000000e-01
1	2	179	1045.62		3	4	4		3	0		6.00		1.00		1.500000e+00
1	2	180	1057.38		4	4	4		3	0		4.00		0.49		8
Block	Phase	Trial	RunningTime	Cue	Image	CorrResp	Resp	Accuracy	ISI	RT_from_CueOnset	ITI
2	1	1	0.51		2	2	2		1	0		1.00		2.57		5.000000e-01
2	1	2	5.29		3	4	4		4	1		1.00		2.53		5.000000e-01
2	1	3	10.07		4	3	3		3	1		1.00		2.37		5.000000e-01
2	1	4	14.86		3	3	3		3	1		1.00		2.55		1.500000e+00
2	1	5	20.64		4	4	4		4	1		1.00		2.41		5.000000e-01
2	1	6	25.42		1	2	2		2	1		1.00		2.46		1.500000e+00
2	1	7	31.21		4	3	3		4	0		1.00		2.40		5.000000e-01
2	1	8	35.99		4	4	4		4	1		1.00		2.40		5.500000e+00
2	1	9	45.78		1	2	2		2	1		1.00		2.40		5.000000e-01
2	1	10	50.56		3	3	3		3	1		1.00		2.46		2.500000e+00
2	1	11	57.34		2	1	1		1	1		1.00		2.32		5.000000e-01
2	1	12	62.13		1	1	1		1	1		1.00		2.50		8
2	1	13	74.39		1	1	1		1	1		1.00		2.52		3.500000e+00
2	1	14	82.18		3	4	4		4	1		1.00		2.49		2.500000e+00
2	1	15	88.95		3	3	3		3	1		1.00		2.77		2.500000e+00
2	1	16	95.73		1	1	1		1	1		1.00		2.39		1.500000e+00
2	1	17	101.51		2	2	2		2	1		1.00		2.43		1.500000e+00
2	1	18	107.30		2	2	2		2	1		1.00		2.28		5.000000e-01
2	1	19	112.08		1	2	2		2	1		1.00		2.38		5.000000e-01
2	1	20	116.86		3	3	3		3	1		1.00		2.47		3.500000e+00
2	1	21	124.65		4	3	3		3	1		1.00		2.39		5.000000e-01
2	1	22	129.43		1	2	2		2	1		1.00		2.51		5.000000e-01
2	1	23	134.22		1	1	1		1	1		1.00		2.35		5.000000e-01
2	1	24	139.00		4	3	3		3	1		1.00		2.42		8
2	1	25	151.27		1	1	1		1	1		1.00		2.40		5.000000e-01
2	1	26	156.05		1	2	2		2	1		1.00		2.40		1.500000e+00
2	1	27	161.83		2	2	2		1	0		1.00		2.29		2.500000e+00
2	1	28	168.62		1	1	1		1	1		1.00		2.30		5.000000e-01
2	1	29	173.40		1	1	1		1	1		1.00		1.33		5.000000e-01
2	1	30	178.19		1	2	2		1	0		1.00		0.86		1.500000e+00
2	1	31	183.97		2	2	2		1	0		1.00		1.48		3.500000e+00
2	1	32	191.75		3	3	3		3	1		1.00		1.50		5.000000e-01
2	1	33	196.54		1	1	1		2	0		1.00		1.19		5.000000e-01
2	1	34	201.32		3	3	3		4	0		1.00		1.74		5.500000e+00
2	1	35	211.09		3	3	3		3	1		1.00		0.87		1.500000e+00
2	1	36	216.87		4	4	4		4	1		1.00		2.58		5.000000e-01
2	1	37	221.66		1	1	1		1	1		1.00		2.39		1.500000e+00
2	1	38	227.44		1	1	1		1	1		1.00		2.20		5.000000e-01
2	1	39	232.22		3	3	3		3	1		1.00		1.05		3.500000e+00
2	1	40	240.01		2	2	2		2	1		1.00		0.89		5.000000e-01
2	1	41	244.79		2	1	1		2	0		1.00		0.70		5.500000e+00
2	1	42	254.57		2	1	1		2	0		1.00		0.54		5.000000e-01
2	1	43	259.36		4	4	4		4	1		1.00		0.70		5.000000e-01
2	1	44	264.14		3	3	3		3	1		1.00		0.68		2.500000e+00
2	1	45	270.93		3	3	3		3	1		1.00		2.49		5.000000e-01
2	1	46	275.71		4	4	4		4	1		1.00		0.97		1.500000e+00
2	1	47	281.49		2	2	2		2	1		1.00		1.57		2.500000e+00
2	1	48	288.28		2	2	2		2	1		1.00		0.69		5.500000e+00
2	1	49	298.06		3	4	4		3	0		1.00		0.69		1.500000e+00
2	1	50	303.84		4	3	3		4	0		1.00		0.65		1.500000e+00
2	1	51	309.63		4	4	4		4	1		1.00		0.67		5.000000e-01
2	1	52	314.41		4	4	4		4	1		1.00		0.64		1.500000e+00
2	1	53	320.20		2	1	1		2	0		1.00		0.81		5.000000e-01
2	1	54	324.98		3	3	3		3	1		1.00		0.75		5.000000e-01
2	1	55	329.76		2	2	2		2	1		1.00		0.92		5.000000e-01
2	1	56	334.55		2	1	1		2	0		1.00		0.76		3.500000e+00
2	1	57	342.33		3	3	3		3	1		1.00		0.79		4.500000e+00
2	1	58	351.11		3	4	4		3	0		1.00		0.65		5.000000e-01
2	1	59	355.90		2	1	1		1	1		1.00		1.51		1.500000e+00
2	1	60	361.68		4	4	4		4	1		1.00		0.84		5.500000e+00
2	1	61	371.45		3	3	3		3	1		1.00		0.60		5.000000e-01
2	1	62	376.23		2	1	1		2	0		1.00		1.21		2.500000e+00
2	1	63	383.02		3	4	4		3	0		1.00		0.60		4.500000e+00
2	1	64	391.80		3	3	3		3	1		1.00		0.70		5.000000e-01
2	1	65	396.58		3	4	4		3	0		1.00		0.59		3.500000e+00
2	1	66	404.37		4	4	4		4	1		1.00		0.68		1.500000e+00
2	1	67	410.15		3	3	3		3	1		1.00		0.59		4.500000e+00
2	1	68	418.94		1	1	1		1	1		1.00		0.94		5.000000e-01
2	1	69	423.72		3	4	4		3	0		1.00		2.56		1.500000e+00
2	1	70	429.50		2	2	2		2	1		1.00		2.32		3.500000e+00
2	1	71	437.29		4	4	4		4	1		1.00		0.69		5.000000e-01
2	1	72	442.07		1	1	1		1	1		1.00		1.41		5.000000e-01
2	1	73	446.85		2	2	2		2	1		1.00		0.70		5.000000e-01
2	1	74	451.64		4	3	3		4	0		1.00		0.63		5.000000e-01
2	1	75	456.42		1	1	1		1	1		1.00		0.88		5.500000e+00
2	1	76	466.19		1	1	1		1	1		1.00		0.96		2.500000e+00
2	1	77	472.97		3	4	4		3	0		1.00		0.71		1.500000e+00
2	1	78	478.76		3	4	4		3	0		1.00		0.62		3.500000e+00
2	1	79	486.54		4	3	3		4	0		1.00		0.68		5.000000e-01
2	1	80	491.32		1	1	1		1	1		1.00		1.53		1.500000e+00
2	1	81	497.11		2	2	2		2	1		1.00		0.95		5.000000e-01
2	1	82	501.89		1	1	1		1	1		1.00		0.88		1.500000e+00
2	1	83	507.67		2	1	1		2	0		1.00		0.66		4.500000e+00
2	1	84	516.46		4	4	4		4	1		1.00		0.68		1.500000e+00
2	1	85	522.24		2	2	2		2	1		1.00		2.61		4.500000e+00
2	1	86	531.03		4	3	3		4	0		1.00		0.66		2.500000e+00
2	1	87	537.81		2	2	2		2	1		1.00		0.75		5.000000e-01
2	1	88	542.59		4	4	4		4	1		1.00		0.75		2.500000e+00
2	1	89	549.38		4	4	4		4	1		1.00		0.69		5.000000e-01
2	1	90	554.16		4	3	3		4	0		1.00		1.94		5.000000e-01
2	1	91	558.94		4	4	4		4	1		1.00		2.46		5.000000e-01
2	1	92	563.73		3	4	4		3	0		1.00		0.92		5.000000e-01
2	1	93	568.51		2	2	2		2	1		1.00		1.37		5.500000e+00
2	1	94	578.30		4	3	3		4	0		1.00		0.66		5.000000e-01
2	1	95	583.08		4	4	4		4	1		1.00		1.70		1.500000e+00
2	1	96	588.86		1	1	1		1	1		1.00		2.13		5.000000e-01
2	1	97	593.65		2	2	2		2	1		1.00		0.83		1.500000e+00
2	1	98	599.43		2	2	2		2	1		1.00		0.47		3.500000e+00
2	1	99	607.21		1	1	1		1	1		1.00		0.80		5.000000e-01
2	1	100	612.00		1	2	2		1	0		1.00		0.50		1.500000e+00
2	2	101	0.51		4	3	3		4	0		4.00		5.91		5.500000e+00
2	2	102	14.28		1	1	1		1	1		4.00		5.51		1.500000e+00
2	2	103	24.06		3	3	3		3	1		8.00		0.92		5.000000e-01
2	2	104	36.83		1	1	1		1	1		8.00		0.91		8
2	2	105	57.10		4	4	4		4	1		8.00		1.12		1.500000e+00
2	2	106	70.86		2	1	1		2	0		4.00		1.00		5.000000e-01
2	2	107	79.65		3	4	4		3	0		4.00		5.77		5.000000e-01
2	2	108	88.43		2	2	2		2	1		4.00		1.80		5.000000e-01
2	2	109	97.21		4	3	3		4	0		4.00		1.27		1.500000e+00
2	2	110	107.00		4	3	3		4	0		8.00		0.81		5.000000e-01
2	2	111	119.77		4	3	3		4	0		6.00		0.78		3.500000e+00
2	2	112	133.53		4	4	4		4	1		4.00		6.11		8
2	2	113	149.80		2	2	2		2	1		6.00		1.11		1.500000e+00
2	2	114	161.57		2	2	2		2	1		4.00		5.50		5.000000e-01
2	2	115	170.35		3	3	3		4	0		8.00		10.87		4.500000e+00
2	2	116	187.12		2	1	1		2	0		8.00		1.29		1.500000e+00
2	2	117	200.89		2	1	1		2	0		8.00		10.64		3.500000e+00
2	2	118	216.66		1	1	1		1	1		6.00		1.16		6.500000e+00
2	2	119	233.42		1	1	1		1	1		4.00		0.81		3.500000e+00
2	2	120	245.19		2	1	1		2	0		6.00		1.21		1.500000e+00
2	2	121	256.96		3	4	4		3	0		8.00		9.67		6.500000e+00
2	2	122	275.73		4	3	3		4	0		6.00		2.88		5.000000e-01
2	2	123	286.49		1	1	1		1	1		8.00		0.94		3.500000e+00
2	2	124	302.26		3	4	4		3	0		8.00		0.72		8
2	2	125	322.53		3	3	3		3	1		4.00		0.75		1.500000e+00
2	2	126	332.30		4	4	4		4	1		4.00		0.71		1.500000e+00
2	2	127	342.08		2	2	2		2	1		8.00		1.09		5.000000e-01
2	2	128	354.85		4	4	4		4	1		6.00		0.63		5.500000e+00
2	2	129	370.62		3	3	3		3	1		6.00		0.71		1.500000e+00
2	2	130	382.38		1	1	1		1	1		6.00		1.04		1.500000e+00
2	2	131	394.15		4	4	4		4	1		6.00		0.73		5.000000e-01
2	2	132	404.92		4	4	4		4	1		6.00		1.61		4.500000e+00
2	2	133	419.69		1	1	1		2	0		6.00		7.90		2.500000e+00
2	2	134	432.45		3	3	3		3	1		6.00		0.81		3.500000e+00
2	2	135	446.22		1	1	1		1	1		6.00		7.67		3.500000e+00
2	2	136	459.99		3	3	3		3	1		6.00		0.65		3.500000e+00
2	2	137	473.76		4	3	3		4	0		4.00		0.65		5.500000e+00
2	2	138	487.52		4	4	4		4	1		4.00		0.79		1.500000e+00
2	2	139	497.29		3	3	3		3	1		8.00		0.60		1.500000e+00
2	2	140	511.06		1	1	1		1	1		6.00		0.72		8
2	2	141	529.33		1	1	1		1	1		4.00		0.68		6.500000e+00
2	2	142	544.10		1	1	1		2	0		4.00		5.67		8
2	2	143	560.36		1	2	2		1	0		8.00		1.72		3.500000e+00
2	2	144	576.13		1	2	2		1	0		6.00		2.34		5.000000e-01
2	2	145	586.90		2	1	1		2	0		4.00		0.75		8
2	2	146	603.17		4	4	4		4	1		4.00		0.74		5.000000e-01
2	2	147	611.95		1	2	2		1	0		4.00		0.86		7.500000e+00
2	2	148	627.72		4	4	4		4	1		8.00		0.97		5.000000e-01
2	2	149	640.49		2	2	2		2	1		4.00		1.31		2.500000e+00
2	2	150	651.27		2	1	1		2	0		8.00		1.01		7.500000e+00
2	2	151	671.04		3	3	3		3	1		8.00		0.71		8
2	2	152	691.31		4	4	4		4	1		8.00		0.66		5.000000e-01
2	2	153	704.07		3	4	4		3	0		4.00		0.68		3.500000e+00
2	2	154	715.84		3	3	3		4	0		4.00		0.63		5.000000e-01
2	2	155	724.61		2	2	2		2	1		8.00		0.94		1.500000e+00
2	2	156	738.38		4	3	3		4	0		6.00		0.61		2.500000e+00
2	2	157	751.14		3	3	3		3	1		4.00		0.58		5.000000e-01
2	2	158	759.93		2	1	1		2	0		6.00		0.74		3.500000e+00
2	2	159	773.69		2	2	2		2	1		6.00		0.58		6.500000e+00
2	2	160	790.46		3	4	4		3	0		6.00		0.59		6.500000e+00
2	2	161	807.23		2	2	2		2	1		6.00		0.73		5.000000e-01
2	2	162	818.00		3	4	4		3	0		8.00		0.96		4.500000e+00
2	2	163	834.76		1	2	2		1	0		6.00		0.90		2.500000e+00
2	2	164	847.53		2	2	2		2	1		4.00		0.60		4.500000e+00
2	2	165	860.30		2	2	2		2	1		8.00		0.58		8
2	2	166	880.57		1	1	1		1	1		8.00		0.63		5.000000e-01
2	2	167	893.34		2	2	2		2	1		8.00		0.68		5.000000e-01
2	2	168	906.10		1	2	2		1	0		8.00		0.58		1.500000e+00
2	2	169	919.87		1	2	2		1	0		4.00		0.49		3.500000e+00
2	2	170	931.64		1	1	1		1	1		8.00		0.53		2.500000e+00
2	2	171	946.41		3	4	4		3	0		6.00		0.65		1.500000e+00
2	2	172	958.17		1	1	1		1	1		4.00		0.58		5.000000e-01
2	2	173	966.96		3	3	3		3	1		6.00		0.64		4.500000e+00
2	2	174	981.72		3	4	4		3	0		6.00		0.61		1.500000e+00
2	2	175	993.49		4	3	3		4	0		8.00		9.97		1.500000e+00
2	2	176	1007.26		3	3	3		3	1		4.00		0.73		4.500000e+00
2	2	177	1020.03		4	4	4		4	1		8.00		0.87		5.000000e-01
2	2	178	1032.79		2	2	2		1	0		4.00		0.74		1.500000e+00
2	2	179	1042.58		2	2	2		2	1		6.00		0.50		5.000000e-01
2	2	180	1053.35		4	4	4		4	1		8.00		0.81		8
