*********************************************
* Combray
* Date/Time: 10-Dec-2015 15:20:08
* Seed: 207956.636
* Subject Number: 40
* Subject Name: DT
*********************************************

Block	Phase	Trial	RunningTime	Cue	Image	CorrResp	Resp	Accuracy	ISI	RT_from_CueOnset	ITI
1	1	1	0.52		2	1	1		1	1		1.00		2.43		5.000000e-01
1	1	2	5.30		4	3	3		3	1		1.00		2.41		5.000000e-01
1	1	3	10.08		2	2	2		1	0		1.00		1.37		5.000000e-01
1	1	4	14.87		3	4	4		4	1		1.00		2.48		1.500000e+00
1	1	5	20.65		3	4	4		4	1		1.00		2.34		8
1	1	6	32.93		3	3	3		4	0		1.00		0.96		1.500000e+00
1	1	7	38.72		3	4	4		4	1		1.00		2.51		5.500000e+00
1	1	8	48.50		1	2	2		2	1		1.00		2.28		5.500000e+00
1	1	9	58.29		1	1	1		1	1		1.00		2.45		4.500000e+00
1	1	10	67.07		2	2	2		2	1		1.00		2.46		5.000000e-01
1	1	11	71.85		3	3	3		3	1		1.00		2.40		2.500000e+00
1	1	12	78.64		3	3	3		3	1		1.00		2.40		5.000000e-01
1	1	13	83.42		4	4	4		4	1		1.00		2.79		1.500000e+00
1	1	14	89.20		2	2	2		NaN	NaN		1.00		NaN		1.500000e+00
1	1	15	94.99		3	4	4		2	0		1.00		3.49		2.500000e+00
1	1	16	101.77		4	4	4		4	1		1.00		2.30		2.500000e+00
1	1	17	108.56		3	3	3		3	1		1.00		2.40		5.000000e-01
1	1	18	113.34		3	3	3		3	1		1.00		2.33		1.500000e+00
1	1	19	119.12		1	1	1		1	1		1.00		2.41		3.500000e+00
1	1	20	126.91		1	2	2		2	1		1.00		2.58		2.500000e+00
1	1	21	133.69		2	2	2		2	1		1.00		2.45		5.000000e-01
1	1	22	138.47		2	2	2		NaN	NaN		1.00		NaN		1.500000e+00
1	1	23	144.26		3	3	3		3	1		1.00		2.33		5.500000e+00
1	1	24	154.04		3	4	4		NaN	NaN		1.00		NaN		5.000000e-01
1	1	25	158.83		1	1	1		1	1		1.00		2.38		5.000000e-01
1	1	26	163.61		4	3	3		3	1		1.00		2.45		5.000000e-01
1	1	27	168.39		2	1	1		1	1		1.00		2.33		5.000000e-01
1	1	28	173.18		1	1	1		1	1		1.00		2.28		3.500000e+00
1	1	29	180.96		1	2	2		2	1		1.00		2.35		5.000000e-01
1	1	30	185.74		2	1	1		1	1		1.00		2.39		1.500000e+00
1	1	31	191.53		4	4	4		4	1		1.00		2.53		5.000000e-01
1	1	32	196.31		4	4	4		4	1		1.00		2.48		1.500000e+00
1	1	33	202.10		2	2	2		2	1		1.00		3.52		2.500000e+00
1	1	34	208.88		2	2	2		2	1		1.00		2.56		1.500000e+00
1	1	35	214.66		1	2	2		2	1		1.00		2.52		1.500000e+00
1	1	36	220.45		2	2	2		NaN	NaN		1.00		NaN		2.500000e+00
1	1	37	227.23		2	2	2		2	1		1.00		2.24		3.500000e+00
1	1	38	235.01		3	4	4		4	1		1.00		2.39		1.500000e+00
1	1	39	240.80		1	2	2		2	1		1.00		2.49		4.500000e+00
1	1	40	249.58		4	3	3		3	1		1.00		2.53		5.500000e+00
1	1	41	259.37		1	1	1		1	1		1.00		2.39		5.000000e-01
1	1	42	264.15		4	3	3		3	1		1.00		2.57		5.000000e-01
1	1	43	268.93		3	3	3		NaN	NaN		1.00		NaN		3.500000e+00
1	1	44	276.72		1	2	2		2	1		1.00		2.43		1.500000e+00
1	1	45	282.50		2	1	1		1	1		1.00		2.28		3.500000e+00
1	1	46	290.28		4	3	3		3	1		1.00		2.26		3.500000e+00
1	1	47	298.07		3	3	3		3	1		1.00		2.35		4.500000e+00
1	1	48	306.85		1	1	1		1	1		1.00		1.48		5.000000e-01
1	1	49	311.64		4	4	4		3	0		1.00		1.19		5.000000e-01
1	1	50	316.42		1	1	1		1	1		1.00		1.35		5.000000e-01
1	1	51	321.20		2	2	2		2	1		1.00		1.25		1.500000e+00
1	1	52	326.99		4	3	3		3	1		1.00		1.31		5.000000e-01
1	1	53	331.77		3	4	4		4	1		1.00		2.59		5.000000e-01
1	1	54	336.55		4	3	3		4	0		1.00		2.04		5.000000e-01
1	1	55	341.34		2	1	1		1	1		1.00		1.22		3.500000e+00
1	1	56	349.12		1	1	1		1	1		1.00		0.92		5.000000e-01
1	1	57	353.91		1	1	1		1	1		1.00		0.88		5.000000e-01
1	1	58	358.69		1	1	1		1	1		1.00		1.40		4.500000e+00
1	1	59	367.47		3	3	3		4	0		1.00		0.83		1.500000e+00
1	1	60	373.26		3	4	4		3	0		1.00		0.68		5.000000e-01
1	1	61	378.04		2	2	2		1	0		1.00		0.67		5.000000e-01
1	1	62	382.82		1	2	2		1	0		1.00		0.73		4.500000e+00
1	1	63	391.61		3	3	3		3	1		1.00		2.49		2.500000e+00
1	1	64	398.39		2	1	1		1	1		1.00		0.64		2.500000e+00
1	1	65	405.18		2	1	1		NaN	NaN		1.00		NaN		5.500000e+00
1	1	66	414.96		4	3	3		3	1		1.00		2.34		5.000000e-01
1	1	67	419.74		2	1	1		1	1		1.00		0.71		5.000000e-01
1	1	68	424.53		2	2	2		1	0		1.00		0.94		5.000000e-01
1	1	69	429.31		4	4	4		4	1		1.00		2.46		1.500000e+00
1	1	70	435.09		3	4	4		4	1		1.00		2.48		5.000000e-01
1	1	71	439.88		1	2	2		1	0		1.00		0.90		5.500000e+00
1	1	72	449.66		4	4	4		4	1		1.00		2.52		3.500000e+00
1	1	73	457.45		4	3	3		NaN	NaN		1.00		NaN		5.000000e-01
1	1	74	462.23		4	3	3		3	1		1.00		2.40		8
1	1	75	474.51		4	3	3		NaN	NaN		1.00		NaN		5.000000e-01
1	1	76	479.30		4	4	4		3	0		1.00		2.26		5.000000e-01
1	1	77	484.08		1	1	1		1	1		1.00		2.46		5.000000e-01
1	1	78	488.86		1	1	1		1	1		1.00		2.29		1.500000e+00
1	1	79	494.65		1	1	1		1	1		1.00		2.22		1.500000e+00
1	1	80	500.43		3	3	3		3	1		1.00		1.47		5.000000e-01
1	1	81	505.22		2	1	1		1	1		1.00		0.86		5.000000e-01
1	1	82	510.00		4	4	4		4	1		1.00		1.75		5.000000e-01
1	1	83	514.78		2	2	2		1	0		1.00		1.13		2.500000e+00
1	1	84	521.57		2	1	1		2	0		1.00		0.81		1.500000e+00
1	1	85	527.35		3	4	4		3	0		1.00		0.94		5.000000e-01
1	1	86	532.13		1	1	1		1	1		1.00		3.20		5.000000e-01
1	1	87	536.92		2	2	2		2	1		1.00		2.20		5.500000e+00
1	1	88	546.70		3	3	3		3	1		1.00		0.80		2.500000e+00
1	1	89	553.49		4	4	4		4	1		1.00		2.61		5.000000e-01
1	1	90	558.27		4	3	3		NaN	NaN		1.00		NaN		1.500000e+00
1	1	91	564.05		1	2	2		2	1		1.00		2.42		1.500000e+00
1	1	92	569.84		2	2	2		2	1		1.00		2.37		3.500000e+00
1	1	93	577.62		3	3	3		3	1		1.00		2.52		5.000000e-01
1	1	94	582.40		3	4	4		NaN	NaN		1.00		NaN		5.000000e-01
1	1	95	587.19		3	4	4		4	1		1.00		2.48		1.500000e+00
1	1	96	592.97		4	4	4		4	1		1.00		2.44		5.000000e-01
1	1	97	597.76		1	2	2		NaN	NaN		1.00		NaN		1.500000e+00
1	1	98	603.54		1	1	1		1	1		1.00		2.38		5.000000e-01
1	1	99	608.32		4	3	3		NaN	NaN		1.00		NaN		5.000000e-01
1	1	100	613.11		4	4	4		NaN	NaN		1.00		NaN		5.000000e-01
1	2	101	0.51		2	2	2		1	0		6.00		7.28		6.500000e+00
1	2	102	17.29		2	2	2		2	1		6.00		7.43		4.500000e+00
1	2	103	32.08		4	3	3		3	1		8.00		10.20		3.500000e+00
1	2	104	47.86		1	1	1		1	1		8.00		9.50		6.500000e+00
1	2	105	66.65		3	4	4		3	0		4.00		5.80		1.500000e+00
1	2	106	76.43		3	3	3		3	1		6.00		7.87		1.500000e+00
1	2	107	88.21		4	3	3		4	0		4.00		5.97		1.500000e+00
1	2	108	98.00		2	2	2		1	0		4.00		5.58		1.500000e+00
1	2	109	107.78		4	4	4		4	1		4.00		5.83		3.500000e+00
1	2	110	119.57		2	1	1		1	1		8.00		9.53		1.500000e+00
1	2	111	133.35		4	3	3		3	1		6.00		7.93		6.500000e+00
1	2	112	150.13		3	3	3		3	1		8.00		10.60		6.500000e+00
1	2	113	168.92		1	2	2		NaN	0		8.00		NaN		5.000000e-01
1	2	114	181.70		3	3	3		3	1		6.00		7.65		1.500000e+00
1	2	115	193.49		1	1	1		1	1		4.00		5.47		3.500000e+00
1	2	116	205.27		2	1	1		1	1		4.00		5.38		3.500000e+00
1	2	117	217.06		2	1	1		1	1		6.00		7.51		1.500000e+00
1	2	118	228.84		3	4	4		4	1		8.00		10.15		5.500000e+00
1	2	119	246.62		1	1	1		1	1		8.00		9.38		2.500000e+00
1	2	120	261.41		2	2	2		2	1		8.00		9.60		5.000000e-01
1	2	121	274.19		4	4	4		3	0		6.00		7.83		5.000000e-01
1	2	122	284.98		1	2	2		2	1		6.00		8.01		4.500000e+00
1	2	123	299.76		3	4	4		3	0		8.00		10.30		5.000000e-01
1	2	124	312.55		3	3	3		4	0		4.00		5.73		2.500000e+00
1	2	125	323.33		4	4	4		4	1		8.00		9.73		3.500000e+00
1	2	126	339.11		1	1	1		1	1		6.00		7.77		5.000000e-01
1	2	127	349.90		1	2	2		2	1		6.00		7.61		5.000000e-01
1	2	128	360.68		4	3	3		3	1		4.00		5.90		8
1	2	129	376.97		4	4	4		4	1		6.00		7.77		4.500000e+00
1	2	130	391.75		3	4	4		3	0		4.00		5.77		3.500000e+00
1	2	131	403.53		1	1	1		2	0		8.00		10.10		8
1	2	132	423.82		1	2	2		2	1		6.00		7.58		1.500000e+00
1	2	133	435.60		3	4	4		4	1		8.00		10.71		1.500000e+00
1	2	134	449.39		4	4	4		4	1		4.00		5.57		8
1	2	135	465.67		3	4	4		4	1		6.00		7.63		8
1	2	136	483.96		2	1	1		1	1		4.00		1.46		3.500000e+00
1	2	137	495.74		2	2	2		2	1		6.00		7.60		8
1	2	138	514.03		1	1	1		1	1		8.00		9.53		5.000000e-01
1	2	139	526.81		2	1	1		1	1		8.00		0.91		3.500000e+00
1	2	140	542.59		2	1	1		1	1		6.00		7.83		2.500000e+00
1	2	141	555.38		1	1	1		1	1		4.00		5.57		7.500000e+00
1	2	142	571.16		1	1	1		1	1		6.00		7.53		1.500000e+00
1	2	143	582.95		1	1	1		1	1		6.00		7.61		1.500000e+00
1	2	144	594.73		1	2	2		2	1		4.00		5.67		5.500000e+00
1	2	145	608.52		4	3	3		3	1		6.00		7.83		4.500000e+00
1	2	146	623.30		3	4	4		4	1		4.00		5.70		2.500000e+00
1	2	147	634.08		4	4	4		4	1		4.00		5.97		5.000000e-01
1	2	148	642.87		4	3	3		3	1		6.00		7.85		1.500000e+00
1	2	149	654.65		1	1	1		1	1		4.00		5.70		4.500000e+00
1	2	150	667.44		3	4	4		4	1		6.00		7.60		5.000000e-01
1	2	151	678.22		4	3	3		4	0		8.00		9.53		5.000000e-01
1	2	152	691.00		4	4	4		4	1		8.00		9.85		5.000000e-01
1	2	153	703.79		2	2	2		1	0		4.00		5.53		3.500000e+00
1	2	154	715.57		4	3	3		4	0		4.00		5.65		1.500000e+00
1	2	155	725.36		2	2	2		1	0		4.00		0.83		1.500000e+00
1	2	156	735.14		3	3	3		4	0		6.00		7.97		5.000000e-01
1	2	157	745.92		3	4	4		4	1		8.00		9.48		5.000000e-01
1	2	158	758.71		3	4	4		4	1		6.00		8.10		5.000000e-01
1	2	159	769.49		1	1	1		1	1		4.00		5.67		5.000000e-01
1	2	160	778.28		4	4	4		4	1		8.00		9.64		1.500000e+00
1	2	161	792.06		2	2	2		2	1		8.00		9.71		6.500000e+00
1	2	162	810.85		1	2	2		2	1		8.00		9.88		1.500000e+00
1	2	163	824.63		4	4	4		4	1		6.00		7.94		5.000000e-01
1	2	164	835.41		2	2	2		1	0		8.00		9.78		3.500000e+00
1	2	165	851.20		2	2	2		1	0		6.00		0.84		1.500000e+00
1	2	166	862.98		1	2	2		2	1		4.00		5.73		5.000000e-01
1	2	167	871.77		4	3	3		4	0		8.00		9.57		2.500000e+00
1	2	168	886.55		2	2	2		2	1		8.00		10.10		5.000000e-01
1	2	169	899.33		1	2	2		2	1		4.00		5.47		5.000000e-01
1	2	170	908.12		4	3	3		4	0		4.00		5.60		7.500000e+00
1	2	171	923.90		3	3	3		3	1		4.00		5.72		8
1	2	172	940.19		3	3	3		4	0		6.00		7.64		8
1	2	173	958.47		2	1	1		1	1		4.00		5.80		8
1	2	174	974.76		4	4	4		4	1		8.00		9.80		5.500000e+00
1	2	175	992.54		2	2	2		2	1		4.00		5.94		8
1	2	176	1008.83		2	1	1		1	1		8.00		9.67		3.500000e+00
1	2	177	1024.61		3	3	3		3	1		8.00		9.60		4.500000e+00
1	2	178	1041.39		3	3	3		3	1		4.00		5.54		5.000000e-01
1	2	179	1050.18		3	3	3		3	1		8.00		9.64		5.000000e-01
1	2	180	1062.96		1	1	1		1	1		6.00		7.80		1.500000e+00
Block	Phase	Trial	RunningTime	Cue	Image	CorrResp	Resp	Accuracy	ISI	RT_from_CueOnset	ITI
2	1	1	0.50		3	3	3		4	0		1.00		2.52		2.500000e+00
2	1	2	7.29		3	3	3		3	1		1.00		2.15		1.500000e+00
2	1	3	13.07		3	3	3		3	1		1.00		0.54		3.500000e+00
2	1	4	20.86		3	4	4		3	0		1.00		1.33		5.500000e+00
2	1	5	30.64		2	2	2		2	1		1.00		2.62		5.000000e-01
2	1	6	35.42		4	4	4		4	1		1.00		2.41		5.000000e-01
2	1	7	40.21		3	3	3		3	1		1.00		1.26		5.000000e-01
2	1	8	44.99		4	3	3		4	0		1.00		1.49		5.000000e-01
2	1	9	49.77		4	3	3		3	1		1.00		2.28		3.500000e+00
2	1	10	57.56		1	2	2		2	1		1.00		2.44		5.500000e+00
2	1	11	67.34		2	2	2		2	1		1.00		2.41		5.000000e-01
2	1	12	72.13		4	3	3		3	1		1.00		2.47		5.000000e-01
2	1	13	76.91		4	4	4		4	1		1.00		2.32		5.000000e-01
2	1	14	81.69		1	1	1		1	1		1.00		2.28		5.000000e-01
2	1	15	86.48		4	4	4		3	0		1.00		2.22		8
2	1	16	98.76		2	2	2		2	1		1.00		2.29		1.500000e+00
2	1	17	104.54		3	3	3		3	1		1.00		2.40		1.500000e+00
2	1	18	110.33		4	4	4		4	1		1.00		2.40		5.000000e-01
2	1	19	115.11		2	2	2		2	1		1.00		2.44		5.000000e-01
2	1	20	119.90		1	1	1		1	1		1.00		2.27		5.000000e-01
2	1	21	124.68		3	3	3		3	1		1.00		2.41		5.500000e+00
2	1	22	134.46		1	2	2		1	0		1.00		2.32		2.500000e+00
2	1	23	141.25		2	2	2		2	1		1.00		2.33		3.500000e+00
2	1	24	149.03		3	3	3		3	1		1.00		2.43		4.500000e+00
2	1	25	157.81		2	2	2		2	1		1.00		2.49		3.500000e+00
2	1	26	165.60		3	3	3		3	1		1.00		2.35		5.000000e-01
2	1	27	170.38		1	1	1		1	1		1.00		2.50		5.000000e-01
2	1	28	175.17		3	3	3		3	1		1.00		2.38		8
2	1	29	187.45		4	3	3		3	1		1.00		2.39		5.500000e+00
2	1	30	197.23		1	1	1		1	1		1.00		2.44		1.500000e+00
2	1	31	203.02		4	4	4		4	1		1.00		2.49		5.000000e-01
2	1	32	207.80		4	3	3		3	1		1.00		2.38		5.000000e-01
2	1	33	212.59		1	1	1		1	1		1.00		2.32		5.000000e-01
2	1	34	217.37		1	1	1		1	1		1.00		2.33		5.000000e-01
2	1	35	222.15		2	2	2		2	1		1.00		2.44		2.500000e+00
2	1	36	228.94		3	4	4		4	1		1.00		2.47		1.500000e+00
2	1	37	234.72		4	4	4		4	1		1.00		2.43		2.500000e+00
2	1	38	241.50		4	4	4		4	1		1.00		2.53		5.000000e-01
2	1	39	246.29		3	3	3		3	1		1.00		2.68		5.000000e-01
2	1	40	251.07		2	2	2		2	1		1.00		2.41		5.000000e-01
2	1	41	255.85		2	2	2		2	1		1.00		2.30		2.500000e+00
2	1	42	262.64		1	1	1		1	1		1.00		2.33		5.000000e-01
2	1	43	267.42		4	3	3		3	1		1.00		2.46		5.000000e-01
2	1	44	272.21		1	1	1		1	1		1.00		2.39		5.000000e-01
2	1	45	276.99		1	1	1		1	1		1.00		2.34		4.500000e+00
2	1	46	285.77		3	3	3		3	1		1.00		2.37		5.000000e-01
2	1	47	290.56		3	4	4		4	1		1.00		2.41		1.500000e+00
2	1	48	296.34		4	3	3		3	1		1.00		2.42		5.000000e-01
2	1	49	301.12		2	2	2		2	1		1.00		2.59		3.500000e+00
2	1	50	308.91		3	4	4		4	1		1.00		2.44		5.000000e-01
2	1	51	313.69		3	4	4		4	1		1.00		2.38		5.000000e-01
2	1	52	318.48		1	1	1		1	1		1.00		2.41		3.500000e+00
2	1	53	326.26		2	1	1		1	1		1.00		2.34		5.000000e-01
2	1	54	331.04		4	4	4		4	1		1.00		2.36		5.000000e-01
2	1	55	335.83		2	2	2		1	0		1.00		2.37		5.000000e-01
2	1	56	340.61		1	1	1		1	1		1.00		2.32		1.500000e+00
2	1	57	346.39		1	2	2		2	1		1.00		2.32		1.500000e+00
2	1	58	352.18		4	4	4		4	1		1.00		2.46		5.000000e-01
2	1	59	356.96		4	4	4		4	1		1.00		2.37		5.000000e-01
2	1	60	361.75		3	3	3		3	1		1.00		2.45		5.000000e-01
2	1	61	366.53		2	2	2		2	1		1.00		2.35		5.000000e-01
2	1	62	371.31		2	1	1		1	1		1.00		2.34		5.000000e-01
2	1	63	376.10		3	3	3		3	1		1.00		2.36		2.500000e+00
2	1	64	382.88		3	3	3		3	1		1.00		2.33		1.500000e+00
2	1	65	388.66		1	2	2		2	1		1.00		2.44		4.500000e+00
2	1	66	397.45		3	3	3		3	1		1.00		2.32		1.500000e+00
2	1	67	403.23		4	4	4		4	1		1.00		2.33		5.000000e-01
2	1	68	408.01		4	4	4		4	1		1.00		2.39		3.500000e+00
2	1	69	415.80		3	4	4		4	1		1.00		2.36		5.000000e-01
2	1	70	420.58		1	1	1		1	1		1.00		2.48		1.500000e+00
2	1	71	426.37		2	1	1		1	1		1.00		2.32		5.000000e-01
2	1	72	431.15		4	4	4		4	1		1.00		2.51		1.500000e+00
2	1	73	436.93		2	2	2		2	1		1.00		2.50		1.500000e+00
2	1	74	442.72		4	4	4		4	1		1.00		2.63		5.000000e-01
2	1	75	447.50		2	2	2		2	1		1.00		2.52		2.500000e+00
2	1	76	454.28		1	2	2		2	1		1.00		2.34		1.500000e+00
2	1	77	460.07		2	1	1		1	1		1.00		2.41		5.500000e+00
2	1	78	469.85		2	2	2		2	1		1.00		2.43		2.500000e+00
2	1	79	476.64		1	1	1		1	1		1.00		2.43		3.500000e+00
2	1	80	484.42		2	2	2		2	1		1.00		2.34		1.500000e+00
2	1	81	490.20		3	3	3		3	1		1.00		2.51		2.500000e+00
2	1	82	496.99		2	2	2		2	1		1.00		2.66		1.500000e+00
2	1	83	502.77		4	4	4		4	1		1.00		2.38		1.500000e+00
2	1	84	508.55		2	2	2		3	0		1.00		2.47		3.500000e+00
2	1	85	516.34		4	3	3		3	1		1.00		2.67		1.500000e+00
2	1	86	522.12		2	2	2		2	1		1.00		2.30		5.500000e+00
2	1	87	531.91		3	4	4		4	1		1.00		2.44		5.000000e-01
2	1	88	536.69		3	3	3		3	1		1.00		2.53		2.500000e+00
2	1	89	543.47		1	1	1		1	1		1.00		2.58		5.000000e-01
2	1	90	548.26		1	1	1		1	1		1.00		2.42		5.000000e-01
2	1	91	553.04		4	4	4		4	1		1.00		2.42		1.500000e+00
2	1	92	558.83		4	4	4		4	1		1.00		2.36		5.000000e-01
2	1	93	563.61		1	1	1		1	1		1.00		2.45		1.500000e+00
2	1	94	569.39		2	2	2		2	1		1.00		2.45		1.500000e+00
2	1	95	575.18		1	1	1		1	1		1.00		2.44		5.500000e+00
2	1	96	584.96		2	1	1		1	1		1.00		2.44		1.500000e+00
2	1	97	590.74		3	3	3		3	1		1.00		2.41		5.000000e-01
2	1	98	595.53		1	1	1		1	1		1.00		2.50		4.500000e+00
2	1	99	604.31		1	1	1		1	1		1.00		2.34		5.000000e-01
2	1	100	609.10		1	1	1		1	1		1.00		2.46		4.500000e+00
2	2	101	0.51		4	3	3		3	1		6.00		7.73		4.500000e+00
2	2	102	15.30		1	1	1		1	1		4.00		6.13		5.000000e-01
2	2	103	24.08		4	4	4		4	1		6.00		7.60		5.000000e-01
2	2	104	34.86		3	3	3		3	1		4.00		5.73		2.500000e+00
2	2	105	45.65		2	2	2		2	1		6.00		7.97		1.500000e+00
2	2	106	57.43		2	2	2		2	1		8.00		9.67		3.500000e+00
2	2	107	73.22		3	3	3		3	1		8.00		9.77		5.000000e-01
2	2	108	86.00		1	1	1		1	1		6.00		8.00		1.500000e+00
2	2	109	97.78		2	2	2		2	1		4.00		5.62		8
2	2	110	114.07		3	3	3		4	0		6.00		7.77		5.000000e-01
2	2	111	124.85		3	3	3		3	1		4.00		5.54		5.000000e-01
2	2	112	133.64		4	4	4		4	1		8.00		9.87		1.500000e+00
2	2	113	147.42		2	2	2		2	1		6.00		7.93		6.500000e+00
2	2	114	164.21		1	1	1		1	1		8.00		10.11		6.500000e+00
2	2	115	182.99		3	4	4		4	1		4.00		5.95		3.500000e+00
2	2	116	194.77		1	2	2		2	1		4.00		5.67		5.500000e+00
2	2	117	208.56		1	2	2		2	1		6.00		7.70		5.000000e-01
2	2	118	219.34		1	1	1		1	1		8.00		9.77		2.500000e+00
2	2	119	234.13		4	4	4		4	1		4.00		5.64		3.500000e+00
2	2	120	245.91		2	2	2		2	1		4.00		5.83		8
2	2	121	262.20		3	3	3		4	0		8.00		9.77		5.000000e-01
2	2	122	274.98		2	1	1		1	1		8.00		9.67		1.500000e+00
2	2	123	288.76		3	4	4		4	1		8.00		9.80		1.500000e+00
2	2	124	302.55		1	1	1		1	1		4.00		5.67		7.500000e+00
2	2	125	318.33		1	1	1		1	1		6.00		7.54		5.000000e-01
2	2	126	329.12		2	2	2		2	1		4.00		5.85		3.500000e+00
2	2	127	340.90		3	4	4		4	1		6.00		7.53		5.000000e-01
2	2	128	351.69		1	1	1		1	1		8.00		9.57		5.000000e-01
2	2	129	364.47		3	3	3		3	1		4.00		5.93		8
2	2	130	380.75		2	2	2		2	1		4.00		5.58		1.500000e+00
2	2	131	390.54		3	3	3		3	1		6.00		7.65		8
2	2	132	408.82		2	1	1		1	1		4.00		5.98		3.500000e+00
2	2	133	420.61		1	2	2		2	1		6.00		8.10		1.500000e+00
2	2	134	432.39		2	2	2		2	1		8.00		9.77		5.000000e-01
2	2	135	445.17		3	4	4		4	1		4.00		5.70		1.500000e+00
2	2	136	454.96		1	1	1		1	1		8.00		10.20		8
2	2	137	475.24		3	3	3		3	1		4.00		5.70		2.500000e+00
2	2	138	486.03		1	1	1		2	0		6.00		7.70		4.500000e+00
2	2	139	500.81		4	4	4		4	1		6.00		7.88		1.500000e+00
2	2	140	512.60		4	3	3		3	1		4.00		5.67		1.500000e+00
2	2	141	522.38		4	4	4		4	1		8.00		9.67		5.000000e-01
2	2	142	535.16		4	3	3		3	1		6.00		7.71		6.500000e+00
2	2	143	551.95		2	1	1		1	1		8.00		9.70		3.500000e+00
2	2	144	567.73		4	4	4		4	1		4.00		5.82		7.500000e+00
2	2	145	583.52		2	2	2		1	0		8.00		9.78		6.500000e+00
2	2	146	602.30		1	1	1		1	1		4.00		6.41		5.000000e-01
2	2	147	611.09		2	2	2		2	1		6.00		7.95		1.500000e+00
2	2	148	622.87		4	3	3		4	0		4.00		5.74		8
2	2	149	639.15		2	2	2		2	1		4.00		5.70		3.500000e+00
2	2	150	650.94		4	4	4		4	1		8.00		9.88		5.500000e+00
2	2	151	668.72		4	4	4		4	1		8.00		9.67		5.000000e-01
2	2	152	681.51		4	4	4		4	1		4.00		5.67		8
2	2	153	697.79		1	1	1		1	1		4.00		5.78		3.500000e+00
2	2	154	709.58		3	3	3		3	1		6.00		7.78		1.500000e+00
2	2	155	721.36		1	1	1		1	1		4.00		6.72		4.500000e+00
2	2	156	734.14		4	3	3		3	1		8.00		9.75		2.500000e+00
2	2	157	748.93		4	4	4		4	1		6.00		7.80		4.500000e+00
2	2	158	763.71		1	1	1		2	0		6.00		7.80		1.500000e+00
2	2	159	775.50		3	3	3		3	1		6.00		7.77		8
2	2	160	793.78		2	1	1		2	0		6.00		7.87		2.500000e+00
2	2	161	806.57		3	3	3		3	1		8.00		9.70		6.500000e+00
2	2	162	825.35		1	1	1		1	1		8.00		9.63		1.500000e+00
2	2	163	839.13		1	1	1		2	0		4.00		5.63		5.000000e-01
2	2	164	847.92		3	3	3		3	1		8.00		9.67		4.500000e+00
2	2	165	864.70		1	1	1		2	0		6.00		7.82		1.500000e+00
2	2	166	876.49		1	2	2		1	0		8.00		10.07		5.000000e-01
2	2	167	889.27		2	2	2		2	1		8.00		10.43		5.000000e-01
2	2	168	902.06		4	3	3		3	1		4.00		6.90		1.500000e+00
2	2	169	911.84		4	3	3		3	1		8.00		9.68		5.000000e-01
2	2	170	924.62		3	4	4		4	1		6.00		7.65		5.000000e-01
2	2	171	935.41		3	3	3		4	0		8.00		9.87		5.000000e-01
2	2	172	948.19		4	4	4		4	1		6.00		8.01		5.000000e-01
2	2	173	958.98		3	3	3		3	1		6.00		8.18		1.500000e+00
2	2	174	970.76		2	2	2		2	1		6.00		7.70		8
2	2	175	989.04		2	2	2		2	1		8.00		10.04		3.500000e+00
2	2	176	1004.83		4	4	4		3	0		8.00		10.35		3.500000e+00
2	2	177	1020.61		2	2	2		2	1		4.00		6.20		1.500000e+00
2	2	178	1030.40		2	2	2		2	1		6.00		8.30		4.500000e+00
2	2	179	1045.18		3	4	4		4	1		8.00		9.75		5.500000e+00
2	2	180	1062.97		4	4	4		1	0		8.00		3.07		3.500000e+00
