*********************************************
* Combray
* Date/Time: 15-Sep-2015 09:18:52
* Seed: 211662.1243
* Subject Number: 04
* Subject Name: MG
*********************************************

Block	Phase	Trial	RunningTime	Cue	Image	CorrResp	Resp	Accuracy	ISI	RT_from_CueOnset	ITI
1	1	1	0.52		3	3	3		3	1		1.00		2.59		5.000000e-01
1	1	2	5.30		4	4	4		4	1		1.00		2.47		5.000000e-01
1	1	3	10.08		3	3	3		3	1		1.00		2.09		5.000000e-01
1	1	4	14.87		4	4	4		4	1		1.00		1.11		1.500000e+00
1	1	5	20.65		3	3	3		3	1		1.00		0.62		5.000000e-01
1	1	6	25.44		2	2	2		2	1		1.00		2.39		1.500000e+00
1	1	7	31.22		1	1	1		1	1		1.00		2.35		5.000000e-01
1	1	8	36.00		4	4	4		2	0		1.00		2.28		5.000000e-01
1	1	9	40.79		1	2	2		1	0		1.00		1.24		5.000000e-01
1	1	10	45.57		4	3	3		3	1		1.00		2.58		5.000000e-01
1	1	11	50.35		2	1	1		1	1		1.00		1.99		5.000000e-01
1	1	12	55.14		1	1	1		2	0		1.00		2.13		5.000000e-01
1	1	13	59.92		3	4	4		3	0		1.00		2.11		5.000000e-01
1	1	14	64.70		3	3	3		3	1		1.00		2.48		4.500000e+00
1	1	15	73.49		1	1	1		1	1		1.00		2.42		1.500000e+00
1	1	16	79.27		4	4	4		4	1		1.00		2.20		5.000000e-01
1	1	17	84.06		3	3	3		3	1		1.00		2.29		1.500000e+00
1	1	18	89.82		3	3	3		3	1		1.00		2.24		5.000000e-01
1	1	19	94.61		3	4	4		3	0		1.00		1.15		5.000000e-01
1	1	20	99.39		1	1	1		1	1		1.00		2.42		5.000000e-01
1	1	21	104.17		3	4	4		3	0		1.00		2.10		1.500000e+00
1	1	22	109.96		4	4	4		4	1		1.00		2.25		5.500000e+00
1	1	23	119.74		4	3	3		3	1		1.00		2.40		5.000000e-01
1	1	24	124.53		3	4	4		4	1		1.00		2.45		2.500000e+00
1	1	25	131.31		1	1	1		1	1		1.00		2.40		3.500000e+00
1	1	26	139.09		2	1	1		1	1		1.00		2.33		5.000000e-01
1	1	27	143.88		1	1	1		1	1		1.00		2.19		4.500000e+00
1	1	28	152.66		1	1	1		1	1		1.00		2.27		5.000000e-01
1	1	29	157.44		1	1	1		1	1		1.00		2.16		1.500000e+00
1	1	30	163.23		2	2	2		2	1		1.00		2.15		5.000000e-01
1	1	31	168.01		2	2	2		2	1		1.00		1.04		5.000000e-01
1	1	32	172.80		2	2	2		2	1		1.00		2.09		1.500000e+00
1	1	33	178.58		2	1	1		1	1		1.00		2.29		2.500000e+00
1	1	34	185.36		3	4	4		4	1		1.00		2.41		5.500000e+00
1	1	35	195.15		4	4	4		4	1		1.00		2.34		5.000000e-01
1	1	36	199.93		1	1	1		1	1		1.00		2.20		5.000000e-01
1	1	37	204.71		3	3	3		3	1		1.00		2.14		8
1	1	38	216.98		4	3	3		3	1		1.00		2.35		5.000000e-01
1	1	39	221.77		1	1	1		1	1		1.00		2.18		5.000000e-01
1	1	40	226.55		2	1	1		2	0		1.00		2.14		2.500000e+00
1	1	41	233.33		4	3	3		3	1		1.00		2.34		3.500000e+00
1	1	42	241.12		4	4	4		4	1		1.00		2.30		2.500000e+00
1	1	43	247.90		4	4	4		4	1		1.00		2.14		5.000000e-01
1	1	44	252.68		4	3	3		3	1		1.00		2.30		3.500000e+00
1	1	45	260.45		2	2	2		2	1		1.00		2.33		5.500000e+00
1	1	46	270.22		4	4	4		4	1		1.00		2.41		5.000000e-01
1	1	47	275.00		4	4	4		4	1		1.00		2.14		1.500000e+00
1	1	48	280.79		2	2	2		2	1		1.00		2.10		1.500000e+00
1	1	49	286.57		1	1	1		1	1		1.00		2.14		5.000000e-01
1	1	50	291.35		2	2	2		2	1		1.00		2.11		1.500000e+00
1	1	51	297.14		3	4	4		3	0		1.00		2.22		1.500000e+00
1	1	52	302.92		3	3	3		3	1		1.00		2.24		5.000000e-01
1	1	53	307.70		2	2	2		2	1		1.00		2.24		2.500000e+00
1	1	54	314.49		2	2	2		2	1		1.00		2.20		5.000000e-01
1	1	55	319.27		2	2	2		2	1		1.00		2.28		5.500000e+00
1	1	56	329.06		1	2	2		2	1		1.00		2.39		3.500000e+00
1	1	57	336.82		1	2	2		2	1		1.00		2.26		2.500000e+00
1	1	58	343.61		3	3	3		3	1		1.00		2.38		5.000000e-01
1	1	59	348.39		2	1	1		1	1		1.00		2.32		2.500000e+00
1	1	60	355.16		4	3	3		3	1		1.00		2.32		5.500000e+00
1	1	61	364.94		4	3	3		3	1		1.00		2.27		1.500000e+00
1	1	62	370.73		2	2	2		2	1		1.00		2.27		5.000000e-01
1	1	63	375.51		2	2	2		2	1		1.00		2.20		3.500000e+00
1	1	64	383.29		3	3	3		3	1		1.00		2.26		5.000000e-01
1	1	65	388.08		2	2	2		2	1		1.00		2.20		1.500000e+00
1	1	66	393.86		1	2	2		2	1		1.00		2.28		5.000000e-01
1	1	67	398.64		4	3	3		3	1		1.00		2.43		5.000000e-01
1	1	68	403.43		1	1	1		1	1		1.00		2.22		4.500000e+00
1	1	69	412.21		1	1	1		1	1		1.00		2.21		5.000000e-01
1	1	70	417.00		4	4	4		4	1		1.00		2.27		1.500000e+00
1	1	71	422.78		3	3	3		3	1		1.00		2.30		3.500000e+00
1	1	72	430.56		1	2	2		2	1		1.00		2.39		8
1	1	73	442.83		4	3	3		3	1		1.00		2.32		1.500000e+00
1	1	74	448.61		2	2	2		2	1		1.00		2.28		4.500000e+00
1	1	75	457.40		1	1	1		1	1		1.00		2.40		5.000000e-01
1	1	76	462.18		3	3	3		3	1		1.00		2.34		1.500000e+00
1	1	77	467.97		3	4	4		4	1		1.00		2.32		5.000000e-01
1	1	78	472.75		2	2	2		2	1		1.00		2.24		5.500000e+00
1	1	79	482.52		3	3	3		3	1		1.00		2.34		1.500000e+00
1	1	80	488.30		1	1	1		1	1		1.00		2.17		5.500000e+00
1	1	81	498.08		1	1	1		1	1		1.00		2.34		5.000000e-01
1	1	82	502.87		3	4	4		4	1		1.00		2.64		4.500000e+00
1	1	83	511.65		2	2	2		2	1		1.00		2.40		1.500000e+00
1	1	84	517.44		1	1	1		1	1		1.00		2.21		5.000000e-01
1	1	85	522.22		3	4	4		4	1		1.00		2.49		3.500000e+00
1	1	86	530.00		4	4	4		4	1		1.00		2.12		1.500000e+00
1	1	87	535.79		2	2	2		2	1		1.00		2.15		1.500000e+00
1	1	88	541.57		1	1	1		1	1		1.00		2.26		5.000000e-01
1	1	89	546.35		1	1	1		1	1		1.00		2.17		1.500000e+00
1	1	90	552.14		4	4	4		4	1		1.00		2.16		5.000000e-01
1	1	91	556.92		4	4	4		3	0		1.00		1.55		3.500000e+00
1	1	92	564.71		1	1	1		1	1		1.00		2.22		5.000000e-01
1	1	93	569.49		2	2	2		2	1		1.00		2.26		5.000000e-01
1	1	94	574.27		4	3	3		3	1		1.00		2.34		2.500000e+00
1	1	95	581.06		3	3	3		3	1		1.00		2.25		5.000000e-01
1	1	96	585.84		2	2	2		2	1		1.00		2.21		3.500000e+00
1	1	97	593.62		3	4	4		4	1		1.00		2.40		5.000000e-01
1	1	98	598.41		3	3	3		3	1		1.00		2.36		2.500000e+00
1	1	99	605.19		2	2	2		2	1		1.00		2.15		1.500000e+00
1	1	100	610.97		4	4	4		4	1		1.00		2.46		2.500000e+00
1	2	101	0.50		2	2	2		2	1		8.00		5.01		3.500000e+00
1	2	102	16.27		3	4	4		3	0		4.00		1.03		5.000000e-01
1	2	103	25.06		1	1	1		1	1		8.00		9.28		5.000000e-01
1	2	104	37.82		1	1	1		1	1		8.00		9.31		3.500000e+00
1	2	105	53.59		4	4	4		4	1		8.00		9.27		8
1	2	106	73.86		1	1	1		1	1		8.00		9.27		4.500000e+00
1	2	107	90.63		3	3	3		3	1		8.00		9.63		5.000000e-01
1	2	108	103.39		2	1	1		2	0		4.00		5.34		1.500000e+00
1	2	109	113.16		4	4	4		4	1		6.00		1.42		3.500000e+00
1	2	110	126.93		2	2	2		2	1		6.00		0.62		5.000000e-01
1	2	111	137.70		3	4	4		3	0		8.00		0.99		2.500000e+00
1	2	112	152.46		2	2	2		2	1		6.00		7.30		1.500000e+00
1	2	113	164.23		4	3	3		4	0		8.00		9.43		2.500000e+00
1	2	114	179.00		3	3	3		3	1		6.00		1.94		5.000000e-01
1	2	115	189.77		1	1	1		1	1		6.00		0.74		1.500000e+00
1	2	116	201.53		1	1	1		1	1		6.00		0.61		1.500000e+00
1	2	117	213.30		1	1	1		1	1		6.00		0.50		1.500000e+00
1	2	118	225.07		2	2	2		2	1		8.00		0.59		6.500000e+00
1	2	119	243.84		3	4	4		3	0		6.00		0.48		5.000000e-01
1	2	120	254.62		1	1	1		3	0		6.00		0.57		1.500000e+00
1	2	121	266.39		2	2	2		2	1		6.00		0.64		1.500000e+00
1	2	122	278.16		1	1	1		1	1		4.00		5.70		5.000000e-01
1	2	123	286.94		2	2	2		2	1		6.00		7.67		3.500000e+00
1	2	124	300.71		2	2	2		3	0		4.00		0.81		3.500000e+00
1	2	125	312.47		2	2	2		2	1		4.00		5.55		6.500000e+00
1	2	126	327.24		4	3	3		4	0		6.00		7.90		8
1	2	127	345.51		1	1	1		1	1		4.00		5.47		5.000000e-01
1	2	128	354.29		2	2	2		2	1		4.00		0.55		5.000000e-01
1	2	129	363.08		4	4	4		4	1		8.00		1.48		4.500000e+00
1	2	130	379.85		4	3	3		4	0		6.00		0.73		3.500000e+00
1	2	131	393.61		3	3	3		3	1		8.00		0.68		4.500000e+00
1	2	132	410.38		2	2	2		2	1		6.00		0.58		3.500000e+00
1	2	133	424.15		3	3	3		3	1		4.00		5.57		8
1	2	134	440.42		2	1	1		1	1		8.00		9.83		6.500000e+00
1	2	135	459.18		3	3	3		3	1		6.00		0.54		2.500000e+00
1	2	136	471.95		1	1	1		1	1		4.00		0.90		8
1	2	137	488.22		3	3	3		3	1		4.00		0.52		1.500000e+00
1	2	138	498.00		3	4	4		4	1		6.00		7.73		8
1	2	139	516.27		2	2	2		2	1		4.00		0.64		1.500000e+00
1	2	140	526.06		3	3	3		3	1		6.00		0.59		5.000000e-01
1	2	141	536.82		3	4	4		3	0		4.00		0.65		5.000000e-01
1	2	142	545.61		2	1	1		2	0		6.00		0.67		7.500000e+00
1	2	143	563.38		3	3	3		3	1		6.00		0.59		5.500000e+00
1	2	144	579.14		1	1	1		1	1		4.00		5.54		6.500000e+00
1	2	145	593.91		1	2	2		1	0		8.00		0.56		1.500000e+00
1	2	146	607.68		3	3	3		3	1		8.00		0.61		1.500000e+00
1	2	147	621.45		1	1	1		1	1		8.00		0.73		1.500000e+00
1	2	148	635.21		3	3	3		3	1		4.00		0.70		8
1	2	149	651.48		4	4	4		4	1		8.00		9.74		8
1	2	150	671.75		4	3	3		4	0		4.00		5.48		2.500000e+00
1	2	151	682.52		1	2	2		1	0		6.00		0.73		7.500000e+00
1	2	152	700.28		2	2	2		2	1		4.00		0.50		4.500000e+00
1	2	153	713.05		3	4	4		3	0		6.00		0.59		5.500000e+00
1	2	154	728.82		4	4	4		4	1		4.00		0.71		3.500000e+00
1	2	155	740.59		1	1	1		1	1		4.00		0.75		8
1	2	156	756.85		1	2	2		1	0		6.00		0.59		1.500000e+00
1	2	157	768.62		4	3	3		4	0		4.00		0.86		5.000000e-01
1	2	158	777.41		2	2	2		2	1		8.00		0.58		5.500000e+00
1	2	159	795.17		4	4	4		4	1		6.00		0.60		3.500000e+00
1	2	160	808.94		4	3	3		3	1		8.00		9.68		6.500000e+00
1	2	161	827.71		3	3	3		3	1		8.00		0.65		5.000000e-01
1	2	162	840.48		3	3	3		3	1		4.00		0.58		3.500000e+00
1	2	163	852.24		4	4	4		4	1		6.00		7.78		4.500000e+00
1	2	164	867.01		2	2	2		2	1		8.00		9.53		5.000000e-01
1	2	165	879.78		1	2	2		2	1		4.00		5.47		1.500000e+00
1	2	166	889.56		4	4	4		4	1		6.00		0.65		5.000000e-01
1	2	167	900.33		4	3	3		4	0		4.00		0.60		3.500000e+00
1	2	168	912.10		3	4	4		3	0		8.00		0.66		5.000000e-01
1	2	169	924.87		1	1	1		1	1		8.00		0.70		5.000000e-01
1	2	170	937.63		4	4	4		4	1		4.00		0.59		5.000000e-01
1	2	171	946.42		4	4	4		4	1		8.00		9.48		1.500000e+00
1	2	172	960.19		2	2	2		2	1		8.00		9.50		5.000000e-01
1	2	173	972.95		4	3	3		4	0		6.00		7.95		5.000000e-01
1	2	174	983.74		1	1	1		1	1		4.00		0.94		4.500000e+00
1	2	175	996.50		3	4	4		3	0		8.00		1.12		1.500000e+00
1	2	176	1010.27		4	4	4		4	1		8.00		0.62		1.500000e+00
1	2	177	1024.04		4	4	4		4	1		4.00		0.57		5.000000e-01
1	2	178	1032.82		2	2	2		2	1		4.00		5.37		2.500000e+00
1	2	179	1043.61		2	1	1		2	0		8.00		0.72		1.500000e+00
1	2	180	1057.38		1	1	1		1	1		6.00		0.61		8
Block	Phase	Trial	RunningTime	Cue	Image	CorrResp	Resp	Accuracy	ISI	RT_from_CueOnset	ITI
2	1	1	0.51		1	2	2		2	1		1.00		3.08		5.000000e-01
2	1	2	5.30		3	3	3		3	1		1.00		2.78		1.500000e+00
2	1	3	11.08		1	2	2		2	1		1.00		2.11		8
2	1	4	23.35		4	3	3		3	1		1.00		2.43		5.000000e-01
2	1	5	28.13		4	4	4		4	1		1.00		2.36		3.500000e+00
2	1	6	35.92		1	2	2		2	1		1.00		2.17		5.000000e-01
2	1	7	40.70		4	4	4		4	1		1.00		2.17		5.000000e-01
2	1	8	45.48		1	2	2		2	1		1.00		2.15		5.000000e-01
2	1	9	50.27		2	1	1		1	1		1.00		1.28		2.500000e+00
2	1	10	57.05		3	3	3		3	1		1.00		1.02		4.500000e+00
2	1	11	65.84		4	3	3		4	0		1.00		0.72		2.500000e+00
2	1	12	72.62		3	3	3		3	1		1.00		0.88		2.500000e+00
2	1	13	79.40		4	4	4		4	1		1.00		0.54		1.500000e+00
2	1	14	85.19		1	1	1		1	1		1.00		2.43		3.500000e+00
2	1	15	92.97		2	1	1		1	1		1.00		0.63		5.000000e-01
2	1	16	97.75		1	1	1		2	0		1.00		0.72		5.000000e-01
2	1	17	102.54		1	2	2		2	1		1.00		0.49		5.500000e+00
2	1	18	112.32		3	3	3		3	1		1.00		0.56		8
2	1	19	124.59		2	2	2		2	1		1.00		2.33		1.500000e+00
2	1	20	130.37		4	4	4		4	1		1.00		0.75		5.000000e-01
2	1	21	135.14		2	1	1		1	1		1.00		0.60		2.500000e+00
2	1	22	141.92		1	2	2		2	1		1.00		2.26		5.000000e-01
2	1	23	146.71		2	2	2		2	1		1.00		2.41		1.500000e+00
2	1	24	152.49		3	3	3		3	1		1.00		0.64		1.500000e+00
2	1	25	158.28		1	2	2		2	1		1.00		0.64		3.500000e+00
2	1	26	166.06		1	1	1		1	1		1.00		2.29		5.000000e-01
2	1	27	170.84		2	2	2		1	0		1.00		0.50		1.500000e+00
2	1	28	176.63		4	3	3		4	0		1.00		0.65		1.500000e+00
2	1	29	182.41		3	4	4		3	0		1.00		0.69		5.000000e-01
2	1	30	187.19		3	3	3		3	1		1.00		0.61		5.000000e-01
2	1	31	191.98		3	3	3		3	1		1.00		0.63		5.000000e-01
2	1	32	196.76		3	4	4		3	0		1.00		0.58		1.500000e+00
2	1	33	202.54		4	4	4		4	1		1.00		0.80		5.000000e-01
2	1	34	207.33		4	3	3		4	0		1.00		0.71		5.000000e-01
2	1	35	212.11		1	1	1		2	0		1.00		0.53		4.500000e+00
2	1	36	220.90		1	2	2		2	1		1.00		0.56		5.000000e-01
2	1	37	225.68		3	3	3		3	1		1.00		0.60		5.000000e-01
2	1	38	230.46		2	2	2		2	1		1.00		2.37		3.500000e+00
2	1	39	238.25		3	3	3		3	1		1.00		0.59		5.000000e-01
2	1	40	243.03		2	1	1		1	1		1.00		0.63		1.500000e+00
2	1	41	248.81		3	4	4		4	1		1.00		2.21		5.500000e+00
2	1	42	258.60		1	1	1		2	0		1.00		0.60		1.500000e+00
2	1	43	264.38		2	1	1		1	1		1.00		0.57		1.500000e+00
2	1	44	270.17		4	4	4		4	1		1.00		0.71		3.500000e+00
2	1	45	277.95		2	1	1		1	1		1.00		2.31		1.500000e+00
2	1	46	283.73		3	4	4		4	1		1.00		2.30		4.500000e+00
2	1	47	292.52		3	4	4		3	0		1.00		0.65		5.000000e-01
2	1	48	297.30		2	2	2		1	0		1.00		0.61		5.500000e+00
2	1	49	307.07		2	1	1		1	1		1.00		0.64		5.500000e+00
2	1	50	316.84		2	1	1		1	1		1.00		0.54		2.500000e+00
2	1	51	323.62		1	1	1		1	1		1.00		2.33		5.000000e-01
2	1	52	328.40		1	2	2		2	1		1.00		0.54		5.000000e-01
2	1	53	333.19		1	2	2		2	1		1.00		0.57		2.500000e+00
2	1	54	339.97		3	3	3		3	1		1.00		2.34		3.500000e+00
2	1	55	347.75		2	2	2		2	1		1.00		2.21		1.500000e+00
2	1	56	353.54		2	2	2		1	0		1.00		0.63		5.000000e-01
2	1	57	358.32		4	3	3		4	0		1.00		0.62		5.000000e-01
2	1	58	363.11		2	2	2		1	0		1.00		0.57		5.000000e-01
2	1	59	367.89		4	4	4		4	1		1.00		0.57		1.500000e+00
2	1	60	373.67		3	4	4		3	0		1.00		0.65		5.000000e-01
2	1	61	378.46		4	4	4		4	1		1.00		0.55		2.500000e+00
2	1	62	385.24		4	4	4		4	1		1.00		0.65		2.500000e+00
2	1	63	392.02		3	4	4		3	0		1.00		0.67		5.000000e-01
2	1	64	396.81		1	2	2		2	1		1.00		0.55		5.000000e-01
2	1	65	401.59		3	3	3		3	1		1.00		0.65		5.000000e-01
2	1	66	406.38		2	1	1		1	1		1.00		0.45		5.000000e-01
2	1	67	411.16		2	2	2		2	1		1.00		2.18		5.000000e-01
2	1	68	415.93		1	2	2		2	1		1.00		0.59		5.000000e-01
2	1	69	420.71		1	1	1		2	0		1.00		0.64		1.500000e+00
2	1	70	426.49		1	1	1		2	0		1.00		0.56		5.000000e-01
2	1	71	431.28		2	2	2		1	0		1.00		0.58		5.000000e-01
2	1	72	436.06		4	3	3		4	0		1.00		0.67		1.500000e+00
2	1	73	441.84		4	4	4		4	1		1.00		0.58		5.000000e-01
2	1	74	446.63		1	1	1		2	0		1.00		0.70		4.500000e+00
2	1	75	455.41		4	4	4		4	1		1.00		0.54		5.500000e+00
2	1	76	465.20		2	1	1		1	1		1.00		0.59		2.500000e+00
2	1	77	471.98		4	4	4		4	1		1.00		0.65		5.000000e-01
2	1	78	476.76		1	1	1		1	1		1.00		2.51		5.000000e-01
2	1	79	481.55		3	3	3		3	1		1.00		0.70		5.000000e-01
2	1	80	486.33		4	4	4		4	1		1.00		2.39		1.500000e+00
2	1	81	492.11		3	3	3		3	1		1.00		2.25		5.000000e-01
2	1	82	496.90		4	4	4		4	1		1.00		2.41		5.000000e-01
2	1	83	501.68		2	1	1		1	1		1.00		2.31		3.500000e+00
2	1	84	509.47		1	1	1		1	1		1.00		2.27		1.500000e+00
2	1	85	515.25		3	3	3		3	1		1.00		2.34		1.500000e+00
2	1	86	521.03		4	4	4		4	1		1.00		2.44		1.500000e+00
2	1	87	526.82		2	1	1		1	1		1.00		2.28		4.500000e+00
2	1	88	535.60		4	4	4		4	1		1.00		2.43		5.000000e-01
2	1	89	540.38		1	1	1		1	1		1.00		2.18		5.000000e-01
2	1	90	545.17		4	3	3		4	0		1.00		0.60		5.500000e+00
2	1	91	554.95		3	3	3		3	1		1.00		0.68		2.500000e+00
2	1	92	561.74		2	2	2		1	0		1.00		0.68		5.500000e+00
2	1	93	571.52		3	3	3		3	1		1.00		0.57		3.500000e+00
2	1	94	579.30		2	2	2		1	0		1.00		0.55		1.500000e+00
2	1	95	585.09		4	4	4		4	1		1.00		0.64		5.000000e-01
2	1	96	589.87		3	3	3		3	1		1.00		0.56		1.500000e+00
2	1	97	595.65		2	1	1		1	1		1.00		2.17		5.000000e-01
2	1	98	600.44		4	3	3		3	1		1.00		2.34		3.500000e+00
2	1	99	608.22		1	1	1		2	0		1.00		0.57		5.000000e-01
2	1	100	613.01		3	3	3		3	1		1.00		0.63		5.000000e-01
2	2	101	0.51		2	2	2		1	0		6.00		3.07		1.500000e+00
2	2	102	12.28		3	4	4		3	0		8.00		0.67		1.500000e+00
2	2	103	26.04		3	3	3		3	1		4.00		0.58		8
2	2	104	42.31		2	2	2		1	0		4.00		0.55		5.000000e-01
2	2	105	51.10		1	1	1		2	0		6.00		0.56		1.500000e+00
2	2	106	62.86		3	3	3		3	1		6.00		0.78		2.500000e+00
2	2	107	75.63		1	2	2		2	1		6.00		0.80		1.500000e+00
2	2	108	87.40		2	2	2		1	0		4.00		5.60		6.500000e+00
2	2	109	102.17		4	4	4		4	1		6.00		7.43		8
2	2	110	120.43		4	3	3		4	0		8.00		0.83		6.500000e+00
2	2	111	139.20		4	4	4		4	1		8.00		0.59		8
2	2	112	159.47		4	4	4		4	1		6.00		0.88		5.000000e-01
2	2	113	170.24		4	4	4		4	1		6.00		7.77		4.500000e+00
2	2	114	185.00		1	1	1		1	1		8.00		9.70		4.500000e+00
2	2	115	201.77		3	3	3		3	1		6.00		0.96		5.500000e+00
2	2	116	217.54		4	4	4		4	1		8.00		0.68		1.500000e+00
2	2	117	231.31		3	3	3		3	1		6.00		7.90		5.000000e-01
2	2	118	242.08		3	3	3		3	1		8.00		5.03		1.500000e+00
2	2	119	255.84		1	1	1		1	1		6.00		7.57		1.500000e+00
2	2	120	267.61		3	3	3		3	1		8.00		2.73		2.500000e+00
2	2	121	282.38		4	3	3		4	0		6.00		0.83		5.000000e-01
2	2	122	293.15		4	4	4		4	1		6.00		0.64		3.500000e+00
2	2	123	306.91		2	1	1		1	1		4.00		0.58		1.500000e+00
2	2	124	316.70		2	1	1		2	0		8.00		9.77		5.000000e-01
2	2	125	329.46		3	3	3		3	1		6.00		0.98		5.000000e-01
2	2	126	340.23		2	2	2		1	0		8.00		1.61		5.500000e+00
2	2	127	358.00		4	4	4		4	1		8.00		0.69		1.500000e+00
2	2	128	371.77		1	1	1		2	0		4.00		0.56		5.000000e-01
2	2	129	380.55		2	2	2		1	0		4.00		0.61		3.500000e+00
2	2	130	392.32		2	2	2		1	0		8.00		0.58		6.500000e+00
2	2	131	411.09		1	1	1		2	0		4.00		0.67		6.500000e+00
2	2	132	425.85		3	3	3		3	1		8.00		0.71		5.000000e-01
2	2	133	438.62		3	3	3		3	1		8.00		0.64		4.500000e+00
2	2	134	455.39		1	2	2		2	1		6.00		0.64		1.500000e+00
2	2	135	467.16		1	2	2		2	1		8.00		9.44		5.000000e-01
2	2	136	479.92		3	3	3		3	1		4.00		5.70		1.500000e+00
2	2	137	489.71		2	2	2		1	0		6.00		7.57		1.500000e+00
2	2	138	501.48		4	3	3		4	0		8.00		0.63		2.500000e+00
2	2	139	516.24		3	4	4		3	0		4.00		0.73		5.000000e-01
2	2	140	525.03		1	1	1		2	0		8.00		0.74		1.500000e+00
2	2	141	538.80		2	2	2		1	0		6.00		0.70		3.500000e+00
2	2	142	552.56		4	4	4		4	1		4.00		0.54		3.500000e+00
2	2	143	564.33		1	2	2		2	1		8.00		0.55		1.500000e+00
2	2	144	578.10		3	3	3		3	1		8.00		0.60		5.000000e-01
2	2	145	590.87		2	1	1		1	1		6.00		7.78		7.500000e+00
2	2	146	608.63		2	1	1		1	1		4.00		6.00		4.500000e+00
2	2	147	621.40		4	3	3		3	1		4.00		5.57		2.500000e+00
2	2	148	632.17		1	1	1		2	0		8.00		0.54		3.500000e+00
2	2	149	647.94		3	3	3		3	1		4.00		0.81		8
2	2	150	664.20		3	3	3		3	1		6.00		0.81		5.000000e-01
2	2	151	674.99		2	1	1		1	1		6.00		7.74		5.000000e-01
2	2	152	685.76		4	3	3		3	1		6.00		7.54		8
2	2	153	704.02		4	3	3		4	0		4.00		0.66		5.000000e-01
2	2	154	712.81		2	1	1		1	1		6.00		0.56		3.500000e+00
2	2	155	726.57		4	4	4		4	1		6.00		0.74		3.500000e+00
2	2	156	740.34		2	1	1		1	1		4.00		5.63		1.500000e+00
2	2	157	750.13		3	4	4		4	1		6.00		7.67		5.500000e+00
2	2	158	765.89		2	1	1		1	1		8.00		0.60		6.500000e+00
2	2	159	784.66		1	1	1		2	0		4.00		0.56		4.500000e+00
2	2	160	797.43		2	1	1		1	1		8.00		1.01		1.500000e+00
2	2	161	811.20		1	1	1		2	0		6.00		0.87		1.500000e+00
2	2	162	822.96		1	2	2		2	1		6.00		0.55		7.500000e+00
2	2	163	840.73		3	4	4		3	0		8.00		0.70		5.000000e-01
2	2	164	853.50		2	2	2		1	0		8.00		0.70		3.500000e+00
2	2	165	869.27		1	2	2		2	1		4.00		0.53		1.500000e+00
2	2	166	879.05		1	2	2		2	1		8.00		0.62		5.000000e-01
2	2	167	891.82		1	1	1		1	1		4.00		5.58		5.000000e-01
2	2	168	900.60		4	3	3		4	0		4.00		0.65		3.500000e+00
2	2	169	912.37		1	2	2		2	1		4.00		0.71		8
2	2	170	928.64		3	3	3		3	1		4.00		0.65		3.500000e+00
2	2	171	940.41		4	4	4		4	1		4.00		0.55		5.000000e-01
2	2	172	949.19		3	4	4		4	1		4.00		5.80		5.000000e-01
2	2	173	957.97		3	4	4		3	0		6.00		0.63		8
2	2	174	976.24		2	2	2		1	0		4.00		0.70		2.500000e+00
2	2	175	987.01		4	4	4		4	1		4.00		0.87		5.000000e-01
2	2	176	995.79		1	2	2		2	1		6.00		0.68		8
2	2	177	1014.06		1	2	2		2	1		4.00		6.00		8
2	2	178	1030.33		4	4	4		4	1		8.00		9.73		4.500000e+00
2	2	179	1047.10		2	1	1		1	1		8.00		10.03		5.000000e-01
2	2	180	1059.86		4	4	4		4	1		6.00		7.65		3.500000e+00
