*********************************************
* Combray
* Date/Time: 17-Sep-2015 14:52:12
* Seed: 211814.8206
* Subject Number: 06
* Subject Name: FO
*********************************************

Block	Phase	Trial	RunningTime	Cue	Image	CorrResp	Resp	Accuracy	ISI	RT_from_CueOnset	ITI
1	1	1	0.51		4	3	3		4	0		1.00		3.22		2.500000e+00
1	1	2	7.29		2	2	2		2	1		1.00		2.97		5.000000e-01
1	1	3	12.07		3	3	3		3	1		1.00		2.86		2.500000e+00
1	1	4	18.86		4	3	3		2	0		1.00		0.79		5.000000e-01
1	1	5	23.64		1	1	1		1	1		1.00		2.53		3.500000e+00
1	1	6	31.43		2	2	2		2	1		1.00		2.75		1.500000e+00
1	1	7	37.21		3	4	4		4	1		1.00		2.70		4.500000e+00
1	1	8	45.99		2	2	2		2	1		1.00		2.51		3.500000e+00
1	1	9	53.78		4	3	3		3	1		1.00		2.90		5.000000e-01
1	1	10	58.56		2	2	2		2	1		1.00		2.17		2.500000e+00
1	1	11	65.34		4	4	4		4	1		1.00		2.50		1.500000e+00
1	1	12	71.13		4	3	3		3	1		1.00		2.60		5.000000e-01
1	1	13	75.91		1	1	1		1	1		1.00		2.27		5.000000e-01
1	1	14	80.70		4	4	4		4	1		1.00		2.58		3.500000e+00
1	1	15	88.48		4	3	3		3	1		1.00		2.43		4.500000e+00
1	1	16	97.26		3	4	4		4	1		1.00		2.57		5.000000e-01
1	1	17	102.05		3	4	4		4	1		1.00		2.44		4.500000e+00
1	1	18	110.83		4	3	3		3	1		1.00		2.19		1.500000e+00
1	1	19	116.61		3	3	3		3	1		1.00		2.37		3.500000e+00
1	1	20	124.40		1	1	1		1	1		1.00		2.92		3.500000e+00
1	1	21	132.18		3	4	4		4	1		1.00		2.56		5.000000e-01
1	1	22	136.97		2	1	1		1	1		1.00		2.73		5.000000e-01
1	1	23	141.75		3	4	4		4	1		1.00		2.49		4.500000e+00
1	1	24	150.53		1	1	1		1	1		1.00		2.65		1.500000e+00
1	1	25	156.32		3	4	4		4	1		1.00		2.57		5.000000e-01
1	1	26	161.10		1	1	1		1	1		1.00		2.33		5.000000e-01
1	1	27	165.88		4	4	4		3	0		1.00		1.24		1.500000e+00
1	1	28	171.67		4	3	3		3	1		1.00		2.73		5.000000e-01
1	1	29	176.45		3	3	3		3	1		1.00		2.62		5.000000e-01
1	1	30	181.24		2	1	1		1	1		1.00		2.55		1.500000e+00
1	1	31	187.02		4	4	4		4	1		1.00		2.68		1.500000e+00
1	1	32	192.80		1	2	2		2	1		1.00		2.53		1.500000e+00
1	1	33	198.59		1	1	1		1	1		1.00		2.53		5.000000e-01
1	1	34	203.37		2	2	2		4	0		1.00		1.27		5.500000e+00
1	1	35	213.15		4	4	4		4	1		1.00		2.98		5.000000e-01
1	1	36	217.94		4	3	3		3	1		1.00		2.50		5.000000e-01
1	1	37	222.72		2	2	2		2	1		1.00		2.56		5.000000e-01
1	1	38	227.51		3	4	4		4	1		1.00		2.48		5.000000e-01
1	1	39	232.29		3	3	3		3	1		1.00		2.42		5.000000e-01
1	1	40	237.07		1	2	2		2	1		1.00		2.48		5.000000e-01
1	1	41	241.86		2	1	1		1	1		1.00		1.17		5.000000e-01
1	1	42	246.64		1	1	1		2	0		1.00		2.32		5.000000e-01
1	1	43	251.42		4	4	4		4	1		1.00		2.60		5.500000e+00
1	1	44	261.21		4	3	3		3	1		1.00		2.54		5.000000e-01
1	1	45	265.99		1	2	2		2	1		1.00		2.42		5.000000e-01
1	1	46	270.78		1	1	1		1	1		1.00		3.05		1.500000e+00
1	1	47	276.56		4	4	4		4	1		1.00		2.51		8
1	1	48	288.83		1	1	1		1	1		1.00		2.65		5.000000e-01
1	1	49	293.61		3	3	3		3	1		1.00		2.56		5.500000e+00
1	1	50	303.39		3	4	4		4	1		1.00		2.75		5.000000e-01
1	1	51	308.18		1	1	1		2	0		1.00		1.49		2.500000e+00
1	1	52	314.96		4	4	4		4	1		1.00		2.81		5.000000e-01
1	1	53	319.75		4	3	3		3	1		1.00		2.69		5.000000e-01
1	1	54	324.53		3	4	4		4	1		1.00		2.76		2.500000e+00
1	1	55	331.31		2	2	2		2	1		1.00		2.52		5.000000e-01
1	1	56	336.10		3	3	3		3	1		1.00		2.52		5.000000e-01
1	1	57	340.88		2	1	1		1	1		1.00		2.60		1.500000e+00
1	1	58	346.66		2	1	1		1	1		1.00		1.27		3.500000e+00
1	1	59	354.45		1	1	1		1	1		1.00		2.67		1.500000e+00
1	1	60	360.23		2	2	2		2	1		1.00		2.41		1.500000e+00
1	1	61	366.02		1	1	1		1	1		1.00		2.58		8
1	1	62	378.28		4	3	3		3	1		1.00		2.67		5.000000e-01
1	1	63	383.07		4	4	4		3	0		1.00		2.26		1.500000e+00
1	1	64	388.85		3	3	3		3	1		1.00		2.57		5.000000e-01
1	1	65	393.63		1	2	2		2	1		1.00		3.13		5.500000e+00
1	1	66	403.42		1	2	2		2	1		1.00		2.53		1.500000e+00
1	1	67	409.20		2	2	2		2	1		1.00		2.48		2.500000e+00
1	1	68	415.99		1	2	2		2	1		1.00		2.56		1.500000e+00
1	1	69	421.77		1	2	2		2	1		1.00		2.56		2.500000e+00
1	1	70	428.55		3	3	3		3	1		1.00		2.65		5.000000e-01
1	1	71	433.34		1	2	2		2	1		1.00		2.55		2.500000e+00
1	1	72	440.12		3	4	4		4	1		1.00		2.50		5.000000e-01
1	1	73	444.90		4	4	4		4	1		1.00		2.46		5.000000e-01
1	1	74	449.69		1	1	1		1	1		1.00		2.62		5.500000e+00
1	1	75	459.47		1	1	1		1	1		1.00		2.31		1.500000e+00
1	1	76	465.26		3	3	3		3	1		1.00		2.53		4.500000e+00
1	1	77	474.04		1	2	2		3	0		1.00		0.58		5.000000e-01
1	1	78	478.82		3	3	3		3	1		1.00		2.44		3.500000e+00
1	1	79	486.61		2	1	1		1	1		1.00		2.37		2.500000e+00
1	1	80	493.39		4	4	4		4	1		1.00		2.54		1.500000e+00
1	1	81	499.17		2	2	2		2	1		1.00		2.42		5.000000e-01
1	1	82	503.96		2	2	2		2	1		1.00		2.52		1.500000e+00
1	1	83	509.74		2	2	2		2	1		1.00		2.34		1.500000e+00
1	1	84	515.53		2	1	1		1	1		1.00		2.41		5.000000e-01
1	1	85	520.31		2	2	2		1	0		1.00		1.57		1.500000e+00
1	1	86	526.09		4	4	4		4	1		1.00		2.53		5.000000e-01
1	1	87	530.88		2	2	2		2	1		1.00		2.38		5.000000e-01
1	1	88	535.66		2	2	2		2	1		1.00		2.28		5.000000e-01
1	1	89	540.44		2	1	1		2	0		1.00		0.94		5.000000e-01
1	1	90	545.23		4	3	3		3	1		1.00		2.57		3.500000e+00
1	1	91	553.01		4	3	3		3	1		1.00		1.01		5.000000e-01
1	1	92	557.79		1	1	1		1	1		1.00		2.66		1.500000e+00
1	1	93	563.56		3	4	4		1	0		1.00		1.45		2.500000e+00
1	1	94	570.35		3	4	4		4	1		1.00		2.30		5.000000e-01
1	1	95	575.13		3	3	3		3	1		1.00		2.32		5.500000e+00
1	1	96	584.91		3	3	3		3	1		1.00		2.46		3.500000e+00
1	1	97	592.70		1	2	2		2	1		1.00		2.60		5.500000e+00
1	1	98	602.48		2	1	1		1	1		1.00		2.55		5.000000e-01
1	1	99	607.26		2	1	1		1	1		1.00		0.82		1.500000e+00
1	1	100	613.05		3	3	3		3	1		1.00		2.47		5.000000e-01
1	2	101	0.51		2	2	2		2	1		4.00		7.41		1.500000e+00
1	2	102	10.28		1	2	2		1	0		4.00		6.70		4.500000e+00
1	2	103	23.05		4	3	3		3	1		8.00		10.43		6.500000e+00
1	2	104	41.82		4	4	4		4	1		4.00		5.85		2.500000e+00
1	2	105	52.58		2	2	2		2	1		8.00		9.23		1.500000e+00
1	2	106	66.35		2	2	2		2	1		8.00		1.06		6.500000e+00
1	2	107	85.12		4	3	3		3	1		6.00		7.70		4.500000e+00
1	2	108	99.89		3	4	4		4	1		6.00		8.34		8
1	2	109	118.15		2	1	1		2	0		8.00		0.53		5.000000e-01
1	2	110	130.92		1	2	2		2	1		8.00		10.70		1.500000e+00
1	2	111	144.69		3	3	3		3	1		8.00		9.73		1.500000e+00
1	2	112	158.46		1	2	2		2	1		6.00		8.93		1.500000e+00
1	2	113	170.22		4	4	4		4	1		4.00		5.77		5.000000e-01
1	2	114	178.99		1	2	2		2	1		4.00		6.45		5.000000e-01
1	2	115	187.78		1	1	1		1	1		8.00		9.73		5.000000e-01
1	2	116	200.54		4	4	4		2	0		8.00		1.95		5.000000e-01
1	2	117	213.31		1	1	1		1	1		4.00		7.33		5.000000e-01
1	2	118	222.09		1	1	1		1	1		6.00		9.30		1.500000e+00
1	2	119	233.86		4	3	3		3	1		4.00		4.13		5.000000e-01
1	2	120	242.65		4	3	3		3	1		8.00		9.83		8
1	2	121	262.91		4	3	3		3	1		6.00		1.04		8
1	2	122	281.18		4	3	3		3	1		4.00		0.89		5.000000e-01
1	2	123	289.95		3	3	3		4	0		6.00		8.62		3.500000e+00
1	2	124	303.72		1	1	1		2	0		6.00		8.53		1.500000e+00
1	2	125	315.48		4	4	4		3	0		6.00		2.49		1.500000e+00
1	2	126	327.25		4	4	4		4	1		4.00		5.57		8
1	2	127	343.52		3	4	4		4	1		8.00		9.70		1.500000e+00
1	2	128	357.29		3	3	3		3	1		6.00		7.60		5.000000e-01
1	2	129	368.05		2	1	1		1	1		4.00		5.97		5.000000e-01
1	2	130	376.84		2	1	1		2	0		8.00		11.10		6.500000e+00
1	2	131	395.61		1	1	1		1	1		4.00		7.33		5.000000e-01
1	2	132	404.39		4	4	4		4	1		6.00		8.13		3.500000e+00
1	2	133	418.16		4	4	4		4	1		6.00		7.84		5.000000e-01
1	2	134	428.94		2	1	1		1	1		4.00		7.20		3.500000e+00
1	2	135	440.71		3	4	4		4	1		8.00		9.63		4.500000e+00
1	2	136	457.48		1	2	2		2	1		4.00		6.70		5.500000e+00
1	2	137	471.24		2	2	2		2	1		6.00		8.63		5.500000e+00
1	2	138	487.01		1	1	1		1	1		4.00		7.03		3.500000e+00
1	2	139	498.78		3	3	3		3	1		4.00		6.74		1.500000e+00
1	2	140	508.56		3	4	4		4	1		8.00		10.24		5.000000e-01
1	2	141	521.33		2	2	2		2	1		4.00		6.80		1.500000e+00
1	2	142	531.12		2	1	1		1	1		6.00		9.13		3.500000e+00
1	2	143	544.88		2	2	2		2	1		4.00		5.87		5.000000e-01
1	2	144	553.67		1	2	2		2	1		6.00		8.70		4.500000e+00
1	2	145	568.43		3	3	3		3	1		8.00		9.87		1.500000e+00
1	2	146	582.20		2	2	2		2	1		8.00		10.13		5.000000e-01
1	2	147	594.97		2	1	1		1	1		6.00		8.83		2.500000e+00
1	2	148	607.74		1	2	2		2	1		8.00		10.43		1.500000e+00
1	2	149	621.51		2	2	2		2	1		4.00		5.84		4.500000e+00
1	2	150	634.27		3	3	3		3	1		6.00		7.75		2.500000e+00
1	2	151	647.04		2	1	1		1	1		4.00		7.00		2.500000e+00
1	2	152	657.81		2	2	2		2	1		6.00		8.67		4.500000e+00
1	2	153	672.58		1	1	1		1	1		8.00		9.98		5.000000e-01
1	2	154	685.34		3	4	4		1	0		6.00		2.64		5.500000e+00
1	2	155	701.11		1	1	1		2	0		8.00		10.48		7.500000e+00
1	2	156	720.88		3	4	4		4	1		8.00		9.90		8
1	2	157	741.15		4	3	3		3	1		4.00		6.28		7.500000e+00
1	2	158	756.91		1	1	1		1	1		6.00		7.90		8
1	2	159	775.18		4	4	4		4	1		6.00		7.87		1.500000e+00
1	2	160	786.95		3	4	4		4	1		4.00		5.73		1.500000e+00
1	2	161	796.73		2	2	2		2	1		8.00		10.47		3.500000e+00
1	2	162	812.50		3	4	4		4	1		4.00		6.10		3.500000e+00
1	2	163	824.27		4	3	3		NaN	0		4.00		NaN		6.500000e+00
1	2	164	839.04		3	3	3		3	1		6.00		8.23		8
1	2	165	857.30		4	4	4		4	1		8.00		10.10		3.500000e+00
1	2	166	873.07		4	4	4		4	1		8.00		9.67		2.500000e+00
1	2	167	887.84		1	1	1		1	1		4.00		6.47		8
1	2	168	904.11		3	3	3		3	1		4.00		5.84		3.500000e+00
1	2	169	915.88		2	2	2		2	1		6.00		8.10		5.000000e-01
1	2	170	926.64		2	2	2		2	1		6.00		8.83		1.500000e+00
1	2	171	938.41		4	3	3		3	1		8.00		10.25		5.000000e-01
1	2	172	951.18		4	3	3		3	1		6.00		7.58		5.000000e-01
1	2	173	961.94		1	2	2		2	1		6.00		8.01		5.000000e-01
1	2	174	972.71		3	3	3		3	1		4.00		6.25		1.500000e+00
1	2	175	982.50		3	4	4		4	1		4.00		5.53		3.500000e+00
1	2	176	994.26		1	1	1		1	1		6.00		7.92		3.500000e+00
1	2	177	1008.03		1	1	1		1	1		8.00		11.17		8
1	2	178	1028.30		3	4	4		4	1		6.00		7.87		1.500000e+00
1	2	179	1040.07		3	3	3		3	1		8.00		10.10		6.500000e+00
1	2	180	1058.83		2	1	1		2	0		8.00		10.40		5.000000e-01
Block	Phase	Trial	RunningTime	Cue	Image	CorrResp	Resp	Accuracy	ISI	RT_from_CueOnset	ITI
2	1	1	0.51		4	4	4		4	1		1.00		2.82		5.000000e-01
2	1	2	5.30		2	2	2		2	1		1.00		2.60		5.000000e-01
2	1	3	10.08		3	4	4		4	1		1.00		2.78		5.000000e-01
2	1	4	14.86		3	3	3		3	1		1.00		2.40		5.000000e-01
2	1	5	19.65		3	3	3		3	1		1.00		1.09		3.500000e+00
2	1	6	27.43		4	3	3		3	1		1.00		2.45		5.000000e-01
2	1	7	32.22		4	4	4		4	1		1.00		1.26		1.500000e+00
2	1	8	38.00		2	2	2		2	1		1.00		1.00		1.500000e+00
2	1	9	43.78		4	4	4		4	1		1.00		1.12		5.000000e-01
2	1	10	48.57		1	1	1		1	1		1.00		2.33		1.500000e+00
2	1	11	54.35		1	2	2		1	0		1.00		0.92		5.000000e-01
2	1	12	59.13		1	2	2		2	1		1.00		1.35		1.500000e+00
2	1	13	64.92		1	1	1		2	0		1.00		0.80		5.000000e-01
2	1	14	69.70		1	1	1		1	1		1.00		1.23		3.500000e+00
2	1	15	77.49		1	1	1		1	1		1.00		2.51		5.000000e-01
2	1	16	82.27		3	3	3		3	1		1.00		3.03		3.500000e+00
2	1	17	90.05		1	1	1		1	1		1.00		1.28		1.500000e+00
2	1	18	95.84		1	2	2		1	0		1.00		0.74		5.000000e-01
2	1	19	100.62		3	3	3		3	1		1.00		2.21		2.500000e+00
2	1	20	107.40		4	4	4		4	1		1.00		0.99		5.500000e+00
2	1	21	117.19		3	3	3		3	1		1.00		2.16		2.500000e+00
2	1	22	123.97		2	2	2		2	1		1.00		0.86		1.500000e+00
2	1	23	129.76		3	3	3		4	0		1.00		1.24		5.000000e-01
2	1	24	134.54		2	1	1		2	0		1.00		0.48		5.000000e-01
2	1	25	139.32		2	1	1		1	1		1.00		0.54		5.000000e-01
2	1	26	144.11		1	1	1		1	1		1.00		2.66		1.500000e+00
2	1	27	149.87		3	4	4		3	0		1.00		1.08		5.000000e-01
2	1	28	154.66		2	2	2		2	1		1.00		2.42		1.500000e+00
2	1	29	160.44		4	4	4		4	1		1.00		2.67		5.000000e-01
2	1	30	165.22		1	1	1		1	1		1.00		2.64		5.000000e-01
2	1	31	170.01		1	1	1		1	1		1.00		2.22		5.500000e+00
2	1	32	179.79		1	1	1		1	1		1.00		2.29		1.500000e+00
2	1	33	185.58		4	4	4		4	1		1.00		3.49		1.500000e+00
2	1	34	191.36		2	2	2		2	1		1.00		1.09		2.500000e+00
2	1	35	198.14		1	1	1		1	1		1.00		2.34		5.000000e-01
2	1	36	202.93		3	4	4		4	1		1.00		2.66		5.000000e-01
2	1	37	207.71		4	3	3		3	1		1.00		2.32		5.000000e-01
2	1	38	212.48		1	1	1		1	1		1.00		0.89		1.500000e+00
2	1	39	218.26		3	3	3		3	1		1.00		2.37		4.500000e+00
2	1	40	227.05		2	1	1		2	0		1.00		1.12		3.500000e+00
2	1	41	234.83		2	2	2		1	0		1.00		0.44		1.500000e+00
2	1	42	240.61		3	3	3		3	1		1.00		2.37		5.500000e+00
2	1	43	250.40		1	2	2		2	1		1.00		2.48		5.000000e-01
2	1	44	255.18		4	4	4		1	0		1.00		1.35		2.500000e+00
2	1	45	261.96		4	4	4		4	1		1.00		1.07		5.000000e-01
2	1	46	266.75		4	3	3		4	0		1.00		1.20		5.000000e-01
2	1	47	271.53		3	4	4		4	1		1.00		2.41		5.000000e-01
2	1	48	276.32		4	3	3		3	1		1.00		2.26		4.500000e+00
2	1	49	285.10		1	1	1		1	1		1.00		2.56		2.500000e+00
2	1	50	291.88		4	4	4		4	1		1.00		2.48		1.500000e+00
2	1	51	297.67		3	3	3		3	1		1.00		2.12		4.500000e+00
2	1	52	306.45		3	3	3		3	1		1.00		1.62		3.500000e+00
2	1	53	314.23		3	3	3		3	1		1.00		0.81		5.000000e-01
2	1	54	319.02		4	4	4		4	1		1.00		2.29		8
2	1	55	331.29		2	2	2		2	1		1.00		0.63		5.000000e-01
2	1	56	336.07		2	2	2		2	1		1.00		1.16		5.500000e+00
2	1	57	345.85		2	1	1		2	0		1.00		0.95		1.500000e+00
2	1	58	351.64		4	4	4		4	1		1.00		2.23		3.500000e+00
2	1	59	359.42		4	4	4		4	1		1.00		0.54		5.000000e-01
2	1	60	364.20		2	2	2		2	1		1.00		0.87		5.000000e-01
2	1	61	368.99		3	3	3		3	1		1.00		1.10		4.500000e+00
2	1	62	377.77		4	4	4		4	1		1.00		0.93		5.000000e-01
2	1	63	382.56		3	3	3		3	1		1.00		0.84		5.000000e-01
2	1	64	387.34		4	4	4		4	1		1.00		0.70		5.000000e-01
2	1	65	392.11		1	2	2		1	0		1.00		0.94		2.500000e+00
2	1	66	398.89		3	3	3		3	1		1.00		0.69		2.500000e+00
2	1	67	405.67		2	1	1		2	0		1.00		0.70		5.000000e-01
2	1	68	410.46		4	4	4		4	1		1.00		0.96		1.500000e+00
2	1	69	416.24		1	1	1		1	1		1.00		1.25		5.000000e-01
2	1	70	421.01		2	1	1		2	0		1.00		0.71		1.500000e+00
2	1	71	426.79		4	3	3		4	0		1.00		0.74		3.500000e+00
2	1	72	434.58		4	4	4		3	0		1.00		0.79		5.000000e-01
2	1	73	439.36		1	2	2		2	1		1.00		2.37		2.500000e+00
2	1	74	446.14		2	2	2		1	0		1.00		1.03		2.500000e+00
2	1	75	452.93		2	2	2		2	1		1.00		2.34		5.000000e-01
2	1	76	457.71		3	3	3		3	1		1.00		0.95		5.000000e-01
2	1	77	462.49		2	1	1		2	0		1.00		0.82		5.000000e-01
2	1	78	467.28		3	3	3		3	1		1.00		0.81		5.000000e-01
2	1	79	472.05		2	2	2		2	1		1.00		0.50		2.500000e+00
2	1	80	478.83		4	4	4		4	1		1.00		0.90		5.000000e-01
2	1	81	483.61		2	2	2		1	0		1.00		1.00		1.500000e+00
2	1	82	489.40		3	3	3		3	1		1.00		0.74		5.500000e+00
2	1	83	499.18		2	2	2		2	1		1.00		1.01		5.000000e-01
2	1	84	503.96		2	2	2		2	1		1.00		0.80		1.500000e+00
2	1	85	509.75		3	3	3		3	1		1.00		2.36		5.000000e-01
2	1	86	514.53		4	4	4		4	1		1.00		0.92		1.500000e+00
2	1	87	520.32		4	4	4		4	1		1.00		0.71		5.000000e-01
2	1	88	525.08		1	1	1		1	1		1.00		1.01		1.500000e+00
2	1	89	530.87		1	1	1		1	1		1.00		0.79		8
2	1	90	543.13		4	4	4		4	1		1.00		0.84		1.500000e+00
2	1	91	548.92		3	3	3		3	1		1.00		1.21		5.000000e-01
2	1	92	553.70		1	1	1		4	0		1.00		0.74		3.500000e+00
2	1	93	561.48		2	2	2		2	1		1.00		0.67		5.000000e-01
2	1	94	566.27		2	2	2		2	1		1.00		0.75		3.500000e+00
2	1	95	574.05		2	1	1		2	0		1.00		0.50		5.000000e-01
2	1	96	578.84		3	3	3		3	1		1.00		0.78		4.500000e+00
2	1	97	587.62		1	2	2		1	0		1.00		1.28		5.500000e+00
2	1	98	597.40		3	4	4		3	0		1.00		0.65		5.000000e-01
2	1	99	602.19		1	1	1		2	0		1.00		1.50		5.500000e+00
2	1	100	611.97		1	1	1		1	1		1.00		1.07		1.500000e+00
2	2	101	0.50		1	1	1		1	1		4.00		6.67		5.000000e-01
2	2	102	9.28		1	2	2		1	0		6.00		0.99		5.000000e-01
2	2	103	20.05		2	1	1		1	1		8.00		9.67		6.500000e+00
2	2	104	38.82		3	3	3		3	1		8.00		0.91		8
2	2	105	59.09		3	3	3		3	1		8.00		0.73		5.000000e-01
2	2	106	71.86		3	3	3		3	1		4.00		0.86		1.500000e+00
2	2	107	81.64		2	2	2		2	1		4.00		5.77		4.500000e+00
2	2	108	94.41		1	2	2		1	0		4.00		1.55		5.500000e+00
2	2	109	108.17		4	4	4		4	1		8.00		0.85		8
2	2	110	128.44		4	4	4		4	1		6.00		0.73		1.500000e+00
2	2	111	140.21		4	4	4		4	1		6.00		0.64		5.000000e-01
2	2	112	150.99		3	4	4		3	0		4.00		1.37		3.500000e+00
2	2	113	162.76		4	3	3		3	1		8.00		10.80		6.500000e+00
2	2	114	181.53		3	3	3		3	1		4.00		2.16		3.500000e+00
2	2	115	193.30		2	1	1		2	0		4.00		7.17		3.500000e+00
2	2	116	205.06		2	2	2		2	1		6.00		7.85		4.500000e+00
2	2	117	219.83		3	3	3		3	1		4.00		0.96		1.500000e+00
2	2	118	229.62		3	3	3		3	1		8.00		10.10		1.500000e+00
2	2	119	243.38		2	2	2		2	1		4.00		7.34		2.500000e+00
2	2	120	254.15		4	4	4		4	1		6.00		0.97		8
2	2	121	272.42		4	4	4		4	1		8.00		0.97		5.000000e-01
2	2	122	285.19		2	2	2		2	1		6.00		1.35		5.000000e-01
2	2	123	295.95		1	1	1		1	1		4.00		0.79		5.000000e-01
2	2	124	304.74		1	2	2		1	0		8.00		9.50		1.500000e+00
2	2	125	318.52		4	3	3		4	0		4.00		0.83		6.500000e+00
2	2	126	333.29		3	4	4		4	1		6.00		9.33		8
2	2	127	351.56		2	2	2		2	1		6.00		1.22		5.500000e+00
2	2	128	367.33		3	3	3		4	0		6.00		8.54		5.500000e+00
2	2	129	383.09		4	4	4		4	1		8.00		10.85		5.000000e-01
2	2	130	395.86		1	2	2		1	0		8.00		1.29		1.500000e+00
2	2	131	409.63		3	3	3		4	0		6.00		9.40		3.500000e+00
2	2	132	423.40		1	2	2		2	1		4.00		7.57		4.500000e+00
2	2	133	436.16		1	1	1		2	0		8.00		10.54		5.000000e-01
2	2	134	448.93		4	4	4		4	1		8.00		10.23		2.500000e+00
2	2	135	463.70		4	4	4		4	1		6.00		0.75		5.000000e-01
2	2	136	474.47		1	1	1		1	1		8.00		10.81		8
2	2	137	494.73		2	1	1		2	0		8.00		0.79		5.000000e-01
2	2	138	507.50		2	2	2		1	0		4.00		7.01		5.000000e-01
2	2	139	516.29		4	4	4		4	1		6.00		1.00		3.500000e+00
2	2	140	530.05		1	1	1		2	0		8.00		11.08		5.000000e-01
2	2	141	542.82		1	1	1		2	0		6.00		8.00		1.500000e+00
2	2	142	554.59		3	3	3		3	1		6.00		1.41		8
2	2	143	572.86		4	3	3		4	0		4.00		1.91		5.000000e-01
2	2	144	581.62		4	4	4		4	1		4.00		7.23		5.000000e-01
2	2	145	590.41		3	4	4		3	0		8.00		2.29		1.500000e+00
2	2	146	604.17		2	2	2		2	1		8.00		11.05		6.500000e+00
2	2	147	622.94		4	4	4		3	0		4.00		7.77		7.500000e+00
2	2	148	638.71		1	1	1		1	1		4.00		5.87		5.000000e-01
2	2	149	647.49		2	1	1		2	0		6.00		0.97		2.500000e+00
2	2	150	660.26		4	4	4		3	0		8.00		10.45		3.500000e+00
2	2	151	676.03		4	4	4		4	1		8.00		0.91		8
2	2	152	696.30		3	4	4		3	0		8.00		10.01		4.500000e+00
2	2	153	713.07		1	1	1		1	1		4.00		6.87		8
2	2	154	729.33		4	4	4		4	1		4.00		3.18		5.000000e-01
2	2	155	738.12		2	2	2		2	1		8.00		9.88		1.500000e+00
2	2	156	751.88		2	2	2		2	1		4.00		1.11		1.500000e+00
2	2	157	761.65		1	1	1		1	1		4.00		6.30		3.500000e+00
2	2	158	773.42		2	2	2		2	1		6.00		0.73		1.500000e+00
2	2	159	785.19		3	3	3		4	0		6.00		7.90		5.000000e-01
2	2	160	795.95		1	1	1		1	1		6.00		8.34		8
2	2	161	814.22		1	2	2		1	0		6.00		1.00		4.500000e+00
2	2	162	828.99		3	3	3		3	1		6.00		1.05		2.500000e+00
2	2	163	841.76		3	3	3		3	1		8.00		1.54		6.500000e+00
2	2	164	860.53		1	1	1		1	1		8.00		1.04		7.500000e+00
2	2	165	880.29		4	3	3		4	0		6.00		0.81		4.500000e+00
2	2	166	895.06		2	1	1		2	0		4.00		1.00		5.000000e-01
2	2	167	903.84		2	2	2		2	1		4.00		6.47		1.500000e+00
2	2	168	913.63		4	4	4		4	1		4.00		1.97		2.500000e+00
2	2	169	924.41		2	1	1		2	0		8.00		2.51		5.000000e-01
2	2	170	937.18		1	1	1		1	1		6.00		7.91		1.500000e+00
2	2	171	948.95		1	1	1		1	1		6.00		9.30		3.500000e+00
2	2	172	962.72		3	3	3		3	1		4.00		1.83		3.500000e+00
2	2	173	974.48		2	1	1		2	0		6.00		0.96		3.500000e+00
2	2	174	988.25		3	3	3		3	1		4.00		6.17		1.500000e+00
2	2	175	998.03		1	1	1		1	1		6.00		8.37		1.500000e+00
2	2	176	1009.80		3	3	3		3	1		6.00		1.29		1.500000e+00
2	2	177	1021.57		4	4	4		4	1		6.00		0.85		1.500000e+00
2	2	178	1033.34		3	3	3		3	1		8.00		1.38		1.500000e+00
2	2	179	1047.10		2	2	2		2	1		8.00		0.84		3.500000e+00
2	2	180	1062.87		2	2	2		2	1		8.00		0.82		5.000000e-01
