*********************************************
* Combray
* Date/Time: 23-Nov-2015 13:00:08
* Seed: 206879.3475
* Subject Number: 34
* Subject Name: TO
*********************************************

Block	Phase	Trial	RunningTime	Cue	Image	CorrResp	Resp	Accuracy	ISI	RT_from_CueOnset	ITI
1	1	1	0.51		1	2	2		2	1		1.00		2.50		1.500000e+00
1	1	2	6.30		3	3	3		3	1		1.00		2.42		5.000000e-01
1	1	3	11.08		4	4	4		4	1		1.00		2.47		4.500000e+00
1	1	4	19.86		3	3	3		3	1		1.00		2.45		3.500000e+00
1	1	5	27.65		2	2	2		1	0		1.00		2.28		3.500000e+00
1	1	6	35.43		3	3	3		3	1		1.00		2.27		5.000000e-01
1	1	7	40.21		4	4	4		4	1		1.00		2.38		5.000000e-01
1	1	8	45.00		3	3	3		3	1		1.00		0.53		5.000000e-01
1	1	9	49.78		2	2	2		2	1		1.00		2.21		5.500000e+00
1	1	10	59.57		2	2	2		2	1		1.00		0.66		5.000000e-01
1	1	11	64.35		1	2	2		2	1		1.00		2.44		1.500000e+00
1	1	12	70.13		1	1	1		2	0		1.00		0.64		5.500000e+00
1	1	13	79.92		1	1	1		1	1		1.00		2.33		5.000000e-01
1	1	14	84.70		2	2	2		2	1		1.00		0.96		5.000000e-01
1	1	15	89.49		4	4	4		4	1		1.00		0.98		5.000000e-01
1	1	16	94.27		2	2	2		2	1		1.00		0.84		3.500000e+00
1	1	17	102.05		4	4	4		4	1		1.00		0.96		5.000000e-01
1	1	18	106.84		2	2	2		2	1		1.00		0.65		5.000000e-01
1	1	19	111.62		2	2	2		2	1		1.00		0.61		3.500000e+00
1	1	20	119.40		1	1	1		3	0		1.00		1.36		2.500000e+00
1	1	21	126.19		3	3	3		3	1		1.00		0.60		1.500000e+00
1	1	22	131.97		4	4	4		NaN	NaN		1.00		NaN		5.500000e+00
1	1	23	141.75		1	2	2		2	1		1.00		2.34		1.500000e+00
1	1	24	147.54		4	3	3		4	0		1.00		0.83		5.000000e-01
1	1	25	152.32		3	3	3		3	1		1.00		0.67		5.000000e-01
1	1	26	157.11		3	3	3		3	1		1.00		0.69		5.000000e-01
1	1	27	161.89		1	1	1		1	1		1.00		2.35		5.000000e-01
1	1	28	166.67		3	4	4		3	0		1.00		0.67		1.500000e+00
1	1	29	172.46		4	3	3		4	0		1.00		0.95		2.500000e+00
1	1	30	179.24		1	1	1		1	1		1.00		2.39		5.000000e-01
1	1	31	184.02		1	1	1		1	1		1.00		0.66		5.000000e-01
1	1	32	188.81		4	4	4		3	0		1.00		0.88		5.000000e-01
1	1	33	193.59		2	1	1		2	0		1.00		0.80		2.500000e+00
1	1	34	200.38		4	4	4		3	0		1.00		1.02		1.500000e+00
1	1	35	206.16		4	4	4		4	1		1.00		0.96		1.500000e+00
1	1	36	211.94		1	1	1		1	1		1.00		1.02		5.000000e-01
1	1	37	216.73		2	1	1		2	0		1.00		1.03		5.000000e-01
1	1	38	221.51		1	2	2		1	0		1.00		0.65		4.500000e+00
1	1	39	230.29		4	3	3		3	1		1.00		1.01		8
1	1	40	242.58		4	4	4		3	0		1.00		1.11		5.000000e-01
1	1	41	247.36		3	4	4		NaN	NaN		1.00		NaN		2.500000e+00
1	1	42	254.15		2	1	1		4	0		1.00		1.27		2.500000e+00
1	1	43	260.93		3	3	3		NaN	NaN		1.00		NaN		2.500000e+00
1	1	44	267.71		1	1	1		2	0		1.00		1.03		1.500000e+00
1	1	45	273.50		3	3	3		3	1		1.00		0.92		3.500000e+00
1	1	46	281.28		1	1	1		2	0		1.00		0.98		5.000000e-01
1	1	47	286.06		2	1	1		1	1		1.00		0.98		2.500000e+00
1	1	48	292.85		1	1	1		1	1		1.00		0.56		5.000000e-01
1	1	49	297.63		3	3	3		1	0		1.00		1.22		5.000000e-01
1	1	50	302.42		4	3	3		3	1		1.00		1.07		1.500000e+00
1	1	51	308.20		1	1	1		1	1		1.00		0.72		1.500000e+00
1	1	52	313.98		1	1	1		1	1		1.00		0.65		5.500000e+00
1	1	53	323.77		1	1	1		1	1		1.00		0.78		1.500000e+00
1	1	54	329.55		4	4	4		3	0		1.00		1.32		5.500000e+00
1	1	55	339.34		2	2	2		1	0		1.00		0.94		1.500000e+00
1	1	56	345.12		3	3	3		3	1		1.00		1.05		5.000000e-01
1	1	57	349.90		3	4	4		3	0		1.00		3.05		5.000000e-01
1	1	58	354.69		3	4	4		4	1		1.00		0.89		5.000000e-01
1	1	59	359.47		1	1	1		1	1		1.00		0.71		4.500000e+00
1	1	60	368.25		2	2	2		2	1		1.00		0.73		2.500000e+00
1	1	61	375.04		2	1	1		2	0		1.00		0.63		1.500000e+00
1	1	62	380.82		3	3	3		3	1		1.00		0.99		5.000000e-01
1	1	63	385.60		4	4	4		4	1		1.00		0.64		5.000000e-01
1	1	64	390.39		4	4	4		4	1		1.00		2.48		5.000000e-01
1	1	65	395.17		3	3	3		3	1		1.00		0.66		4.500000e+00
1	1	66	403.96		4	4	4		4	1		1.00		0.74		3.500000e+00
1	1	67	411.74		4	4	4		4	1		1.00		0.70		5.000000e-01
1	1	68	416.52		2	1	1		1	1		1.00		2.39		5.500000e+00
1	1	69	426.31		2	2	2		2	1		1.00		2.23		1.500000e+00
1	1	70	432.09		4	4	4		4	1		1.00		0.68		5.000000e-01
1	1	71	436.88		3	3	3		3	1		1.00		0.62		1.500000e+00
1	1	72	442.66		1	2	2		1	0		1.00		0.59		5.500000e+00
1	1	73	452.44		1	1	1		2	0		1.00		0.54		5.000000e-01
1	1	74	457.23		3	4	4		3	0		1.00		0.65		3.500000e+00
1	1	75	465.01		3	3	3		4	0		1.00		0.78		5.000000e-01
1	1	76	469.79		2	2	2		2	1		1.00		2.31		2.500000e+00
1	1	77	476.58		4	3	3		4	0		1.00		0.82		5.000000e-01
1	1	78	481.36		2	2	2		2	1		1.00		0.89		5.000000e-01
1	1	79	486.15		1	2	2		2	1		1.00		2.35		3.500000e+00
1	1	80	493.93		4	4	4		3	0		1.00		0.97		1.500000e+00
1	1	81	499.71		3	3	3		3	1		1.00		2.34		1.500000e+00
1	1	82	505.50		2	2	2		2	1		1.00		1.28		1.500000e+00
1	1	83	511.28		3	3	3		4	0		1.00		1.09		5.000000e-01
1	1	84	516.06		3	3	3		3	1		1.00		0.58		3.500000e+00
1	1	85	523.85		2	2	2		2	1		1.00		0.58		1.500000e+00
1	1	86	529.63		3	3	3		3	1		1.00		1.09		5.000000e-01
1	1	87	534.41		1	1	1		2	0		1.00		1.01		8
1	1	88	546.70		2	2	2		2	1		1.00		0.69		4.500000e+00
1	1	89	555.48		4	4	4		4	1		1.00		1.07		1.500000e+00
1	1	90	561.27		1	1	1		1	1		1.00		0.61		1.500000e+00
1	1	91	567.05		1	1	1		1	1		1.00		0.62		1.500000e+00
1	1	92	572.83		4	4	4		4	1		1.00		0.66		5.000000e-01
1	1	93	577.62		2	2	2		2	1		1.00		0.65		5.000000e-01
1	1	94	582.40		2	1	1		2	0		1.00		0.58		5.000000e-01
1	1	95	587.19		2	2	2		1	0		1.00		0.63		5.000000e-01
1	1	96	591.97		1	2	2		2	1		1.00		1.33		5.000000e-01
1	1	97	596.75		3	3	3		4	0		1.00		1.35		5.000000e-01
1	1	98	601.54		2	1	1		1	1		1.00		2.32		5.000000e-01
1	1	99	606.32		4	4	4		4	1		1.00		2.44		2.500000e+00
1	1	100	613.10		4	4	4		3	0		1.00		1.03		5.000000e-01
1	2	101	0.51		4	3	3		3	1		4.00		5.91		3.500000e+00
1	2	102	12.30		2	1	1		2	0		4.00		5.63		2.500000e+00
1	2	103	23.08		3	4	4		4	1		8.00		9.57		5.000000e-01
1	2	104	35.87		3	3	3		3	1		6.00		7.50		4.500000e+00
1	2	105	50.65		1	2	2		2	1		6.00		7.37		5.500000e+00
1	2	106	66.42		3	4	4		4	1		4.00		5.60		3.500000e+00
1	2	107	78.20		4	4	4		3	0		4.00		1.07		8
1	2	108	94.49		3	3	3		3	1		8.00		9.73		8
1	2	109	114.77		3	3	3		3	1		4.00		5.64		2.500000e+00
1	2	110	125.56		1	1	1		2	0		8.00		3.17		3.500000e+00
1	2	111	141.34		1	1	1		1	1		6.00		2.18		6.500000e+00
1	2	112	158.12		3	3	3		3	1		6.00		2.87		3.500000e+00
1	2	113	171.91		4	4	4		4	1		8.00		9.68		8
1	2	114	192.19		2	2	2		2	1		8.00		5.76		1.500000e+00
1	2	115	205.98		1	1	1		1	1		8.00		1.41		5.000000e-01
1	2	116	218.76		4	4	4		4	1		6.00		1.30		5.000000e-01
1	2	117	229.55		3	3	3		3	1		6.00		1.01		5.000000e-01
1	2	118	240.33		3	3	3		3	1		4.00		0.87		2.500000e+00
1	2	119	251.11		4	4	4		4	1		8.00		0.60		5.500000e+00
1	2	120	268.90		4	3	3		4	0		8.00		0.74		1.500000e+00
1	2	121	282.68		3	3	3		3	1		6.00		1.01		4.500000e+00
1	2	122	297.47		2	2	2		2	1		4.00		2.46		3.500000e+00
1	2	123	309.25		2	2	2		2	1		4.00		0.81		1.500000e+00
1	2	124	319.04		4	4	4		4	1		4.00		0.80		1.500000e+00
1	2	125	328.82		2	2	2		2	1		8.00		0.81		3.500000e+00
1	2	126	344.60		1	2	2		1	0		4.00		1.19		1.500000e+00
1	2	127	354.39		1	1	1		1	1		6.00		7.94		5.000000e-01
1	2	128	365.17		2	2	2		2	1		6.00		0.86		3.500000e+00
1	2	129	378.96		3	3	3		3	1		8.00		0.87		5.000000e-01
1	2	130	391.74		2	1	1		2	0		6.00		0.97		1.500000e+00
1	2	131	403.52		2	1	1		2	0		6.00		0.96		8
1	2	132	421.81		1	2	2		1	0		4.00		5.51		3.500000e+00
1	2	133	433.59		2	2	2		1	0		4.00		1.01		1.500000e+00
1	2	134	443.38		2	2	2		2	1		6.00		0.75		1.500000e+00
1	2	135	455.16		1	1	1		1	1		8.00		1.24		1.500000e+00
1	2	136	468.95		2	2	2		2	1		4.00		0.70		8
1	2	137	485.23		1	2	2		1	0		8.00		0.90		4.500000e+00
1	2	138	502.01		3	3	3		3	1		8.00		10.21		5.000000e-01
1	2	139	514.80		3	3	3		3	1		4.00		0.62		2.500000e+00
1	2	140	525.58		4	4	4		4	1		8.00		0.60		5.000000e-01
1	2	141	538.37		2	1	1		2	0		8.00		0.89		5.000000e-01
1	2	142	551.15		4	4	4		4	1		6.00		0.84		1.500000e+00
1	2	143	562.94		4	4	4		4	1		6.00		7.83		1.500000e+00
1	2	144	574.72		1	1	1		1	1		6.00		7.77		5.000000e-01
1	2	145	585.50		3	3	3		3	1		6.00		0.69		5.000000e-01
1	2	146	596.29		1	2	2		1	0		8.00		0.72		5.000000e-01
1	2	147	609.07		4	3	3		4	0		6.00		0.74		1.500000e+00
1	2	148	620.86		1	1	1		2	0		4.00		1.00		8
1	2	149	637.14		1	1	1		1	1		4.00		1.09		1.500000e+00
1	2	150	646.92		1	1	1		1	1		8.00		0.61		5.000000e-01
1	2	151	659.71		1	1	1		1	1		4.00		0.67		4.500000e+00
1	2	152	672.49		1	2	2		1	0		6.00		0.60		5.000000e-01
1	2	153	683.28		3	4	4		3	0		8.00		0.72		4.500000e+00
1	2	154	700.06		1	1	1		1	1		6.00		0.73		5.000000e-01
1	2	155	710.84		4	4	4		4	1		8.00		0.83		1.500000e+00
1	2	156	724.63		3	4	4		3	0		6.00		0.64		1.500000e+00
1	2	157	736.41		3	3	3		3	1		4.00		1.06		4.500000e+00
1	2	158	749.20		2	1	1		2	0		8.00		0.98		8
1	2	159	769.48		1	1	1		1	1		6.00		0.80		5.000000e-01
1	2	160	780.27		3	3	3		3	1		4.00		0.98		3.500000e+00
1	2	161	792.05		4	3	3		4	0		4.00		0.69		3.500000e+00
1	2	162	803.83		4	4	4		4	1		6.00		0.72		5.000000e-01
1	2	163	814.62		2	2	2		2	1		6.00		0.83		1.500000e+00
1	2	164	826.40		2	2	2		2	1		6.00		0.71		6.500000e+00
1	2	165	843.19		2	1	1		2	0		4.00		0.59		3.500000e+00
1	2	166	854.97		4	4	4		4	1		8.00		0.69		5.000000e-01
1	2	167	867.76		3	3	3		3	1		8.00		0.62		6.500000e+00
1	2	168	886.54		3	3	3		3	1		6.00		0.67		5.000000e-01
1	2	169	897.32		4	4	4		4	1		4.00		1.81		7.500000e+00
1	2	170	913.11		1	1	1		1	1		4.00		0.81		1.500000e+00
1	2	171	922.89		2	1	1		2	0		8.00		0.55		2.500000e+00
1	2	172	937.68		4	4	4		4	1		8.00		0.73		6.500000e+00
1	2	173	956.46		4	4	4		4	1		4.00		0.70		5.500000e+00
1	2	174	970.25		4	4	4		4	1		8.00		0.64		5.000000e-01
1	2	175	983.03		1	1	1		1	1		4.00		0.71		1.500000e+00
1	2	176	992.81		4	4	4		4	1		6.00		0.67		7.500000e+00
1	2	177	1010.60		3	3	3		3	1		8.00		0.70		6.500000e+00
1	2	178	1029.38		2	2	2		2	1		8.00		0.61		8
1	2	179	1049.67		2	2	2		2	1		4.00		0.70		8
1	2	180	1065.95		2	2	2		2	1		8.00		0.59		5.000000e-01
Block	Phase	Trial	RunningTime	Cue	Image	CorrResp	Resp	Accuracy	ISI	RT_from_CueOnset	ITI
2	1	1	0.51		1	2	2		1	0		1.00		2.86		1.500000e+00
2	1	2	6.29		4	4	4		4	1		1.00		2.65		5.500000e+00
2	1	3	16.08		1	2	2		2	1		1.00		0.65		1.500000e+00
2	1	4	21.86		4	3	3		4	0		1.00		0.90		5.000000e-01
2	1	5	26.64		1	1	1		2	0		1.00		0.62		5.000000e-01
2	1	6	31.43		4	3	3		4	0		1.00		0.93		1.500000e+00
2	1	7	37.21		4	3	3		3	1		1.00		0.72		5.000000e-01
2	1	8	41.99		1	2	2		2	1		1.00		0.62		4.500000e+00
2	1	9	50.78		3	3	3		4	0		1.00		2.45		5.000000e-01
2	1	10	55.56		1	1	1		2	0		1.00		0.74		1.500000e+00
2	1	11	61.35		1	1	1		2	0		1.00		0.63		5.500000e+00
2	1	12	71.13		4	4	4		3	0		1.00		0.75		5.500000e+00
2	1	13	80.91		4	4	4		4	1		1.00		2.89		2.500000e+00
2	1	14	87.70		3	3	3		3	1		1.00		2.64		5.000000e-01
2	1	15	92.48		4	4	4		4	1		1.00		1.05		5.000000e-01
2	1	16	97.26		3	4	4		3	0		1.00		0.89		5.000000e-01
2	1	17	102.05		3	3	3		3	1		1.00		2.37		1.500000e+00
2	1	18	107.83		2	2	2		1	0		1.00		1.00		3.500000e+00
2	1	19	115.62		3	4	4		3	0		1.00		0.92		5.000000e-01
2	1	20	120.40		4	3	3		4	0		1.00		0.85		4.500000e+00
2	1	21	129.18		1	2	2		2	1		1.00		2.34		5.500000e+00
2	1	22	138.97		2	1	1		1	1		1.00		0.65		1.500000e+00
2	1	23	144.75		2	2	2		1	0		1.00		0.65		3.500000e+00
2	1	24	152.54		4	3	3		3	1		1.00		2.33		3.500000e+00
2	1	25	160.32		1	1	1		1	1		1.00		2.23		4.500000e+00
2	1	26	169.10		4	3	3		3	1		1.00		2.26		5.000000e-01
2	1	27	173.89		3	4	4		4	1		1.00		0.51		5.000000e-01
2	1	28	178.67		1	2	2		2	1		1.00		2.17		3.500000e+00
2	1	29	186.45		1	1	1		2	0		1.00		0.53		1.500000e+00
2	1	30	192.24		2	2	2		1	0		1.00		0.71		1.500000e+00
2	1	31	198.02		2	2	2		2	1		1.00		2.26		1.500000e+00
2	1	32	203.81		1	2	2		2	1		1.00		2.34		5.000000e-01
2	1	33	208.59		2	1	1		1	1		1.00		2.40		3.500000e+00
2	1	34	216.37		3	3	3		3	1		1.00		2.51		5.000000e-01
2	1	35	221.16		3	3	3		3	1		1.00		0.54		3.500000e+00
2	1	36	228.94		2	2	2		2	1		1.00		2.40		2.500000e+00
2	1	37	235.72		4	4	4		4	1		1.00		1.34		5.000000e-01
2	1	38	240.51		2	1	1		2	0		1.00		1.53		5.000000e-01
2	1	39	245.29		1	1	1		1	1		1.00		2.25		5.000000e-01
2	1	40	250.08		1	2	2		2	1		1.00		2.28		1.500000e+00
2	1	41	255.86		1	1	1		1	1		1.00		2.32		5.000000e-01
2	1	42	260.64		4	4	4		4	1		1.00		1.09		5.000000e-01
2	1	43	265.43		3	4	4		3	0		1.00		0.84		3.500000e+00
2	1	44	273.21		1	1	1		2	0		1.00		1.22		1.500000e+00
2	1	45	278.99		2	1	1		2	0		1.00		1.15		5.000000e-01
2	1	46	283.78		1	1	1		1	1		1.00		2.36		2.500000e+00
2	1	47	290.56		4	3	3		3	1		1.00		2.41		1.500000e+00
2	1	48	296.35		4	4	4		3	0		1.00		0.80		5.000000e-01
2	1	49	301.13		1	2	2		2	1		1.00		2.34		1.500000e+00
2	1	50	306.91		3	4	4		4	1		1.00		2.67		5.000000e-01
2	1	51	311.70		3	4	4		4	1		1.00		0.81		2.500000e+00
2	1	52	318.48		3	4	4		4	1		1.00		0.67		5.000000e-01
2	1	53	323.26		4	3	3		3	1		1.00		0.60		5.000000e-01
2	1	54	328.05		3	4	4		4	1		1.00		0.82		5.000000e-01
2	1	55	332.83		1	1	1		1	1		1.00		2.33		5.000000e-01
2	1	56	337.61		1	1	1		1	1		1.00		0.80		5.000000e-01
2	1	57	342.40		2	2	2		2	1		1.00		0.78		1.500000e+00
2	1	58	348.18		3	4	4		4	1		1.00		2.35		5.000000e-01
2	1	59	352.97		2	2	2		2	1		1.00		0.87		5.000000e-01
2	1	60	357.75		2	2	2		2	1		1.00		0.57		5.000000e-01
2	1	61	362.53		2	1	1		2	0		1.00		0.50		2.500000e+00
2	1	62	369.32		3	3	3		3	1		1.00		2.48		5.000000e-01
2	1	63	374.10		3	4	4		3	0		1.00		0.84		2.500000e+00
2	1	64	380.88		3	3	3		3	1		1.00		2.29		1.500000e+00
2	1	65	386.67		4	4	4		4	1		1.00		0.61		5.000000e-01
2	1	66	391.45		2	1	1		2	0		1.00		0.73		2.500000e+00
2	1	67	398.24		1	2	2		2	1		1.00		2.20		5.500000e+00
2	1	68	408.02		1	2	2		2	1		1.00		1.22		5.000000e-01
2	1	69	412.80		3	3	3		3	1		1.00		1.49		5.000000e-01
2	1	70	417.59		4	3	3		4	0		1.00		0.52		1.500000e+00
2	1	71	423.37		4	4	4		3	0		1.00		1.33		1.500000e+00
2	1	72	429.15		4	3	3		3	1		1.00		2.37		2.500000e+00
2	1	73	435.94		2	1	1		1	1		1.00		2.15		2.500000e+00
2	1	74	442.72		4	3	3		3	1		1.00		2.39		5.000000e-01
2	1	75	447.51		2	2	2		1	0		1.00		1.24		5.000000e-01
2	1	76	452.29		1	1	1		1	1		1.00		2.30		8
2	1	77	464.57		2	2	2		2	1		1.00		2.34		5.000000e-01
2	1	78	469.36		3	3	3		3	1		1.00		2.46		4.500000e+00
2	1	79	478.14		4	3	3		4	0		1.00		0.74		8
2	1	80	490.42		3	3	3		3	1		1.00		2.34		5.000000e-01
2	1	81	495.21		4	4	4		4	1		1.00		0.64		5.000000e-01
2	1	82	499.99		4	4	4		4	1		1.00		1.35		5.000000e-01
2	1	83	504.78		3	4	4		3	0		1.00		0.78		3.500000e+00
2	1	84	512.56		1	1	1		1	1		1.00		2.41		1.500000e+00
2	1	85	518.34		4	4	4		4	1		1.00		2.40		5.000000e-01
2	1	86	523.13		2	2	2		2	1		1.00		2.15		5.000000e-01
2	1	87	527.91		1	1	1		1	1		1.00		0.66		5.000000e-01
2	1	88	532.69		3	4	4		4	1		1.00		2.37		1.500000e+00
2	1	89	538.48		2	1	1		2	0		1.00		0.80		5.000000e-01
2	1	90	543.26		2	1	1		1	1		1.00		2.25		5.500000e+00
2	1	91	553.05		3	3	3		3	1		1.00		2.51		1.500000e+00
2	1	92	558.83		2	1	1		1	1		1.00		2.36		5.500000e+00
2	1	93	568.61		1	1	1		1	1		1.00		2.32		5.000000e-01
2	1	94	573.40		2	2	2		2	1		1.00		2.34		5.000000e-01
2	1	95	578.18		2	2	2		2	1		1.00		2.21		2.500000e+00
2	1	96	584.96		2	2	2		2	1		1.00		0.59		1.500000e+00
2	1	97	590.75		2	2	2		2	1		1.00		0.52		4.500000e+00
2	1	98	599.53		3	3	3		3	1		1.00		2.41		5.000000e-01
2	1	99	604.32		4	3	3		4	0		1.00		0.71		1.500000e+00
2	1	100	610.10		3	3	3		3	1		1.00		0.84		3.500000e+00
2	2	101	0.50		3	4	4		3	0		4.00		1.34		3.500000e+00
2	2	102	12.29		4	3	3		4	0		4.00		1.04		3.500000e+00
2	2	103	24.07		3	3	3		3	1		6.00		7.80		5.000000e-01
2	2	104	34.86		1	1	1		1	1		6.00		1.78		5.000000e-01
2	2	105	45.64		3	3	3		3	1		4.00		2.26		3.500000e+00
2	2	106	57.42		1	2	2		1	0		4.00		1.20		3.500000e+00
2	2	107	69.21		4	3	3		4	0		6.00		0.83		5.000000e-01
2	2	108	79.99		4	4	4		4	1		6.00		0.69		1.500000e+00
2	2	109	91.78		4	4	4		4	1		8.00		0.72		5.500000e+00
2	2	110	109.56		1	2	2		1	0		4.00		1.23		8
2	2	111	125.85		1	2	2		1	0		6.00		0.65		5.000000e-01
2	2	112	136.63		3	4	4		3	0		4.00		1.77		2.500000e+00
2	2	113	147.41		1	1	1		2	0		4.00		1.69		4.500000e+00
2	2	114	160.20		2	2	2		2	1		6.00		0.84		3.500000e+00
2	2	115	173.98		2	2	2		2	1		6.00		0.71		1.500000e+00
2	2	116	185.77		4	4	4		4	1		6.00		0.99		7.500000e+00
2	2	117	203.55		2	2	2		2	1		4.00		0.84		8
2	2	118	219.84		4	3	3		4	0		8.00		2.04		5.000000e-01
2	2	119	232.62		2	2	2		2	1		8.00		0.89		5.000000e-01
2	2	120	245.40		2	2	2		2	1		6.00		0.65		1.500000e+00
2	2	121	257.19		3	4	4		3	0		8.00		1.33		8
2	2	122	277.47		2	2	2		2	1		8.00		9.71		1.500000e+00
2	2	123	291.26		1	1	1		1	1		8.00		0.72		5.000000e-01
2	2	124	304.04		3	3	3		3	1		6.00		0.67		4.500000e+00
2	2	125	318.83		2	2	2		2	1		4.00		0.93		3.500000e+00
2	2	126	330.61		2	2	2		2	1		4.00		0.49		1.500000e+00
2	2	127	340.39		1	2	2		1	0		6.00		0.78		5.000000e-01
2	2	128	351.18		1	2	2		1	0		6.00		0.71		5.500000e+00
2	2	129	366.96		3	3	3		3	1		8.00		0.82		6.500000e+00
2	2	130	385.75		3	4	4		3	0		6.00		0.69		1.500000e+00
2	2	131	397.53		2	2	2		2	1		6.00		0.79		6.500000e+00
2	2	132	414.32		3	4	4		3	0		6.00		0.79		5.000000e-01
2	2	133	425.10		4	4	4		4	1		8.00		0.69		5.000000e-01
2	2	134	437.88		4	4	4		4	1		4.00		0.66		7.500000e+00
2	2	135	453.67		2	2	2		2	1		4.00		5.57		8
2	2	136	469.95		4	3	3		4	0		4.00		0.66		3.500000e+00
2	2	137	481.74		1	1	1		1	1		4.00		0.78		1.500000e+00
2	2	138	491.52		1	1	1		1	1		6.00		0.65		5.000000e-01
2	2	139	502.30		1	2	2		1	0		8.00		0.55		5.000000e-01
2	2	140	515.09		2	1	1		2	0		8.00		0.48		8
2	2	141	535.37		4	3	3		4	0		6.00		0.78		1.500000e+00
2	2	142	547.16		1	2	2		1	0		8.00		0.90		4.500000e+00
2	2	143	563.94		3	4	4		3	0		8.00		0.67		5.000000e-01
2	2	144	576.73		1	1	1		1	1		6.00		0.68		6.500000e+00
2	2	145	593.51		1	1	1		1	1		8.00		0.78		1.500000e+00
2	2	146	607.30		4	3	3		4	0		8.00		0.74		1.500000e+00
2	2	147	621.08		3	3	3		3	1		6.00		0.83		3.500000e+00
2	2	148	634.85		4	3	3		4	0		4.00		0.70		1.500000e+00
2	2	149	644.63		3	4	4		3	0		4.00		0.65		4.500000e+00
2	2	150	657.41		4	4	4		4	1		8.00		0.71		6.500000e+00
2	2	151	676.20		1	1	1		1	1		8.00		1.09		3.500000e+00
2	2	152	691.98		1	1	1		1	1		4.00		5.74		1.500000e+00
2	2	153	701.77		3	3	3		3	1		4.00		0.79		2.500000e+00
2	2	154	712.55		4	4	4		4	1		6.00		0.78		5.000000e-01
2	2	155	723.34		3	3	3		3	1		6.00		0.69		4.500000e+00
2	2	156	738.10		2	1	1		2	0		6.00		1.39		1.500000e+00
2	2	157	749.89		2	1	1		2	0		4.00		0.47		3.500000e+00
2	2	158	761.67		4	3	3		4	0		8.00		0.70		1.500000e+00
2	2	159	775.46		3	4	4		3	0		8.00		0.65		4.500000e+00
2	2	160	792.24		4	3	3		4	0		6.00		1.06		1.500000e+00
2	2	161	804.02		4	3	3		4	0		4.00		0.69		8
2	2	162	820.31		2	1	1		2	0		4.00		0.68		2.500000e+00
2	2	163	831.09		3	4	4		3	0		6.00		0.80		5.000000e-01
2	2	164	841.88		4	4	4		3	0		4.00		0.80		5.500000e+00
2	2	165	855.66		4	4	4		3	0		8.00		0.71		8
2	2	166	875.95		2	2	2		2	1		8.00		0.68		3.500000e+00
2	2	167	891.73		1	2	2		1	0		4.00		0.63		1.500000e+00
2	2	168	901.51		1	1	1		1	1		8.00		0.62		5.000000e-01
2	2	169	914.30		3	3	3		3	1		8.00		0.84		6.500000e+00
2	2	170	933.08		3	3	3		3	1		4.00		0.57		2.500000e+00
2	2	171	943.87		3	4	4		3	0		8.00		0.53		5.000000e-01
2	2	172	956.65		1	1	1		1	1		6.00		0.66		5.000000e-01
2	2	173	967.44		2	1	1		2	0		6.00		0.52		8
2	2	174	985.72		2	1	1		2	0		4.00		0.55		1.500000e+00
2	2	175	995.50		3	3	3		3	1		8.00		0.65		5.000000e-01
2	2	176	1008.29		2	2	2		2	1		8.00		0.49		8
2	2	177	1028.57		2	1	1		2	0		8.00		0.58		5.000000e-01
2	2	178	1041.36		2	1	1		2	0		8.00		0.61		2.500000e+00
2	2	179	1056.14		1	1	1		1	1		4.00		0.71		1.500000e+00
2	2	180	1065.93		4	4	4		4	1		6.00		0.73		5.000000e-01
