*********************************************
* Combray
* Date/Time: 11-Nov-2015 14:48:09
* Seed: 210752.637
* Subject Number: 27
* Subject Name: AF
*********************************************

Block	Phase	Trial	RunningTime	Cue	Image	CorrResp	Resp	Accuracy	ISI	RT_from_CueOnset	ITI
1	1	1	0.51		1	1	1		1	1		1.00		2.61		1.500000e+00
1	1	2	6.28		2	2	2		2	1		1.00		2.27		4.500000e+00
1	1	3	15.05		2	2	2		2	1		1.00		2.40		2.500000e+00
1	1	4	21.81		2	2	2		2	1		1.00		2.13		1.500000e+00
1	1	5	27.58		3	4	4		4	1		1.00		2.49		1.500000e+00
1	1	6	33.35		4	4	4		2	0		1.00		1.16		2.500000e+00
1	1	7	40.12		3	3	3		3	1		1.00		2.37		5.000000e-01
1	1	8	44.88		3	4	4		4	1		1.00		2.60		5.500000e+00
1	1	9	54.65		2	2	2		2	1		1.00		2.35		2.500000e+00
1	1	10	61.42		3	3	3		3	1		1.00		2.34		5.000000e-01
1	1	11	66.19		4	4	4		2	0		1.00		1.37		5.000000e-01
1	1	12	70.95		1	2	2		1	0		1.00		2.13		5.000000e-01
1	1	13	75.72		3	3	3		3	1		1.00		2.37		5.000000e-01
1	1	14	80.49		3	4	4		3	0		1.00		2.19		3.500000e+00
1	1	15	88.25		2	2	2		2	1		1.00		2.24		5.000000e-01
1	1	16	93.02		4	3	3		3	1		1.00		2.44		1.500000e+00
1	1	17	98.79		2	2	2		2	1		1.00		2.41		5.500000e+00
1	1	18	108.55		3	3	3		3	1		1.00		2.44		5.000000e-01
1	1	19	113.32		2	2	2		2	1		1.00		2.32		5.000000e-01
1	1	20	118.09		2	2	2		2	1		1.00		2.45		5.500000e+00
1	1	21	127.86		2	2	2		2	1		1.00		2.31		1.500000e+00
1	1	22	133.62		1	1	1		1	1		1.00		2.49		2.500000e+00
1	1	23	140.39		1	1	1		2	0		1.00		2.35		5.500000e+00
1	1	24	150.16		4	4	4		4	1		1.00		2.51		5.000000e-01
1	1	25	154.92		1	1	1		1	1		1.00		2.62		2.500000e+00
1	1	26	161.69		3	3	3		3	1		1.00		2.45		5.000000e-01
1	1	27	166.46		4	4	4		4	1		1.00		2.49		3.500000e+00
1	1	28	174.23		4	3	3		3	1		1.00		2.37		1.500000e+00
1	1	29	179.99		3	4	4		4	1		1.00		2.77		1.500000e+00
1	1	30	185.76		4	3	3		3	1		1.00		2.47		5.000000e-01
1	1	31	190.53		4	3	3		3	1		1.00		2.28		5.000000e-01
1	1	32	195.29		4	4	4		3	0		1.00		2.24		5.000000e-01
1	1	33	200.06		1	1	1		1	1		1.00		2.54		1.500000e+00
1	1	34	205.83		3	4	4		4	1		1.00		2.46		5.000000e-01
1	1	35	210.59		4	4	4		4	1		1.00		2.38		8
1	1	36	222.86		4	3	3		3	1		1.00		2.94		2.500000e+00
1	1	37	229.63		3	3	3		3	1		1.00		2.42		5.000000e-01
1	1	38	234.40		1	1	1		1	1		1.00		2.45		1.500000e+00
1	1	39	240.16		2	2	2		2	1		1.00		2.44		5.000000e-01
1	1	40	244.93		2	1	1		1	1		1.00		2.54		8
1	1	41	257.20		2	2	2		2	1		1.00		2.51		1.500000e+00
1	1	42	262.97		4	4	4		4	1		1.00		2.49		5.000000e-01
1	1	43	267.73		4	4	4		4	1		1.00		2.54		5.000000e-01
1	1	44	272.50		3	3	3		3	1		1.00		2.43		5.000000e-01
1	1	45	277.27		2	2	2		1	0		1.00		2.65		5.000000e-01
1	1	46	282.03		1	1	1		1	1		1.00		2.47		5.500000e+00
1	1	47	291.80		4	4	4		3	0		1.00		2.37		5.000000e-01
1	1	48	296.57		1	1	1		1	1		1.00		2.74		3.500000e+00
1	1	49	304.33		1	1	1		1	1		1.00		2.47		4.500000e+00
1	1	50	313.10		2	2	2		2	1		1.00		2.45		1.500000e+00
1	1	51	318.87		1	1	1		1	1		1.00		2.47		3.500000e+00
1	1	52	326.64		1	1	1		2	0		1.00		2.66		1.500000e+00
1	1	53	332.40		1	2	2		2	1		1.00		2.48		1.500000e+00
1	1	54	338.17		2	2	2		2	1		1.00		2.35		1.500000e+00
1	1	55	343.94		2	2	2		2	1		1.00		2.33		5.000000e-01
1	1	56	348.70		2	2	2		2	1		1.00		2.17		2.500000e+00
1	1	57	355.47		4	3	3		2	0		1.00		0.87		5.000000e-01
1	1	58	360.24		3	4	4		4	1		1.00		2.37		5.000000e-01
1	1	59	365.01		2	1	1		2	0		1.00		2.35		5.000000e-01
1	1	60	369.77		1	1	1		1	1		1.00		2.32		5.000000e-01
1	1	61	374.54		1	1	1		1	1		1.00		2.23		5.000000e-01
1	1	62	379.31		3	3	3		3	1		1.00		2.70		5.000000e-01
1	1	63	384.07		1	1	1		1	1		1.00		2.50		5.000000e-01
1	1	64	388.84		3	4	4		4	1		1.00		2.51		5.000000e-01
1	1	65	393.61		1	2	2		2	1		1.00		2.37		5.000000e-01
1	1	66	398.37		3	4	4		4	1		1.00		2.51		2.500000e+00
1	1	67	405.14		2	2	2		2	1		1.00		2.14		3.500000e+00
1	1	68	412.91		2	1	1		2	0		1.00		0.39		2.500000e+00
1	1	69	419.68		4	3	3		3	1		1.00		2.48		4.500000e+00
1	1	70	428.44		2	2	2		2	1		1.00		2.43		3.500000e+00
1	1	71	436.21		3	3	3		4	0		1.00		1.96		5.000000e-01
1	1	72	440.98		1	1	1		1	1		1.00		2.47		5.000000e-01
1	1	73	445.74		4	3	3		3	1		1.00		2.41		5.000000e-01
1	1	74	450.51		1	1	1		1	1		1.00		2.59		5.500000e+00
1	1	75	460.28		2	2	2		2	1		1.00		2.19		5.000000e-01
1	1	76	465.05		1	2	2		2	1		1.00		2.30		5.000000e-01
1	1	77	469.81		1	1	1		2	0		1.00		2.40		5.000000e-01
1	1	78	474.58		1	2	2		2	1		1.00		2.43		4.500000e+00
1	1	79	483.35		3	3	3		3	1		1.00		2.53		1.500000e+00
1	1	80	489.11		3	3	3		3	1		1.00		2.44		5.500000e+00
1	1	81	498.88		1	1	1		1	1		1.00		2.50		4.500000e+00
1	1	82	507.65		4	4	4		4	1		1.00		2.55		2.500000e+00
1	1	83	514.42		4	4	4		4	1		1.00		2.52		5.000000e-01
1	1	84	519.18		4	4	4		4	1		1.00		2.39		1.500000e+00
1	1	85	524.95		2	1	1		1	1		1.00		2.51		5.000000e-01
1	1	86	529.72		3	3	3		3	1		1.00		2.46		3.500000e+00
1	1	87	537.48		2	1	1		1	1		1.00		2.94		1.500000e+00
1	1	88	543.25		1	1	1		1	1		1.00		2.35		5.000000e-01
1	1	89	548.02		4	4	4		4	1		1.00		2.97		5.000000e-01
1	1	90	552.78		4	3	3		3	1		1.00		2.38		5.000000e-01
1	1	91	557.55		3	4	4		4	1		1.00		2.26		5.000000e-01
1	1	92	562.32		4	4	4		4	1		1.00		2.59		1.500000e+00
1	1	93	568.09		3	3	3		3	1		1.00		2.37		1.500000e+00
1	1	94	573.85		4	3	3		3	1		1.00		2.38		5.000000e-01
1	1	95	578.62		4	4	4		4	1		1.00		2.51		5.000000e-01
1	1	96	583.39		1	1	1		1	1		1.00		2.62		3.500000e+00
1	1	97	591.15		3	3	3		3	1		1.00		2.40		1.500000e+00
1	1	98	596.92		2	2	2		2	1		1.00		1.64		3.500000e+00
1	1	99	604.69		3	4	4		4	1		1.00		1.49		1.500000e+00
1	1	100	610.46		3	3	3		3	1		1.00		1.73		1.500000e+00
1	2	101	0.50		2	1	1		1	1		8.00		9.97		5.000000e-01
1	2	102	13.28		4	3	3		3	1		8.00		9.97		8
1	2	103	33.55		4	3	3		3	1		8.00		9.57		8
1	2	104	53.82		4	4	4		4	1		8.00		9.74		3.500000e+00
1	2	105	69.59		3	3	3		3	1		4.00		5.85		5.000000e-01
1	2	106	78.36		4	4	4		3	0		4.00		6.34		5.000000e-01
1	2	107	87.14		1	1	1		1	1		6.00		7.58		1.500000e+00
1	2	108	98.91		2	2	2		2	1		8.00		9.74		4.500000e+00
1	2	109	115.67		2	2	2		2	1		4.00		5.58		1.500000e+00
1	2	110	125.44		4	4	4		4	1		4.00		6.03		3.500000e+00
1	2	111	137.21		1	1	1		2	0		4.00		5.85		3.500000e+00
1	2	112	148.98		1	1	1		1	1		4.00		6.13		8
1	2	113	165.24		4	3	3		3	1		4.00		5.88		6.500000e+00
1	2	114	180.01		2	2	2		1	0		4.00		5.72		7.500000e+00
1	2	115	195.78		3	3	3		4	0		8.00		10.97		5.000000e-01
1	2	116	208.55		3	4	4		4	1		4.00		6.08		5.000000e-01
1	2	117	217.31		4	3	3		3	1		6.00		7.98		3.500000e+00
1	2	118	231.08		1	1	1		2	0		8.00		9.90		1.500000e+00
1	2	119	244.85		1	1	1		1	1		8.00		9.94		1.500000e+00
1	2	120	258.62		4	3	3		4	0		4.00		6.64		5.000000e-01
1	2	121	267.38		1	1	1		1	1		8.00		9.86		2.500000e+00
1	2	122	282.15		3	3	3		3	1		8.00		10.07		1.500000e+00
1	2	123	295.92		4	3	3		4	0		4.00		5.94		1.500000e+00
1	2	124	305.69		3	3	3		3	1		4.00		6.36		5.000000e-01
1	2	125	314.45		2	1	1		1	1		4.00		5.77		3.500000e+00
1	2	126	326.22		3	3	3		3	1		4.00		7.16		1.500000e+00
1	2	127	335.99		2	1	1		1	1		6.00		8.14		8
1	2	128	354.26		2	2	2		2	1		8.00		10.30		5.500000e+00
1	2	129	372.02		3	3	3		3	1		6.00		8.93		5.000000e-01
1	2	130	382.79		2	2	2		2	1		6.00		8.10		5.000000e-01
1	2	131	393.56		1	1	1		2	0		6.00		8.17		5.500000e+00
1	2	132	409.33		4	3	3		3	1		6.00		8.39		1.500000e+00
1	2	133	421.10		3	4	4		3	0		8.00		10.20		6.500000e+00
1	2	134	439.86		4	4	4		4	1		4.00		7.72		5.000000e-01
1	2	135	448.63		4	3	3		3	1		6.00		7.73		1.500000e+00
1	2	136	460.40		4	4	4		4	1		4.00		6.62		8
1	2	137	476.67		3	3	3		3	1		8.00		10.94		3.500000e+00
1	2	138	492.43		1	1	1		1	1		8.00		10.87		6.500000e+00
1	2	139	511.20		3	4	4		4	1		6.00		4.62		8
1	2	140	529.47		2	2	2		2	1		6.00		7.75		8
1	2	141	547.74		2	2	2		2	1		4.00		6.03		3.500000e+00
1	2	142	559.50		2	2	2		2	1		8.00		9.70		5.000000e-01
1	2	143	572.27		1	1	1		1	1		6.00		7.94		5.000000e-01
1	2	144	583.04		3	3	3		3	1		6.00		7.88		1.500000e+00
1	2	145	594.81		2	2	2		4	0		8.00		7.93		7.500000e+00
1	2	146	614.58		3	4	4		3	0		6.00		9.32		8
1	2	147	632.84		4	4	4		4	1		8.00		10.87		1.500000e+00
1	2	148	646.61		1	1	1		1	1		6.00		8.73		3.500000e+00
1	2	149	660.38		1	1	1		1	1		8.00		10.67		4.500000e+00
1	2	150	677.15		1	2	2		2	1		8.00		10.45		1.500000e+00
1	2	151	690.91		3	3	3		4	0		6.00		8.77		4.500000e+00
1	2	152	705.68		3	4	4		4	1		6.00		8.25		6.500000e+00
1	2	153	722.45		2	2	2		2	1		4.00		5.58		3.500000e+00
1	2	154	734.22		2	2	2		2	1		6.00		8.33		5.000000e-01
1	2	155	744.98		1	1	1		1	1		4.00		5.97		1.500000e+00
1	2	156	754.75		3	3	3		3	1		6.00		8.65		5.000000e-01
1	2	157	765.52		2	1	1		1	1		8.00		9.59		5.000000e-01
1	2	158	778.29		1	1	1		1	1		4.00		1.05		2.500000e+00
1	2	159	789.05		4	4	4		3	0		6.00		9.12		1.500000e+00
1	2	160	800.82		3	4	4		4	1		8.00		10.83		2.500000e+00
1	2	161	815.59		2	2	2		2	1		6.00		7.55		5.000000e-01
1	2	162	826.36		3	4	4		4	1		8.00		10.05		3.500000e+00
1	2	163	842.12		3	3	3		NaN	0		8.00		NaN		8
1	2	164	862.39		4	4	4		4	1		6.00		8.20		5.500000e+00
1	2	165	878.16		3	4	4		NaN	0		4.00		NaN		5.000000e-01
1	2	166	886.93		1	2	2		1	0		6.00		1.25		1.500000e+00
1	2	167	898.69		4	4	4		NaN	0		6.00		NaN		4.500000e+00
1	2	168	913.46		2	2	2		1	0		6.00		8.00		6.500000e+00
1	2	169	930.23		4	4	4		NaN	0		4.00		NaN		5.000000e-01
1	2	170	939.00		2	2	2		2	1		4.00		5.44		4.500000e+00
1	2	171	951.76		1	2	2		2	1		6.00		7.62		5.000000e-01
1	2	172	962.53		3	3	3		4	0		4.00		6.39		1.500000e+00
1	2	173	972.30		1	1	1		1	1		6.00		7.89		5.000000e-01
1	2	174	983.07		2	2	2		2	1		4.00		5.93		3.500000e+00
1	2	175	994.83		2	2	2		2	1		8.00		10.72		1.500000e+00
1	2	176	1008.60		1	1	1		1	1		4.00		5.96		1.500000e+00
1	2	177	1018.37		1	1	1		1	1		4.00		6.10		4.500000e+00
1	2	178	1031.14		4	4	4		3	0		8.00		11.72		2.500000e+00
1	2	179	1045.90		1	2	2		2	1		4.00		6.01		5.000000e-01
1	2	180	1054.67		4	4	4		4	1		8.00		10.13		2.500000e+00
Block	Phase	Trial	RunningTime	Cue	Image	CorrResp	Resp	Accuracy	ISI	RT_from_CueOnset	ITI
2	1	1	0.51		1	2	2		2	1		1.00		2.49		4.500000e+00
2	1	2	9.28		4	3	3		3	1		1.00		2.54		5.000000e-01
2	1	3	14.04		1	2	2		2	1		1.00		2.34		5.000000e-01
2	1	4	18.81		2	1	1		1	1		1.00		2.27		2.500000e+00
2	1	5	25.58		3	3	3		3	1		1.00		2.50		1.500000e+00
2	1	6	31.34		4	3	3		3	1		1.00		2.27		5.000000e-01
2	1	7	36.11		2	2	2		2	1		1.00		2.33		5.000000e-01
2	1	8	40.88		2	1	1		2	0		1.00		0.56		5.000000e-01
2	1	9	45.65		2	2	2		2	1		1.00		2.28		3.500000e+00
2	1	10	53.41		1	2	2		2	1		1.00		2.47		5.000000e-01
2	1	11	58.18		4	4	4		4	1		1.00		2.56		3.500000e+00
2	1	12	65.95		3	3	3		3	1		1.00		2.42		5.000000e-01
2	1	13	70.71		1	2	2		2	1		1.00		2.33		5.000000e-01
2	1	14	75.48		3	4	4		NaN	NaN		1.00		NaN		5.000000e-01
2	1	15	80.25		2	1	1		1	1		1.00		2.91		5.000000e-01
2	1	16	85.02		2	2	2		2	1		1.00		2.38		5.000000e-01
2	1	17	89.78		2	2	2		2	1		1.00		2.36		1.500000e+00
2	1	18	95.55		3	3	3		3	1		1.00		2.38		5.000000e-01
2	1	19	100.32		4	3	3		3	1		1.00		2.37		4.500000e+00
2	1	20	109.08		1	1	1		1	1		1.00		2.36		2.500000e+00
2	1	21	115.85		4	4	4		4	1		1.00		2.56		5.000000e-01
2	1	22	120.62		2	1	1		1	1		1.00		2.31		4.500000e+00
2	1	23	129.39		1	1	1		1	1		1.00		2.33		5.000000e-01
2	1	24	134.15		4	4	4		4	1		1.00		2.46		5.000000e-01
2	1	25	138.92		2	1	1		1	1		1.00		2.34		1.500000e+00
2	1	26	144.69		3	3	3		3	1		1.00		2.55		5.000000e-01
2	1	27	149.45		3	3	3		3	1		1.00		2.80		3.500000e+00
2	1	28	157.22		1	1	1		1	1		1.00		2.39		5.500000e+00
2	1	29	166.99		3	3	3		3	1		1.00		2.49		1.500000e+00
2	1	30	172.75		1	2	2		2	1		1.00		2.46		4.500000e+00
2	1	31	181.52		4	4	4		4	1		1.00		2.54		5.000000e-01
2	1	32	186.29		1	1	1		1	1		1.00		2.37		1.500000e+00
2	1	33	192.06		4	3	3		3	1		1.00		2.62		1.500000e+00
2	1	34	197.82		3	3	3		3	1		1.00		2.35		1.500000e+00
2	1	35	203.59		2	2	2		2	1		1.00		2.46		1.500000e+00
2	1	36	209.36		2	1	1		1	1		1.00		2.45		5.000000e-01
2	1	37	214.12		2	1	1		1	1		1.00		2.34		2.500000e+00
2	1	38	220.89		3	3	3		3	1		1.00		2.56		1.500000e+00
2	1	39	226.66		3	4	4		4	1		1.00		2.46		5.000000e-01
2	1	40	231.43		2	1	1		1	1		1.00		2.25		3.500000e+00
2	1	41	239.19		3	3	3		3	1		1.00		2.47		5.000000e-01
2	1	42	243.96		1	2	2		2	1		1.00		2.36		3.500000e+00
2	1	43	251.73		4	4	4		4	1		1.00		2.46		2.500000e+00
2	1	44	258.49		1	1	1		1	1		1.00		2.38		5.000000e-01
2	1	45	263.26		3	3	3		3	1		1.00		2.64		5.000000e-01
2	1	46	268.03		1	2	2		2	1		1.00		2.30		5.000000e-01
2	1	47	272.79		4	4	4		3	0		1.00		2.27		5.000000e-01
2	1	48	277.56		1	1	1		2	0		1.00		1.17		5.000000e-01
2	1	49	282.33		3	4	4		4	1		1.00		2.44		1.500000e+00
2	1	50	288.10		2	1	1		1	1		1.00		2.20		1.500000e+00
2	1	51	293.86		1	2	2		2	1		1.00		2.15		5.500000e+00
2	1	52	303.63		4	4	4		4	1		1.00		2.45		5.000000e-01
2	1	53	308.40		2	1	1		1	1		1.00		2.34		2.500000e+00
2	1	54	315.16		3	3	3		2	0		1.00		1.31		5.500000e+00
2	1	55	324.93		2	2	2		2	1		1.00		2.29		3.500000e+00
2	1	56	332.70		4	4	4		4	1		1.00		2.43		8
2	1	57	344.97		4	3	3		3	1		1.00		2.75		5.000000e-01
2	1	58	349.73		1	2	2		2	1		1.00		2.38		3.500000e+00
2	1	59	357.50		4	4	4		4	1		1.00		2.58		5.000000e-01
2	1	60	362.27		2	2	2		2	1		1.00		2.34		5.000000e-01
2	1	61	367.03		1	2	2		2	1		1.00		2.27		5.000000e-01
2	1	62	371.80		2	1	1		1	1		1.00		2.46		5.500000e+00
2	1	63	381.57		4	3	3		3	1		1.00		2.59		2.500000e+00
2	1	64	388.34		3	4	4		4	1		1.00		2.52		5.000000e-01
2	1	65	393.10		4	4	4		3	0		1.00		2.74		5.000000e-01
2	1	66	397.87		4	4	4		4	1		1.00		2.45		1.500000e+00
2	1	67	403.64		3	3	3		3	1		1.00		2.46		5.000000e-01
2	1	68	408.40		1	1	1		1	1		1.00		2.35		5.500000e+00
2	1	69	418.17		3	4	4		4	1		1.00		2.48		1.500000e+00
2	1	70	423.94		1	2	2		2	1		1.00		2.37		1.500000e+00
2	1	71	429.71		4	4	4		4	1		1.00		2.50		5.000000e-01
2	1	72	434.47		3	3	3		3	1		1.00		2.70		1.500000e+00
2	1	73	440.24		3	3	3		3	1		1.00		2.45		5.000000e-01
2	1	74	445.01		2	2	2		2	1		1.00		2.44		2.500000e+00
2	1	75	451.77		4	3	3		3	1		1.00		2.35		5.000000e-01
2	1	76	456.54		2	2	2		2	1		1.00		2.29		1.500000e+00
2	1	77	462.31		1	1	1		1	1		1.00		2.49		1.500000e+00
2	1	78	468.08		2	2	2		2	1		1.00		2.39		5.500000e+00
2	1	79	477.84		4	4	4		4	1		1.00		2.48		1.500000e+00
2	1	80	483.61		1	1	1		1	1		1.00		2.42		5.000000e-01
2	1	81	488.38		3	3	3		3	1		1.00		2.62		5.000000e-01
2	1	82	493.14		3	3	3		3	1		1.00		2.53		5.000000e-01
2	1	83	497.91		3	4	4		4	1		1.00		2.57		3.500000e+00
2	1	84	505.68		3	4	4		4	1		1.00		2.64		2.500000e+00
2	1	85	512.44		1	1	1		1	1		1.00		2.36		1.500000e+00
2	1	86	518.21		1	1	1		1	1		1.00		2.34		1.500000e+00
2	1	87	523.98		3	3	3		3	1		1.00		2.60		5.000000e-01
2	1	88	528.75		2	2	2		2	1		1.00		2.34		1.500000e+00
2	1	89	534.51		1	1	1		1	1		1.00		2.32		4.500000e+00
2	1	90	543.28		2	1	1		1	1		1.00		2.32		5.000000e-01
2	1	91	548.05		1	1	1		1	1		1.00		2.40		3.500000e+00
2	1	92	555.81		4	4	4		4	1		1.00		2.56		5.000000e-01
2	1	93	560.58		1	2	2		2	1		1.00		2.46		2.500000e+00
2	1	94	567.35		4	4	4		4	1		1.00		2.40		5.000000e-01
2	1	95	572.11		2	1	1		1	1		1.00		2.28		8
2	1	96	584.38		4	3	3		3	1		1.00		2.56		5.000000e-01
2	1	97	589.15		2	2	2		2	1		1.00		2.42		5.000000e-01
2	1	98	593.92		4	4	4		4	1		1.00		2.43		1.500000e+00
2	1	99	599.68		3	3	3		3	1		1.00		2.60		5.500000e+00
2	1	100	609.45		4	4	4		4	1		1.00		2.75		2.500000e+00
2	2	101	0.51		4	4	4		3	0		8.00		10.15		3.500000e+00
2	2	102	16.27		4	3	3		3	1		4.00		5.98		1.500000e+00
2	2	103	26.04		3	3	3		3	1		6.00		7.98		8
2	2	104	44.31		1	2	2		1	0		6.00		7.75		5.000000e-01
2	2	105	55.08		1	1	1		2	0		4.00		6.22		2.500000e+00
2	2	106	65.84		2	1	1		2	0		8.00		9.89		5.000000e-01
2	2	107	78.61		2	2	2		2	1		8.00		10.07		7.500000e+00
2	2	108	98.38		3	3	3		3	1		8.00		9.64		5.000000e-01
2	2	109	111.15		4	4	4		4	1		4.00		6.04		5.000000e-01
2	2	110	119.91		4	4	4		4	1		8.00		9.89		3.500000e+00
2	2	111	135.68		3	3	3		3	1		8.00		9.55		3.500000e+00
2	2	112	151.45		3	4	4		4	1		4.00		6.05		5.000000e-01
2	2	113	160.22		2	1	1		2	0		8.00		9.88		5.000000e-01
2	2	114	172.98		3	3	3		3	1		6.00		7.89		1.500000e+00
2	2	115	184.75		1	1	1		1	1		8.00		9.55		4.500000e+00
2	2	116	201.52		1	1	1		1	1		4.00		5.74		4.500000e+00
2	2	117	214.29		2	2	2		1	0		4.00		5.71		3.500000e+00
2	2	118	226.05		3	3	3		3	1		8.00		9.70		8
2	2	119	246.32		2	1	1		1	1		6.00		7.70		5.000000e-01
2	2	120	257.09		4	4	4		3	0		4.00		5.67		5.000000e-01
2	2	121	265.86		2	2	2		2	1		4.00		5.77		4.500000e+00
2	2	122	278.62		1	1	1		2	0		4.00		5.62		1.500000e+00
2	2	123	288.39		3	3	3		3	1		4.00		5.82		1.500000e+00
2	2	124	298.16		3	4	4		4	1		6.00		7.92		8
2	2	125	316.43		3	4	4		3	0		6.00		7.60		6.500000e+00
2	2	126	333.19		1	1	1		1	1		8.00		9.81		1.500000e+00
2	2	127	346.96		2	1	1		2	0		8.00		7.07		5.500000e+00
2	2	128	364.73		2	2	2		2	1		4.00		5.67		3.500000e+00
2	2	129	376.50		3	3	3		3	1		4.00		5.73		5.000000e-01
2	2	130	385.26		2	1	1		2	0		4.00		5.68		3.500000e+00
2	2	131	397.03		2	1	1		2	0		4.00		5.98		3.500000e+00
2	2	132	408.80		1	2	2		2	1		4.00		6.03		5.000000e-01
2	2	133	417.57		4	4	4		4	1		8.00		9.99		2.500000e+00
2	2	134	432.33		1	1	1		1	1		8.00		10.27		6.500000e+00
2	2	135	451.10		3	3	3		3	1		8.00		9.70		1.500000e+00
2	2	136	464.87		2	2	2		2	1		8.00		10.24		1.500000e+00
2	2	137	478.64		4	3	3		3	1		4.00		5.66		5.000000e-01
2	2	138	487.40		1	2	2		2	1		6.00		8.22		1.500000e+00
2	2	139	499.17		1	2	2		2	1		8.00		9.96		1.500000e+00
2	2	140	512.94		2	2	2		1	0		6.00		7.79		6.500000e+00
2	2	141	529.71		4	3	3		3	1		6.00		7.91		3.500000e+00
2	2	142	543.47		1	2	2		1	0		8.00		10.13		1.500000e+00
2	2	143	557.24		2	2	2		1	0		6.00		7.77		5.000000e-01
2	2	144	568.01		1	2	2		2	1		4.00		5.68		1.500000e+00
2	2	145	577.78		4	4	4		2	0		6.00		1.28		4.500000e+00
2	2	146	592.54		2	1	1		1	1		4.00		6.67		7.500000e+00
2	2	147	608.31		3	3	3		3	1		6.00		7.83		5.000000e-01
2	2	148	619.08		4	4	4		3	0		6.00		7.74		1.500000e+00
2	2	149	630.85		2	2	2		1	0		8.00		10.10		4.500000e+00
2	2	150	647.61		1	1	1		1	1		6.00		8.70		5.000000e-01
2	2	151	658.38		4	3	3		4	0		8.00		10.04		8
2	2	152	678.65		4	3	3		3	1		8.00		10.16		8
2	2	153	698.92		3	3	3		3	1		4.00		6.20		1.500000e+00
2	2	154	708.69		4	3	3		3	1		4.00		5.77		6.500000e+00
2	2	155	723.45		1	1	1		1	1		6.00		7.72		5.500000e+00
2	2	156	739.22		3	3	3		3	1		8.00		10.11		6.500000e+00
2	2	157	757.99		4	4	4		4	1		8.00		9.76		1.500000e+00
2	2	158	771.76		4	3	3		4	0		6.00		7.82		1.500000e+00
2	2	159	783.52		3	3	3		3	1		6.00		7.72		5.000000e-01
2	2	160	794.29		3	4	4		4	1		4.00		5.92		5.000000e-01
2	2	161	803.06		2	2	2		1	0		6.00		7.90		8
2	2	162	821.33		1	2	2		2	1		6.00		7.93		1.500000e+00
2	2	163	833.09		2	1	1		1	1		6.00		8.20		5.000000e-01
2	2	164	843.86		4	4	4		4	1		4.00		6.09		5.000000e-01
2	2	165	852.63		2	2	2		2	1		4.00		6.04		1.500000e+00
2	2	166	862.40		2	1	1		1	1		8.00		10.12		5.000000e-01
2	2	167	875.16		1	2	2		2	1		8.00		9.93		2.500000e+00
2	2	168	889.93		4	4	4		4	1		6.00		7.85		5.500000e+00
2	2	169	905.70		1	2	2		2	1		4.00		6.22		3.500000e+00
2	2	170	917.47		3	3	3		3	1		4.00		6.13		5.000000e-01
2	2	171	926.23		3	4	4		4	1		8.00		9.84		2.500000e+00
2	2	172	941.00		1	1	1		1	1		4.00		5.73		8
2	2	173	957.27		4	4	4		3	0		6.00		7.76		1.500000e+00
2	2	174	969.04		1	1	1		2	0		6.00		7.53		3.500000e+00
2	2	175	982.80		3	4	4		4	1		8.00		9.67		3.500000e+00
2	2	176	998.57		4	4	4		4	1		8.00		9.72		2.500000e+00
2	2	177	1013.34		1	2	2		2	1		6.00		8.37		5.000000e-01
2	2	178	1024.11		2	1	1		1	1		6.00		7.61		8
2	2	179	1042.37		4	4	4		4	1		4.00		5.78		8
2	2	180	1058.64		3	3	3		4	0		6.00		7.73		4.500000e+00
