*********************************************
* Combray
* Date/Time: 14-Oct-2015 15:55:47
* Seed: 215576.2017
* Subject Number: 23
* Subject Name: MM
*********************************************

Block	Phase	Trial	RunningTime	Cue	Image	CorrResp	Resp	Accuracy	ISI	RT_from_CueOnset	ITI
1	1	1	0.51		1	2	2		NaN	NaN		1.00		NaN		4.500000e+00
1	1	2	9.28		4	3	3		NaN	NaN		1.00		NaN		1.500000e+00
1	1	3	15.05		4	4	4		NaN	NaN		1.00		NaN		1.500000e+00
1	1	4	20.82		2	2	2		NaN	NaN		1.00		NaN		3.500000e+00
1	1	5	28.58		1	1	1		2	0		1.00		0.82		5.500000e+00
1	1	6	38.35		1	2	2		2	1		1.00		0.72		5.000000e-01
1	1	7	43.12		3	4	4		4	1		1.00		2.43		5.000000e-01
1	1	8	47.88		3	4	4		4	1		1.00		1.23		5.500000e+00
1	1	9	57.65		1	2	2		2	1		1.00		0.86		5.000000e-01
1	1	10	62.42		4	3	3		3	1		1.00		0.84		5.000000e-01
1	1	11	67.19		4	4	4		4	1		1.00		2.51		5.500000e+00
1	1	12	76.95		2	2	2		1	0		1.00		0.89		2.500000e+00
1	1	13	83.72		1	2	2		2	1		1.00		0.65		4.500000e+00
1	1	14	92.49		3	3	3		4	0		1.00		0.56		5.000000e-01
1	1	15	97.25		1	1	1		2	0		1.00		0.85		1.500000e+00
1	1	16	103.02		3	3	3		3	1		1.00		2.27		3.500000e+00
1	1	17	110.79		1	1	1		2	0		1.00		0.70		5.000000e-01
1	1	18	115.56		1	1	1		1	1		1.00		2.30		5.000000e-01
1	1	19	120.32		4	4	4		4	1		1.00		2.41		2.500000e+00
1	1	20	127.09		2	1	1		1	1		1.00		2.34		5.000000e-01
1	1	21	131.86		3	3	3		3	1		1.00		2.29		3.500000e+00
1	1	22	139.62		4	3	3		3	1		1.00		2.31		2.500000e+00
1	1	23	146.39		4	3	3		3	1		1.00		2.18		5.000000e-01
1	1	24	151.16		2	1	1		1	1		1.00		2.24		1.500000e+00
1	1	25	156.93		2	1	1		1	1		1.00		0.60		1.500000e+00
1	1	26	162.69		2	1	1		1	1		1.00		0.91		2.500000e+00
1	1	27	169.46		4	3	3		3	1		1.00		0.85		5.000000e-01
1	1	28	174.23		1	1	1		2	0		1.00		0.78		5.000000e-01
1	1	29	178.99		2	2	2		1	0		1.00		0.73		5.000000e-01
1	1	30	183.76		2	2	2		2	1		1.00		2.30		1.500000e+00
1	1	31	189.53		3	4	4		4	1		1.00		2.18		5.000000e-01
1	1	32	194.29		2	1	1		1	1		1.00		2.26		5.500000e+00
1	1	33	204.06		3	4	4		4	1		1.00		2.36		5.000000e-01
1	1	34	208.83		4	3	3		3	1		1.00		0.65		3.500000e+00
1	1	35	216.60		2	2	2		1	0		1.00		2.12		1.500000e+00
1	1	36	222.36		2	1	1		1	1		1.00		0.70		5.000000e-01
1	1	37	227.13		3	3	3		4	0		1.00		1.27		1.500000e+00
1	1	38	232.90		4	4	4		3	0		1.00		0.67		1.500000e+00
1	1	39	238.66		3	3	3		3	1		1.00		2.52		2.500000e+00
1	1	40	245.43		1	1	1		1	1		1.00		2.29		5.000000e-01
1	1	41	250.20		2	2	2		2	1		1.00		2.31		5.000000e-01
1	1	42	254.96		3	3	3		3	1		1.00		2.47		1.500000e+00
1	1	43	260.73		3	4	4		3	0		1.00		1.21		1.500000e+00
1	1	44	266.50		4	3	3		3	1		1.00		0.75		3.500000e+00
1	1	45	274.27		1	2	2		2	1		1.00		0.81		5.000000e-01
1	1	46	279.03		4	4	4		3	0		1.00		0.95		4.500000e+00
1	1	47	287.80		1	1	1		2	0		1.00		0.77		2.500000e+00
1	1	48	294.57		2	1	1		1	1		1.00		2.27		5.000000e-01
1	1	49	299.33		3	3	3		3	1		1.00		2.31		1.500000e+00
1	1	50	305.10		3	3	3		4	0		1.00		1.66		5.000000e-01
1	1	51	309.87		2	2	2		2	1		1.00		2.22		8
1	1	52	322.14		4	4	4		3	0		1.00		1.19		5.000000e-01
1	1	53	326.90		1	1	1		1	1		1.00		2.16		5.000000e-01
1	1	54	331.67		1	1	1		2	0		1.00		2.15		5.000000e-01
1	1	55	336.44		1	2	2		2	1		1.00		2.31		5.000000e-01
1	1	56	341.20		1	1	1		1	1		1.00		2.29		5.000000e-01
1	1	57	345.97		2	2	2		2	1		1.00		2.26		5.000000e-01
1	1	58	350.74		3	3	3		3	1		1.00		2.24		5.000000e-01
1	1	59	355.50		2	1	1		1	1		1.00		2.18		5.000000e-01
1	1	60	360.27		3	4	4		4	1		1.00		2.36		1.500000e+00
1	1	61	366.04		3	4	4		3	0		1.00		2.15		1.500000e+00
1	1	62	371.81		1	1	1		1	1		1.00		2.36		5.000000e-01
1	1	63	376.57		3	3	3		3	1		1.00		2.29		3.500000e+00
1	1	64	384.34		4	4	4		3	0		1.00		0.98		5.000000e-01
1	1	65	389.11		3	3	3		3	1		1.00		2.46		5.000000e-01
1	1	66	393.87		2	2	2		1	0		1.00		2.28		1.500000e+00
1	1	67	399.64		2	2	2		2	1		1.00		2.40		2.500000e+00
1	1	68	406.41		3	4	4		4	1		1.00		2.37		4.500000e+00
1	1	69	415.18		4	4	4		3	0		1.00		1.26		5.000000e-01
1	1	70	419.94		1	1	1		1	1		1.00		2.22		2.500000e+00
1	1	71	426.71		3	3	3		3	1		1.00		2.59		1.500000e+00
1	1	72	432.48		1	1	1		1	1		1.00		2.40		5.000000e-01
1	1	73	437.24		3	4	4		4	1		1.00		2.52		5.000000e-01
1	1	74	442.01		1	1	1		1	1		1.00		2.31		5.000000e-01
1	1	75	446.78		4	3	3		3	1		1.00		2.44		8
1	1	76	459.05		2	1	1		2	0		1.00		1.24		1.500000e+00
1	1	77	464.81		1	2	2		2	1		1.00		2.22		5.000000e-01
1	1	78	469.58		4	4	4		3	0		1.00		2.14		5.000000e-01
1	1	79	474.35		4	4	4		4	1		1.00		2.19		5.000000e-01
1	1	80	479.11		3	4	4		4	1		1.00		2.25		5.500000e+00
1	1	81	488.88		1	2	2		2	1		1.00		2.70		2.500000e+00
1	1	82	495.65		4	3	3		3	1		1.00		1.76		3.500000e+00
1	1	83	503.41		2	2	2		1	0		1.00		1.24		1.500000e+00
1	1	84	509.18		4	3	3		3	1		1.00		2.14		2.500000e+00
1	1	85	515.95		4	4	4		1	0		1.00		0.36		5.000000e-01
1	1	86	520.72		2	2	2		2	1		1.00		2.24		1.500000e+00
1	1	87	526.48		2	2	2		2	1		1.00		2.14		3.500000e+00
1	1	88	534.25		3	3	3		3	1		1.00		2.37		5.000000e-01
1	1	89	539.02		4	4	4		4	1		1.00		2.45		1.500000e+00
1	1	90	544.78		3	4	4		4	1		1.00		2.36		5.500000e+00
1	1	91	554.55		1	1	1		2	0		1.00		0.65		5.000000e-01
1	1	92	559.32		2	1	1		1	1		1.00		2.30		5.000000e-01
1	1	93	564.09		4	3	3		3	1		1.00		3.29		1.500000e+00
1	1	94	569.85		4	3	3		3	1		1.00		2.19		4.500000e+00
1	1	95	578.62		3	4	4		4	1		1.00		2.43		5.000000e-01
1	1	96	583.39		4	3	3		4	0		1.00		2.43		1.500000e+00
1	1	97	589.15		1	2	2		2	1		1.00		2.20		5.000000e-01
1	1	98	593.92		1	2	2		2	1		1.00		3.17		3.500000e+00
1	1	99	601.69		2	2	2		1	0		1.00		0.83		5.000000e-01
1	1	100	606.45		2	2	2		2	1		1.00		2.17		5.500000e+00
1	2	101	0.50		3	3	3		3	1		8.00		10.63		1.500000e+00
1	2	102	14.27		3	4	4		3	0		6.00		6.69		1.500000e+00
1	2	103	26.04		3	4	4		3	0		8.00		10.42		7.500000e+00
1	2	104	45.81		1	1	1		1	1		8.00		9.71		6.500000e+00
1	2	105	64.57		1	1	1		1	1		6.00		7.75		1.500000e+00
1	2	106	76.34		4	3	3		3	1		8.00		5.27		8
1	2	107	96.61		1	2	2		1	0		8.00		1.97		5.000000e-01
1	2	108	109.38		4	3	3		3	1		8.00		2.78		3.500000e+00
1	2	109	125.14		3	4	4		4	1		6.00		7.95		4.500000e+00
1	2	110	139.91		4	4	4		3	0		4.00		3.45		1.500000e+00
1	2	111	149.68		1	2	2		2	1		8.00		10.15		6.500000e+00
1	2	112	168.45		3	3	3		4	0		8.00		7.55		1.500000e+00
1	2	113	182.21		2	2	2		1	0		8.00		2.47		1.500000e+00
1	2	114	195.98		2	1	1		1	1		4.00		6.13		8
1	2	115	212.25		3	3	3		4	0		6.00		9.33		1.500000e+00
1	2	116	224.02		2	2	2		2	1		6.00		8.21		2.500000e+00
1	2	117	236.78		4	4	4		4	1		8.00		5.22		3.500000e+00
1	2	118	252.55		4	4	4		4	1		6.00		8.24		5.000000e-01
1	2	119	263.32		2	1	1		1	1		4.00		5.67		2.500000e+00
1	2	120	274.09		3	4	4		3	0		8.00		10.52		5.000000e-01
1	2	121	286.85		1	2	2		2	1		4.00		2.60		5.000000e-01
1	2	122	295.62		4	3	3		3	1		6.00		8.53		1.500000e+00
1	2	123	307.39		3	3	3		4	0		6.00		9.22		5.000000e-01
1	2	124	318.16		1	1	1		1	1		4.00		5.57		1.500000e+00
1	2	125	327.93		2	2	2		2	1		8.00		10.64		8
1	2	126	348.19		2	2	2		1	0		6.00		8.70		3.500000e+00
1	2	127	361.96		1	2	2		2	1		6.00		9.05		5.500000e+00
1	2	128	377.73		3	4	4		4	1		6.00		8.52		5.000000e-01
1	2	129	388.50		4	4	4		4	1		8.00		10.97		5.000000e-01
1	2	130	401.26		1	1	1		1	1		8.00		10.64		6.500000e+00
1	2	131	420.03		3	3	3		4	0		4.00		6.68		5.000000e-01
1	2	132	428.80		4	4	4		4	1		8.00		10.77		8
1	2	133	449.07		2	1	1		1	1		4.00		6.37		8
1	2	134	465.33		4	4	4		4	1		6.00		9.08		1.500000e+00
1	2	135	477.10		1	1	1		1	1		6.00		7.82		4.500000e+00
1	2	136	491.87		1	1	1		1	1		6.00		8.47		5.500000e+00
1	2	137	507.64		2	1	1		1	1		6.00		7.86		8
1	2	138	525.91		3	4	4		4	1		8.00		11.67		3.500000e+00
1	2	139	541.67		2	2	2		2	1		4.00		2.55		2.500000e+00
1	2	140	552.44		4	4	4		4	1		6.00		8.38		5.000000e-01
1	2	141	563.21		3	3	3		3	1		8.00		10.35		5.000000e-01
1	2	142	575.98		3	3	3		3	1		6.00		9.30		1.500000e+00
1	2	143	587.74		4	3	3		3	1		6.00		7.99		5.000000e-01
1	2	144	598.51		4	4	4		3	0		8.00		1.33		7.500000e+00
1	2	145	618.28		1	2	2		2	1		6.00		8.24		2.500000e+00
1	2	146	631.05		3	3	3		3	1		4.00		6.63		8
1	2	147	647.31		2	2	2		NaN	0		4.00		NaN		5.000000e-01
1	2	148	656.08		2	2	2		2	1		6.00		7.95		5.000000e-01
1	2	149	666.85		3	3	3		4	0		6.00		3.47		1.500000e+00
1	2	150	678.62		3	4	4		4	1		4.00		6.32		1.500000e+00
1	2	151	688.38		1	1	1		1	1		4.00		6.02		5.000000e-01
1	2	152	697.15		1	2	2		2	1		4.00		7.32		1.500000e+00
1	2	153	706.92		4	3	3		4	0		4.00		6.95		5.000000e-01
1	2	154	715.68		2	2	2		2	1		4.00		6.74		5.000000e-01
1	2	155	724.45		2	1	1		1	1		8.00		9.81		5.000000e-01
1	2	156	737.22		2	2	2		NaN	0		4.00		NaN		4.500000e+00
1	2	157	749.99		1	2	2		4	0		4.00		4.27		3.500000e+00
1	2	158	761.75		3	3	3		3	1		4.00		6.39		3.500000e+00
1	2	159	773.52		2	2	2		2	1		8.00		10.14		5.000000e-01
1	2	160	786.29		4	3	3		3	1		6.00		8.70		5.500000e+00
1	2	161	802.06		3	4	4		3	0		4.00		6.74		1.500000e+00
1	2	162	811.82		1	1	1		1	1		6.00		7.86		6.500000e+00
1	2	163	828.59		2	1	1		1	1		6.00		7.91		3.500000e+00
1	2	164	842.36		1	1	1		1	1		8.00		10.48		1.500000e+00
1	2	165	856.13		4	3	3		NaN	0		4.00		NaN		8
1	2	166	872.39		1	2	2		2	1		6.00		3.57		5.000000e-01
1	2	167	883.16		4	4	4		3	0		4.00		1.50		1.500000e+00
1	2	168	892.93		2	1	1		1	1		8.00		1.49		5.000000e-01
1	2	169	905.70		1	1	1		2	0		8.00		2.20		8
1	2	170	925.97		1	1	1		1	1		4.00		5.89		4.500000e+00
1	2	171	938.73		2	1	1		1	1		8.00		9.82		4.500000e+00
1	2	172	955.50		4	3	3		3	1		8.00		10.80		2.500000e+00
1	2	173	970.27		2	2	2		2	1		8.00		10.28		6.500000e+00
1	2	174	989.04		3	4	4		3	0		4.00		6.61		4.500000e+00
1	2	175	1001.80		3	4	4		NaN	0		8.00		NaN		3.500000e+00
1	2	176	1017.57		1	1	1		2	0		4.00		1.86		5.000000e-01
1	2	177	1026.34		2	2	2		1	0		6.00		1.30		3.500000e+00
1	2	178	1040.11		4	3	3		3	1		4.00		1.11		1.500000e+00
1	2	179	1049.87		4	3	3		3	1		4.00		6.39		3.500000e+00
1	2	180	1061.64		4	4	4		4	1		8.00		6.36		3.500000e+00
Block	Phase	Trial	RunningTime	Cue	Image	CorrResp	Resp	Accuracy	ISI	RT_from_CueOnset	ITI
2	1	1	0.51		4	4	4		4	1		1.00		3.20		8
2	1	2	12.78		2	2	2		3	0		1.00		1.10		8
2	1	3	25.05		1	2	2		2	1		1.00		2.40		5.000000e-01
2	1	4	29.81		2	1	1		1	1		1.00		2.25		5.000000e-01
2	1	5	34.58		3	4	4		3	0		1.00		0.90		5.500000e+00
2	1	6	44.35		4	4	4		4	1		1.00		2.39		4.500000e+00
2	1	7	53.11		1	1	1		1	1		1.00		2.69		5.000000e-01
2	1	8	57.88		3	4	4		4	1		1.00		2.72		1.500000e+00
2	1	9	63.65		4	3	3		3	1		1.00		1.84		1.500000e+00
2	1	10	69.42		3	3	3		2	0		1.00		1.63		5.000000e-01
2	1	11	74.18		1	2	2		2	1		1.00		2.38		5.000000e-01
2	1	12	78.95		1	2	2		2	1		1.00		2.35		5.000000e-01
2	1	13	83.72		3	3	3		3	1		1.00		2.49		2.500000e+00
2	1	14	90.48		1	2	2		2	1		1.00		2.37		5.000000e-01
2	1	15	95.25		4	4	4		4	1		1.00		2.61		1.500000e+00
2	1	16	101.02		4	4	4		4	1		1.00		2.37		2.500000e+00
2	1	17	107.78		4	4	4		4	1		1.00		2.35		4.500000e+00
2	1	18	116.55		3	4	4		4	1		1.00		2.44		5.000000e-01
2	1	19	121.32		1	2	2		2	1		1.00		2.33		5.000000e-01
2	1	20	126.09		1	2	2		2	1		1.00		2.21		4.500000e+00
2	1	21	134.85		3	3	3		3	1		1.00		2.66		3.500000e+00
2	1	22	142.62		4	4	4		4	1		1.00		2.36		5.000000e-01
2	1	23	147.39		4	4	4		4	1		1.00		2.15		3.500000e+00
2	1	24	155.15		2	1	1		1	1		1.00		1.56		5.000000e-01
2	1	25	159.92		3	3	3		3	1		1.00		2.35		5.000000e-01
2	1	26	164.69		2	2	2		2	1		1.00		1.51		1.500000e+00
2	1	27	170.46		3	3	3		3	1		1.00		1.36		1.500000e+00
2	1	28	176.22		3	3	3		3	1		1.00		2.23		5.000000e-01
2	1	29	180.99		1	1	1		2	0		1.00		2.32		2.500000e+00
2	1	30	187.76		1	1	1		1	1		1.00		2.25		3.500000e+00
2	1	31	195.52		4	4	4		4	1		1.00		2.22		5.500000e+00
2	1	32	205.29		4	4	4		4	1		1.00		1.00		5.000000e-01
2	1	33	210.06		2	2	2		2	1		1.00		0.71		2.500000e+00
2	1	34	216.83		3	4	4		3	0		1.00		0.74		5.500000e+00
2	1	35	226.59		2	1	1		2	0		1.00		0.94		5.000000e-01
2	1	36	231.36		3	3	3		3	1		1.00		1.47		3.500000e+00
2	1	37	239.13		2	2	2		2	1		1.00		0.72		5.500000e+00
2	1	38	248.89		2	1	1		1	1		1.00		2.14		5.000000e-01
2	1	39	253.66		2	1	1		1	1		1.00		2.15		5.000000e-01
2	1	40	258.43		3	3	3		3	1		1.00		1.62		1.500000e+00
2	1	41	264.19		2	2	2		2	1		1.00		2.21		3.500000e+00
2	1	42	271.96		4	4	4		4	1		1.00		0.42		5.000000e-01
2	1	43	276.73		2	2	2		2	1		1.00		0.82		1.500000e+00
2	1	44	282.50		2	2	2		2	1		1.00		0.62		2.500000e+00
2	1	45	289.26		4	4	4		4	1		1.00		2.37		2.500000e+00
2	1	46	296.03		2	2	2		2	1		1.00		0.60		5.000000e-01
2	1	47	300.80		3	3	3		3	1		1.00		0.79		4.500000e+00
2	1	48	309.56		2	2	2		2	1		1.00		0.64		1.500000e+00
2	1	49	315.33		2	2	2		2	1		1.00		0.70		5.000000e-01
2	1	50	320.10		4	4	4		4	1		1.00		0.94		5.000000e-01
2	1	51	324.87		3	3	3		3	1		1.00		0.72		5.000000e-01
2	1	52	329.63		1	1	1		1	1		1.00		0.74		5.000000e-01
2	1	53	334.40		1	1	1		1	1		1.00		0.47		2.500000e+00
2	1	54	341.17		4	4	4		4	1		1.00		0.69		5.000000e-01
2	1	55	345.93		3	3	3		3	1		1.00		0.78		5.000000e-01
2	1	56	350.70		4	4	4		4	1		1.00		0.73		2.500000e+00
2	1	57	357.47		3	3	3		3	1		1.00		0.52		5.500000e+00
2	1	58	367.23		3	3	3		3	1		1.00		0.71		5.000000e-01
2	1	59	372.00		4	4	4		4	1		1.00		0.65		5.000000e-01
2	1	60	376.77		4	4	4		4	1		1.00		0.70		1.500000e+00
2	1	61	382.54		1	1	1		1	1		1.00		0.65		2.500000e+00
2	1	62	389.30		4	3	3		4	0		1.00		0.68		3.500000e+00
2	1	63	397.07		1	1	1		1	1		1.00		0.72		5.500000e+00
2	1	64	406.84		2	2	2		2	1		1.00		0.82		3.500000e+00
2	1	65	414.60		1	2	2		1	0		1.00		0.88		5.000000e-01
2	1	66	419.37		3	4	4		4	1		1.00		0.94		5.000000e-01
2	1	67	424.14		3	3	3		4	0		1.00		0.92		1.500000e+00
2	1	68	429.91		3	3	3		4	0		1.00		1.26		5.000000e-01
2	1	69	434.67		4	3	3		3	1		1.00		1.25		5.000000e-01
2	1	70	439.44		2	2	2		1	0		1.00		1.09		1.500000e+00
2	1	71	445.21		2	1	1		1	1		1.00		0.54		1.500000e+00
2	1	72	450.97		1	1	1		1	1		1.00		1.44		5.000000e-01
2	1	73	455.74		1	1	1		2	0		1.00		0.69		5.000000e-01
2	1	74	460.51		2	2	2		1	0		1.00		1.31		1.500000e+00
2	1	75	466.28		3	3	3		3	1		1.00		0.80		3.500000e+00
2	1	76	474.04		4	3	3		3	1		1.00		0.96		5.000000e-01
2	1	77	478.81		4	3	3		4	0		1.00		1.01		1.500000e+00
2	1	78	484.58		1	1	1		1	1		1.00		1.38		5.000000e-01
2	1	79	489.34		2	2	2		2	1		1.00		1.20		1.500000e+00
2	1	80	495.11		2	1	1		2	0		1.00		1.18		1.500000e+00
2	1	81	500.88		2	2	2		1	0		1.00		1.50		5.000000e-01
2	1	82	505.64		1	1	1		1	1		1.00		2.15		5.000000e-01
2	1	83	510.41		3	3	3		3	1		1.00		1.09		1.500000e+00
2	1	84	516.18		1	1	1		2	0		1.00		1.43		5.000000e-01
2	1	85	520.95		1	1	1		1	1		1.00		1.16		5.000000e-01
2	1	86	525.71		3	3	3		3	1		1.00		0.94		5.000000e-01
2	1	87	530.48		1	1	1		1	1		1.00		0.71		5.000000e-01
2	1	88	535.25		3	3	3		3	1		1.00		0.62		1.500000e+00
2	1	89	541.01		4	4	4		4	1		1.00		0.74		1.500000e+00
2	1	90	546.78		2	1	1		2	0		1.00		0.62		5.500000e+00
2	1	91	556.55		2	2	2		2	1		1.00		1.36		2.500000e+00
2	1	92	563.32		2	2	2		2	1		1.00		0.58		5.000000e-01
2	1	93	568.08		1	1	1		1	1		1.00		0.58		1.500000e+00
2	1	94	573.85		1	1	1		1	1		1.00		0.61		4.500000e+00
2	1	95	582.62		4	4	4		4	1		1.00		0.69		1.500000e+00
2	1	96	588.38		3	3	3		3	1		1.00		0.63		1.500000e+00
2	1	97	594.15		1	1	1		1	1		1.00		0.71		5.000000e-01
2	1	98	598.92		4	4	4		4	1		1.00		0.74		5.000000e-01
2	1	99	603.68		1	1	1		1	1		1.00		0.73		5.000000e-01
2	1	100	608.45		4	4	4		4	1		1.00		0.63		3.500000e+00
2	2	101	0.51		1	1	1		1	1		4.00		1.62		1.500000e+00
2	2	102	10.28		2	1	1		2	0		8.00		0.63		5.000000e-01
2	2	103	23.04		3	3	3		3	1		8.00		0.72		7.500000e+00
2	2	104	42.81		1	2	2		1	0		8.00		1.27		6.500000e+00
2	2	105	61.58		1	1	1		1	1		4.00		1.77		5.000000e-01
2	2	106	70.35		3	3	3		3	1		8.00		1.07		1.500000e+00
2	2	107	84.11		4	4	4		4	1		4.00		0.96		5.000000e-01
2	2	108	92.88		4	3	3		3	1		8.00		1.23		8
2	2	109	113.15		4	4	4		4	1		6.00		1.43		5.000000e-01
2	2	110	123.92		4	4	4		4	1		6.00		8.20		1.500000e+00
2	2	111	135.68		2	2	2		2	1		4.00		0.96		4.500000e+00
2	2	112	148.45		4	4	4		4	1		4.00		1.01		1.500000e+00
2	2	113	158.22		4	4	4		3	0		4.00		1.14		1.500000e+00
2	2	114	167.99		4	4	4		3	0		8.00		3.09		3.500000e+00
2	2	115	183.75		2	2	2		2	1		4.00		0.78		5.000000e-01
2	2	116	192.52		3	4	4		3	0		8.00		0.96		5.000000e-01
2	2	117	205.29		1	1	1		1	1		4.00		2.21		1.500000e+00
2	2	118	215.06		2	1	1		1	1		6.00		8.02		8
2	2	119	233.32		4	4	4		4	1		4.00		1.46		8
2	2	120	249.59		2	2	2		2	1		6.00		7.79		2.500000e+00
2	2	121	262.36		1	2	2		2	1		4.00		6.35		5.000000e-01
2	2	122	271.13		1	1	1		1	1		6.00		1.43		4.500000e+00
2	2	123	285.89		1	1	1		1	1		6.00		9.57		6.500000e+00
2	2	124	302.66		2	2	2		2	1		6.00		0.97		5.000000e-01
2	2	125	313.43		4	3	3		3	1		4.00		3.17		1.500000e+00
2	2	126	323.20		1	1	1		1	1		6.00		3.96		5.500000e+00
2	2	127	338.96		2	2	2		1	0		4.00		0.84		2.500000e+00
2	2	128	349.73		2	1	1		1	1		8.00		1.25		5.000000e-01
2	2	129	362.50		1	2	2		2	1		4.00		6.43		3.500000e+00
2	2	130	374.27		2	2	2		2	1		4.00		5.63		5.000000e-01
2	2	131	383.03		1	1	1		1	1		8.00		10.28		1.500000e+00
2	2	132	396.80		2	2	2		2	1		6.00		2.54		3.500000e+00
2	2	133	410.57		3	3	3		3	1		6.00		8.38		1.500000e+00
2	2	134	422.34		1	1	1		1	1		6.00		1.61		5.500000e+00
2	2	135	438.10		1	1	1		1	1		6.00		1.36		1.500000e+00
2	2	136	449.87		4	4	4		4	1		8.00		1.47		2.500000e+00
2	2	137	464.64		1	1	1		2	0		8.00		4.30		6.500000e+00
2	2	138	483.41		2	1	1		2	0		8.00		1.50		4.500000e+00
2	2	139	500.17		1	2	2		2	1		8.00		11.21		5.000000e-01
2	2	140	512.94		3	3	3		3	1		8.00		10.12		5.000000e-01
2	2	141	525.71		3	3	3		3	1		4.00		5.96		5.000000e-01
2	2	142	534.48		1	2	2		NaN	0		6.00		NaN		2.500000e+00
2	2	143	547.24		1	2	2		1	0		6.00		8.12		5.000000e-01
2	2	144	558.01		4	4	4		4	1		6.00		7.95		7.500000e+00
2	2	145	575.78		3	3	3		3	1		4.00		5.66		4.500000e+00
2	2	146	588.55		3	4	4		4	1		8.00		9.96		3.500000e+00
2	2	147	604.31		4	4	4		4	1		8.00		1.70		3.500000e+00
2	2	148	620.08		2	1	1		2	0		4.00		1.70		8
2	2	149	636.35		1	1	1		1	1		8.00		10.14		8
2	2	150	656.62		4	3	3		3	1		6.00		8.05		1.500000e+00
2	2	151	668.39		3	3	3		3	1		8.00		10.90		1.500000e+00
2	2	152	682.15		4	3	3		4	0		4.00		1.21		8
2	2	153	698.42		4	4	4		4	1		6.00		7.60		5.500000e+00
2	2	154	714.19		4	4	4		4	1		6.00		8.03		5.000000e-01
2	2	155	724.96		2	2	2		2	1		8.00		9.75		5.000000e-01
2	2	156	737.72		3	3	3		3	1		4.00		5.84		3.500000e+00
2	2	157	749.49		3	3	3		3	1		6.00		1.57		5.000000e-01
2	2	158	760.26		4	4	4		4	1		4.00		2.16		3.500000e+00
2	2	159	772.03		4	4	4		4	1		8.00		9.54		3.500000e+00
2	2	160	787.79		3	3	3		3	1		6.00		0.71		1.500000e+00
2	2	161	799.56		2	1	1		2	0		6.00		0.84		3.500000e+00
2	2	162	813.33		3	3	3		3	1		4.00		7.02		1.500000e+00
2	2	163	823.10		3	3	3		3	1		6.00		8.37		1.500000e+00
2	2	164	834.86		3	3	3		3	1		8.00		10.64		3.500000e+00
2	2	165	850.63		2	2	2		2	1		8.00		0.58		8
2	2	166	870.90		2	1	1		2	0		4.00		6.09		8
2	2	167	887.17		2	2	2		2	1		8.00		10.36		6.500000e+00
2	2	168	905.94		2	2	2		NaN	0		8.00		NaN		1.500000e+00
2	2	169	919.70		3	3	3		3	1		6.00		1.32		4.500000e+00
2	2	170	934.47		3	3	3		3	1		4.00		1.26		8
2	2	171	950.74		2	2	2		2	1		4.00		7.02		2.500000e+00
2	2	172	961.51		4	4	4		4	1		8.00		1.16		5.000000e-01
2	2	173	974.27		1	1	1		1	1		4.00		0.91		5.000000e-01
2	2	174	983.04		3	3	3		3	1		6.00		1.19		1.500000e+00
2	2	175	994.81		1	1	1		1	1		8.00		0.69		6.500000e+00
2	2	176	1013.58		1	1	1		1	1		4.00		1.18		4.500000e+00
2	2	177	1026.34		2	2	2		2	1		6.00		0.93		3.500000e+00
2	2	178	1040.11		3	4	4		3	0		4.00		0.75		1.500000e+00
2	2	179	1049.88		4	4	4		3	0		6.00		1.43		5.000000e-01
2	2	180	1060.65		3	4	4		4	1		6.00		8.35		5.000000e-01
