*********************************************
* Combray
* Date/Time: 19-Nov-2015 16:24:54
* Seed: 213859.2519
* Subject Number: 30
* Subject Name: AS
*********************************************

Block	Phase	Trial	RunningTime	Cue	Image	CorrResp	Resp	Accuracy	ISI	RT_from_CueOnset	ITI
1	1	1	0.51		4	4	4		4	1		1.00		2.89		5.000000e-01
1	1	2	5.30		4	3	3		4	0		1.00		2.38		3.500000e+00
1	1	3	13.08		2	1	1		1	1		1.00		2.52		5.000000e-01
1	1	4	17.86		1	1	1		1	1		1.00		2.57		5.000000e-01
1	1	5	22.65		3	3	3		3	1		1.00		2.50		5.000000e-01
1	1	6	27.43		4	4	4		4	1		1.00		2.55		1.500000e+00
1	1	7	33.21		1	2	2		2	1		1.00		2.64		5.000000e-01
1	1	8	38.00		2	2	2		2	1		1.00		2.62		5.000000e-01
1	1	9	42.78		1	2	2		2	1		1.00		2.42		3.500000e+00
1	1	10	50.56		3	3	3		3	1		1.00		2.23		4.500000e+00
1	1	11	59.35		2	1	1		1	1		1.00		2.35		5.000000e-01
1	1	12	64.13		2	2	2		2	1		1.00		2.67		5.000000e-01
1	1	13	68.92		1	2	2		2	1		1.00		2.38		5.500000e+00
1	1	14	78.70		3	3	3		3	1		1.00		2.21		2.500000e+00
1	1	15	85.48		3	3	3		3	1		1.00		2.16		5.000000e-01
1	1	16	90.27		1	1	1		1	1		1.00		2.40		5.000000e-01
1	1	17	95.05		4	4	4		4	1		1.00		2.69		5.000000e-01
1	1	18	99.83		2	2	2		2	1		1.00		2.48		5.000000e-01
1	1	19	104.62		1	1	1		1	1		1.00		2.33		1.500000e+00
1	1	20	110.40		3	4	4		3	0		1.00		2.11		5.500000e+00
1	1	21	120.19		4	4	4		4	1		1.00		2.59		3.500000e+00
1	1	22	127.97		4	4	4		4	1		1.00		2.70		3.500000e+00
1	1	23	135.75		3	3	3		3	1		1.00		2.27		5.000000e-01
1	1	24	140.54		1	1	1		1	1		1.00		2.36		2.500000e+00
1	1	25	147.32		2	2	2		2	1		1.00		2.51		1.500000e+00
1	1	26	153.10		3	4	4		4	1		1.00		2.63		2.500000e+00
1	1	27	159.89		3	3	3		3	1		1.00		2.55		5.000000e-01
1	1	28	164.67		4	4	4		4	1		1.00		2.25		5.000000e-01
1	1	29	169.46		3	3	3		3	1		1.00		2.26		5.000000e-01
1	1	30	174.24		1	2	2		2	1		1.00		2.42		5.000000e-01
1	1	31	179.02		1	1	1		1	1		1.00		2.32		5.000000e-01
1	1	32	183.81		4	4	4		4	1		1.00		2.24		2.500000e+00
1	1	33	190.59		1	1	1		1	1		1.00		2.30		1.500000e+00
1	1	34	196.37		4	4	4		4	1		1.00		2.18		5.500000e+00
1	1	35	206.16		3	3	3		3	1		1.00		2.16		1.500000e+00
1	1	36	211.94		4	3	3		3	1		1.00		2.52		5.000000e-01
1	1	37	216.73		2	1	1		1	1		1.00		2.31		5.000000e-01
1	1	38	221.51		4	4	4		4	1		1.00		2.19		1.500000e+00
1	1	39	227.29		1	1	1		1	1		1.00		2.23		5.000000e-01
1	1	40	232.08		3	3	3		3	1		1.00		2.14		5.500000e+00
1	1	41	241.86		1	1	1		1	1		1.00		2.15		5.000000e-01
1	1	42	246.65		4	4	4		4	1		1.00		2.25		1.500000e+00
1	1	43	252.43		1	1	1		1	1		1.00		2.28		4.500000e+00
1	1	44	261.21		4	3	3		4	0		1.00		1.24		5.000000e-01
1	1	45	266.00		3	3	3		3	1		1.00		0.83		1.500000e+00
1	1	46	271.78		4	4	4		4	1		1.00		2.22		5.000000e-01
1	1	47	276.56		1	1	1		1	1		1.00		2.11		5.000000e-01
1	1	48	281.35		3	3	3		3	1		1.00		0.80		1.500000e+00
1	1	49	287.13		1	1	1		1	1		1.00		0.85		1.500000e+00
1	1	50	292.91		3	3	3		3	1		1.00		0.71		4.500000e+00
1	1	51	301.70		4	4	4		4	1		1.00		0.96		5.000000e-01
1	1	52	306.48		2	2	2		2	1		1.00		2.51		2.500000e+00
1	1	53	313.27		2	2	2		2	1		1.00		2.21		1.500000e+00
1	1	54	319.05		3	3	3		3	1		1.00		0.71		5.000000e-01
1	1	55	323.83		1	1	1		1	1		1.00		2.02		8
1	1	56	336.12		3	3	3		3	1		1.00		0.67		5.000000e-01
1	1	57	340.90		2	1	1		2	0		1.00		0.99		5.500000e+00
1	1	58	350.69		3	3	3		3	1		1.00		2.22		5.000000e-01
1	1	59	355.47		4	3	3		3	1		1.00		2.57		3.500000e+00
1	1	60	363.25		1	2	2		2	1		1.00		2.49		5.500000e+00
1	1	61	373.04		4	4	4		4	1		1.00		2.28		4.500000e+00
1	1	62	381.82		3	3	3		3	1		1.00		2.21		5.000000e-01
1	1	63	386.60		3	4	4		4	1		1.00		2.51		5.000000e-01
1	1	64	391.39		2	2	2		2	1		1.00		2.26		5.000000e-01
1	1	65	396.17		4	4	4		4	1		1.00		2.45		5.000000e-01
1	1	66	400.96		2	1	1		1	1		1.00		2.36		3.500000e+00
1	1	67	408.74		2	2	2		2	1		1.00		2.25		1.500000e+00
1	1	68	414.52		3	3	3		3	1		1.00		2.50		5.000000e-01
1	1	69	419.31		1	1	1		1	1		1.00		2.31		3.500000e+00
1	1	70	427.09		2	2	2		2	1		1.00		2.26		1.500000e+00
1	1	71	432.87		1	1	1		1	1		1.00		2.16		5.000000e-01
1	1	72	437.66		3	3	3		3	1		1.00		2.11		2.500000e+00
1	1	73	444.44		4	4	4		4	1		1.00		0.73		5.000000e-01
1	1	74	449.23		2	2	2		2	1		1.00		2.31		5.500000e+00
1	1	75	459.01		2	1	1		1	1		1.00		2.32		1.500000e+00
1	1	76	464.79		3	3	3		3	1		1.00		2.12		5.000000e-01
1	1	77	469.58		1	2	2		2	1		1.00		2.33		1.500000e+00
1	1	78	475.36		3	4	4		3	0		1.00		2.11		4.500000e+00
1	1	79	484.14		2	1	1		1	1		1.00		2.25		2.500000e+00
1	1	80	490.93		3	4	4		4	1		1.00		2.61		1.500000e+00
1	1	81	496.71		1	1	1		1	1		1.00		2.37		8
1	1	82	509.00		4	4	4		4	1		1.00		2.38		1.500000e+00
1	1	83	514.78		2	1	1		1	1		1.00		2.32		3.500000e+00
1	1	84	522.56		2	2	2		2	1		1.00		2.66		2.500000e+00
1	1	85	529.35		2	2	2		2	1		1.00		2.32		1.500000e+00
1	1	86	535.13		2	2	2		2	1		1.00		2.36		5.000000e-01
1	1	87	539.91		2	2	2		2	1		1.00		2.16		1.500000e+00
1	1	88	545.70		4	4	4		4	1		1.00		2.25		2.500000e+00
1	1	89	552.48		2	2	2		2	1		1.00		0.96		5.000000e-01
1	1	90	557.27		1	1	1		1	1		1.00		2.26		2.500000e+00
1	1	91	564.05		4	4	4		4	1		1.00		2.23		5.000000e-01
1	1	92	568.83		2	2	2		2	1		1.00		2.25		5.000000e-01
1	1	93	573.62		1	1	1		1	1		1.00		2.22		1.500000e+00
1	1	94	579.40		2	2	2		2	1		1.00		2.15		5.000000e-01
1	1	95	584.18		1	1	1		1	1		1.00		2.15		5.000000e-01
1	1	96	588.97		4	4	4		4	1		1.00		2.74		1.500000e+00
1	1	97	594.75		4	4	4		4	1		1.00		0.87		5.000000e-01
1	1	98	599.54		1	2	2		4	0		1.00		0.61		5.000000e-01
1	1	99	604.32		3	3	3		3	1		1.00		2.20		1.500000e+00
1	1	100	610.10		4	3	3		4	0		1.00		0.88		3.500000e+00
1	2	101	0.51		2	2	2		2	1		8.00		9.86		1.500000e+00
1	2	102	14.30		3	3	3		3	1		6.00		7.97		3.500000e+00
1	2	103	28.08		4	4	4		4	1		8.00		9.60		3.500000e+00
1	2	104	43.87		3	3	3		3	1		4.00		1.22		1.500000e+00
1	2	105	53.65		2	2	2		2	1		6.00		6.88		7.500000e+00
1	2	106	71.43		3	4	4		3	0		8.00		0.78		4.500000e+00
1	2	107	88.22		4	4	4		4	1		4.00		5.33		2.500000e+00
1	2	108	99.00		4	4	4		4	1		8.00		9.37		6.500000e+00
1	2	109	117.79		3	4	4		3	0		6.00		8.32		5.000000e-01
1	2	110	128.57		1	1	1		1	1		4.00		6.10		8
1	2	111	144.86		4	3	3		3	1		4.00		7.04		4.500000e+00
1	2	112	157.64		2	2	2		2	1		4.00		5.40		1.500000e+00
1	2	113	167.42		2	2	2		2	1		6.00		7.37		4.500000e+00
1	2	114	182.21		1	1	1		1	1		6.00		3.65		1.500000e+00
1	2	115	193.99		4	4	4		4	1		4.00		6.21		5.000000e-01
1	2	116	202.78		3	4	4		3	0		8.00		10.73		8
1	2	117	223.06		2	1	1		2	0		8.00		3.08		3.500000e+00
1	2	118	238.85		2	2	2		2	1		8.00		10.30		5.000000e-01
1	2	119	251.63		4	4	4		4	1		6.00		8.84		5.000000e-01
1	2	120	262.41		4	4	4		4	1		8.00		9.97		3.500000e+00
1	2	121	278.20		2	2	2		2	1		4.00		6.10		3.500000e+00
1	2	122	289.98		3	3	3		3	1		6.00		9.23		4.500000e+00
1	2	123	304.77		3	3	3		4	0		4.00		7.33		1.500000e+00
1	2	124	314.55		2	2	2		2	1		8.00		9.97		5.000000e-01
1	2	125	327.33		1	1	1		1	1		4.00		5.45		5.000000e-01
1	2	126	336.12		1	2	2		2	1		4.00		5.70		2.500000e+00
1	2	127	346.90		1	1	1		1	1		8.00		10.28		3.500000e+00
1	2	128	362.69		4	4	4		4	1		6.00		8.04		1.500000e+00
1	2	129	374.47		1	1	1		1	1		4.00		5.65		1.500000e+00
1	2	130	384.25		3	4	4		4	1		4.00		6.44		8
1	2	131	400.54		2	1	1		1	1		4.00		5.70		4.500000e+00
1	2	132	413.32		4	4	4		4	1		4.00		5.43		6.500000e+00
1	2	133	428.11		3	3	3		3	1		8.00		10.50		1.500000e+00
1	2	134	441.89		3	3	3		3	1		4.00		1.56		5.000000e-01
1	2	135	450.68		4	4	4		4	1		8.00		1.10		1.500000e+00
1	2	136	464.46		2	2	2		2	1		8.00		9.55		5.000000e-01
1	2	137	477.25		1	2	2		1	0		8.00		1.17		5.500000e+00
1	2	138	495.03		4	3	3		4	0		4.00		1.30		1.500000e+00
1	2	139	504.81		2	1	1		1	1		4.00		6.01		1.500000e+00
1	2	140	514.60		3	3	3		3	1		6.00		7.68		5.000000e-01
1	2	141	525.38		2	2	2		1	0		4.00		6.10		1.500000e+00
1	2	142	535.17		4	3	3		3	1		8.00		9.93		2.500000e+00
1	2	143	549.95		4	4	4		4	1		4.00		5.80		5.000000e-01
1	2	144	558.73		4	4	4		4	1		6.00		3.59		4.500000e+00
1	2	145	573.52		4	4	4		4	1		8.00		1.42		5.000000e-01
1	2	146	586.30		4	4	4		4	1		6.00		1.47		1.500000e+00
1	2	147	598.09		1	2	2		2	1		6.00		7.88		5.000000e-01
1	2	148	608.87		3	3	3		3	1		4.00		2.11		8
1	2	149	625.16		4	4	4		4	1		6.00		1.16		3.500000e+00
1	2	150	638.94		2	1	1		1	1		6.00		8.20		3.500000e+00
1	2	151	652.72		1	1	1		1	1		8.00		10.50		5.000000e-01
1	2	152	665.51		2	2	2		2	1		6.00		7.97		5.500000e+00
1	2	153	681.29		1	1	1		1	1		6.00		1.19		6.500000e+00
1	2	154	698.08		3	3	3		3	1		8.00		2.43		5.000000e-01
1	2	155	710.86		3	3	3		3	1		6.00		1.52		3.500000e+00
1	2	156	724.65		1	1	1		1	1		6.00		1.74		3.500000e+00
1	2	157	738.43		1	1	1		1	1		6.00		1.16		5.000000e-01
1	2	158	749.21		1	2	2		1	0		6.00		1.19		1.500000e+00
1	2	159	761.00		1	1	1		1	1		4.00		5.84		5.000000e-01
1	2	160	769.78		3	3	3		3	1		6.00		7.74		5.000000e-01
1	2	161	780.57		1	1	1		1	1		8.00		9.97		8
1	2	162	800.85		3	3	3		3	1		6.00		1.06		5.500000e+00
1	2	163	816.63		1	1	1		1	1		8.00		10.47		8
1	2	164	836.92		4	4	4		4	1		6.00		1.24		5.000000e-01
1	2	165	847.70		4	4	4		4	1		8.00		1.12		1.500000e+00
1	2	166	861.49		3	3	3		3	1		8.00		1.31		2.500000e+00
1	2	167	876.27		2	2	2		2	1		4.00		5.80		2.500000e+00
1	2	168	887.06		1	1	1		1	1		4.00		5.67		8
1	2	169	903.34		2	2	2		2	1		4.00		1.57		5.000000e-01
1	2	170	912.12		4	3	3		4	0		6.00		1.19		1.500000e+00
1	2	171	923.91		2	1	1		2	0		8.00		1.88		8
1	2	172	944.19		1	1	1		1	1		6.00		7.38		8
1	2	173	962.48		2	1	1		2	0		8.00		10.67		1.500000e+00
1	2	174	976.26		2	2	2		2	1		6.00		7.97		7.500000e+00
1	2	175	994.05		3	3	3		4	0		8.00		11.53		6.500000e+00
1	2	176	1012.83		3	3	3		3	1		4.00		5.57		3.500000e+00
1	2	177	1024.62		1	2	2		2	1		4.00		6.37		5.000000e-01
1	2	178	1033.40		1	2	2		2	1		8.00		1.43		5.000000e-01
1	2	179	1046.18		3	3	3		4	0		8.00		10.51		6.500000e+00
1	2	180	1064.97		2	1	1		1	1		6.00		8.40		1.500000e+00
Block	Phase	Trial	RunningTime	Cue	Image	CorrResp	Resp	Accuracy	ISI	RT_from_CueOnset	ITI
2	1	1	0.51		4	3	3		3	1		1.00		2.61		5.000000e-01
2	1	2	5.30		3	3	3		3	1		1.00		2.49		5.000000e-01
2	1	3	10.08		1	2	2		2	1		1.00		2.51		1.500000e+00
2	1	4	15.87		1	1	1		1	1		1.00		2.34		5.000000e-01
2	1	5	20.65		4	3	3		3	1		1.00		2.38		2.500000e+00
2	1	6	27.43		3	3	3		3	1		1.00		2.26		5.000000e-01
2	1	7	32.22		1	1	1		1	1		1.00		2.42		5.000000e-01
2	1	8	37.00		3	3	3		3	1		1.00		2.22		1.500000e+00
2	1	9	42.78		2	2	2		2	1		1.00		2.70		1.500000e+00
2	1	10	48.57		4	3	3		3	1		1.00		2.28		4.500000e+00
2	1	11	57.35		2	1	1		1	1		1.00		2.58		2.500000e+00
2	1	12	64.14		3	3	3		3	1		1.00		2.46		5.000000e-01
2	1	13	68.92		4	4	4		4	1		1.00		2.47		5.000000e-01
2	1	14	73.70		2	1	1		1	1		1.00		2.33		5.500000e+00
2	1	15	83.49		1	2	2		2	1		1.00		2.47		5.000000e-01
2	1	16	88.27		1	2	2		2	1		1.00		2.36		5.500000e+00
2	1	17	98.05		3	3	3		3	1		1.00		2.33		2.500000e+00
2	1	18	104.84		3	4	4		4	1		1.00		2.47		5.000000e-01
2	1	19	109.62		4	3	3		3	1		1.00		2.54		1.500000e+00
2	1	20	115.41		2	1	1		1	1		1.00		2.67		3.500000e+00
2	1	21	123.19		4	4	4		4	1		1.00		2.44		3.500000e+00
2	1	22	130.97		3	4	4		4	1		1.00		2.56		5.000000e-01
2	1	23	135.76		2	2	2		2	1		1.00		2.74		1.500000e+00
2	1	24	141.54		4	4	4		4	1		1.00		2.52		1.500000e+00
2	1	25	147.32		4	4	4		4	1		1.00		2.65		5.000000e-01
2	1	26	152.11		3	4	4		4	1		1.00		2.72		2.500000e+00
2	1	27	158.89		1	1	1		1	1		1.00		2.55		4.500000e+00
2	1	28	167.67		4	4	4		4	1		1.00		2.33		5.000000e-01
2	1	29	172.46		3	4	4		4	1		1.00		2.32		5.000000e-01
2	1	30	177.24		1	2	2		2	1		1.00		2.39		2.500000e+00
2	1	31	184.03		4	4	4		4	1		1.00		2.33		5.000000e-01
2	1	32	188.81		2	2	2		2	1		1.00		2.82		5.000000e-01
2	1	33	193.59		1	2	2		2	1		1.00		2.39		5.000000e-01
2	1	34	198.38		2	2	2		2	1		1.00		2.66		5.000000e-01
2	1	35	203.16		2	1	1		1	1		1.00		2.41		1.500000e+00
2	1	36	208.94		3	3	3		3	1		1.00		2.55		5.000000e-01
2	1	37	213.73		2	2	2		2	1		1.00		2.42		5.000000e-01
2	1	38	218.51		4	3	3		3	1		1.00		2.41		3.500000e+00
2	1	39	226.30		2	2	2		2	1		1.00		2.36		5.000000e-01
2	1	40	231.08		2	2	2		2	1		1.00		2.23		5.000000e-01
2	1	41	235.86		1	2	2		2	1		1.00		2.31		5.000000e-01
2	1	42	240.65		2	1	1		1	1		1.00		2.42		5.000000e-01
2	1	43	245.43		3	4	4		4	1		1.00		2.29		5.000000e-01
2	1	44	250.21		1	1	1		1	1		1.00		2.25		1.500000e+00
2	1	45	256.00		2	2	2		2	1		1.00		2.41		1.500000e+00
2	1	46	261.78		2	2	2		2	1		1.00		2.48		1.500000e+00
2	1	47	267.56		3	3	3		3	1		1.00		2.51		1.500000e+00
2	1	48	273.35		3	3	3		3	1		1.00		2.63		4.500000e+00
2	1	49	282.13		4	4	4		4	1		1.00		2.53		1.500000e+00
2	1	50	287.92		3	3	3		3	1		1.00		2.37		5.000000e-01
2	1	51	292.70		3	4	4		4	1		1.00		2.59		5.000000e-01
2	1	52	297.48		4	4	4		4	1		1.00		2.99		5.000000e-01
2	1	53	302.27		4	3	3		3	1		1.00		3.21		2.500000e+00
2	1	54	309.05		1	1	1		1	1		1.00		2.47		5.000000e-01
2	1	55	313.83		3	4	4		4	1		1.00		2.17		1.500000e+00
2	1	56	319.62		3	4	4		4	1		1.00		2.20		5.500000e+00
2	1	57	329.40		4	4	4		4	1		1.00		2.42		1.500000e+00
2	1	58	335.19		2	2	2		2	1		1.00		2.32		1.500000e+00
2	1	59	340.97		1	1	1		1	1		1.00		2.88		8
2	1	60	353.25		3	4	4		4	1		1.00		2.49		4.500000e+00
2	1	61	362.04		1	1	1		1	1		1.00		2.48		8
2	1	62	374.32		4	3	3		3	1		1.00		2.40		5.000000e-01
2	1	63	379.11		1	1	1		1	1		1.00		2.25		2.500000e+00
2	1	64	385.89		1	1	1		1	1		1.00		2.29		5.000000e-01
2	1	65	390.67		2	1	1		1	1		1.00		2.39		2.500000e+00
2	1	66	397.46		1	1	1		1	1		1.00		2.41		5.000000e-01
2	1	67	402.24		3	4	4		4	1		1.00		2.26		5.500000e+00
2	1	68	412.02		2	2	2		2	1		1.00		2.46		5.000000e-01
2	1	69	416.81		2	1	1		1	1		1.00		2.29		5.000000e-01
2	1	70	421.59		2	2	2		2	1		1.00		2.24		1.500000e+00
2	1	71	427.38		1	1	1		1	1		1.00		2.33		1.500000e+00
2	1	72	433.16		4	4	4		4	1		1.00		2.48		5.000000e-01
2	1	73	437.94		1	1	1		1	1		1.00		2.22		5.000000e-01
2	1	74	442.73		4	4	4		4	1		1.00		2.42		3.500000e+00
2	1	75	450.51		3	3	3		3	1		1.00		2.45		5.000000e-01
2	1	76	455.29		4	3	3		3	1		1.00		2.35		3.500000e+00
2	1	77	463.08		1	2	2		1	0		1.00		2.19		5.000000e-01
2	1	78	467.86		4	3	3		3	1		1.00		2.40		3.500000e+00
2	1	79	475.65		1	1	1		1	1		1.00		2.33		3.500000e+00
2	1	80	483.43		1	1	1		1	1		1.00		2.40		5.000000e-01
2	1	81	488.21		2	1	1		1	1		1.00		2.40		3.500000e+00
2	1	82	496.00		3	4	4		4	1		1.00		2.18		4.500000e+00
2	1	83	504.78		4	3	3		3	1		1.00		2.89		5.000000e-01
2	1	84	509.56		4	3	3		3	1		1.00		2.36		5.500000e+00
2	1	85	519.35		1	2	2		2	1		1.00		2.42		5.500000e+00
2	1	86	529.13		4	4	4		4	1		1.00		2.55		5.000000e-01
2	1	87	533.92		2	2	2		2	1		1.00		2.43		2.500000e+00
2	1	88	540.70		4	3	3		3	1		1.00		2.35		5.000000e-01
2	1	89	545.48		1	2	2		2	1		1.00		2.35		1.500000e+00
2	1	90	551.27		4	3	3		3	1		1.00		2.38		1.500000e+00
2	1	91	557.05		1	2	2		2	1		1.00		2.41		3.500000e+00
2	1	92	564.84		3	4	4		4	1		1.00		2.61		5.000000e-01
2	1	93	569.62		2	2	2		2	1		1.00		2.43		5.500000e+00
2	1	94	579.40		1	1	1		1	1		1.00		2.38		1.500000e+00
2	1	95	585.19		2	2	2		2	1		1.00		2.44		5.000000e-01
2	1	96	589.97		3	3	3		3	1		1.00		2.31		2.500000e+00
2	1	97	596.75		3	3	3		3	1		1.00		2.41		1.500000e+00
2	1	98	602.54		2	1	1		1	1		1.00		2.24		5.000000e-01
2	1	99	607.32		3	3	3		3	1		1.00		2.40		1.500000e+00
2	1	100	613.11		2	1	1		1	1		1.00		2.34		5.000000e-01
2	2	101	0.51		2	1	1		1	1		8.00		9.51		8
2	2	102	20.80		3	3	3		3	1		4.00		6.24		3.500000e+00
2	2	103	32.58		1	2	2		2	1		6.00		8.04		8
2	2	104	50.87		2	1	1		1	1		8.00		1.97		1.500000e+00
2	2	105	64.65		1	1	1		2	0		6.00		1.15		6.500000e+00
2	2	106	81.44		2	2	2		1	0		4.00		1.34		1.500000e+00
2	2	107	91.22		3	3	3		4	0		6.00		4.30		3.500000e+00
2	2	108	105.00		4	3	3		3	1		4.00		6.27		2.500000e+00
2	2	109	115.79		1	1	1		2	0		4.00		1.46		8
2	2	110	132.07		4	4	4		4	1		6.00		8.14		5.000000e-01
2	2	111	142.86		1	1	1		2	0		8.00		3.14		5.000000e-01
2	2	112	155.64		3	4	4		4	1		4.00		6.07		8
2	2	113	171.92		2	1	1		1	1		4.00		1.25		5.000000e-01
2	2	114	180.71		3	3	3		3	1		6.00		8.85		5.000000e-01
2	2	115	191.49		3	3	3		3	1		8.00		2.58		6.500000e+00
2	2	116	210.28		4	4	4		4	1		6.00		7.90		3.500000e+00
2	2	117	224.06		2	1	1		1	1		8.00		1.11		3.500000e+00
2	2	118	239.85		3	4	4		3	0		8.00		2.51		6.500000e+00
2	2	119	258.63		3	4	4		3	0		8.00		3.08		4.500000e+00
2	2	120	275.42		2	2	2		1	0		8.00		1.31		1.500000e+00
2	2	121	289.20		4	3	3		4	0		6.00		2.04		1.500000e+00
2	2	122	300.98		3	3	3		3	1		8.00		11.70		1.500000e+00
2	2	123	314.77		2	2	2		1	0		8.00		10.40		5.000000e-01
2	2	124	327.55		3	3	3		3	1		8.00		10.67		5.000000e-01
2	2	125	340.34		4	3	3		3	1		4.00		7.00		1.500000e+00
2	2	126	350.12		4	4	4		4	1		8.00		9.63		1.500000e+00
2	2	127	363.90		4	4	4		4	1		4.00		1.46		5.000000e-01
2	2	128	372.69		4	3	3		4	0		4.00		2.97		6.500000e+00
2	2	129	387.47		4	4	4		4	1		4.00		2.53		5.000000e-01
2	2	130	396.26		1	1	1		1	1		6.00		8.48		1.500000e+00
2	2	131	408.04		4	3	3		4	0		6.00		1.75		1.500000e+00
2	2	132	419.82		1	2	2		2	1		4.00		7.48		5.000000e-01
2	2	133	428.61		4	4	4		4	1		4.00		1.28		5.000000e-01
2	2	134	437.39		2	1	1		1	1		4.00		3.69		4.500000e+00
2	2	135	450.18		2	2	2		1	0		4.00		1.29		3.500000e+00
2	2	136	461.96		3	3	3		3	1		4.00		5.83		1.500000e+00
2	2	137	471.74		1	1	1		1	1		6.00		8.84		5.000000e-01
2	2	138	482.53		2	2	2		1	0		4.00		1.28		2.500000e+00
2	2	139	493.31		1	2	2		2	1		8.00		11.57		5.000000e-01
2	2	140	506.10		2	2	2		1	0		8.00		1.70		5.000000e-01
2	2	141	518.88		2	2	2		1	0		6.00		2.55		7.500000e+00
2	2	142	536.66		1	1	1		1	1		6.00		9.23		3.500000e+00
2	2	143	550.45		4	3	3		4	0		8.00		3.03		6.500000e+00
2	2	144	569.23		1	1	1		1	1		8.00		10.10		8
2	2	145	589.52		1	2	2		1	0		6.00		5.36		5.000000e-01
2	2	146	600.30		1	1	1		1	1		8.00		11.60		8
2	2	147	620.59		1	1	1		1	1		4.00		7.04		5.000000e-01
2	2	148	629.37		1	1	1		2	0		4.00		7.35		5.000000e-01
2	2	149	638.16		1	2	2		2	1		6.00		8.93		1.500000e+00
2	2	150	649.94		2	2	2		1	0		8.00		10.13		5.000000e-01
2	2	151	662.72		2	1	1		NaN	0		6.00		NaN		1.500000e+00
2	2	152	674.51		3	3	3		3	1		4.00		5.78		1.500000e+00
2	2	153	684.29		1	2	2		2	1		8.00		10.41		5.500000e+00
2	2	154	702.08		4	3	3		4	0		6.00		9.27		1.500000e+00
2	2	155	713.86		3	3	3		3	1		6.00		7.83		4.500000e+00
2	2	156	728.64		2	2	2		2	1		4.00		6.53		1.500000e+00
2	2	157	738.43		2	2	2		1	0		6.00		8.78		7.500000e+00
2	2	158	756.21		2	2	2		1	0		6.00		5.29		4.500000e+00
2	2	159	771.00		3	4	4		3	0		6.00		6.15		5.000000e-01
2	2	160	781.78		1	1	1		1	1		8.00		10.40		3.500000e+00
2	2	161	797.57		3	4	4		4	1		8.00		9.83		8
2	2	162	817.85		4	4	4		4	1		6.00		8.30		4.500000e+00
2	2	163	832.64		3	3	3		3	1		6.00		8.12		5.000000e-01
2	2	164	843.42		1	2	2		2	1		4.00		6.43		1.500000e+00
2	2	165	853.20		3	4	4		4	1		6.00		8.20		5.500000e+00
2	2	166	868.99		3	4	4		3	0		4.00		4.34		5.000000e-01
2	2	167	877.77		2	2	2		1	0		6.00		1.08		5.500000e+00
2	2	168	893.56		2	1	1		2	0		6.00		8.83		3.500000e+00
2	2	169	907.34		3	4	4		4	1		8.00		9.87		2.500000e+00
2	2	170	922.13		4	3	3		3	1		4.00		5.77		4.500000e+00
2	2	171	934.91		1	2	2		2	1		4.00		6.73		2.500000e+00
2	2	172	945.69		4	4	4		4	1		8.00		9.67		5.000000e-01
2	2	173	958.48		4	3	3		3	1		8.00		9.93		2.500000e+00
2	2	174	973.26		2	1	1		1	1		4.00		6.38		1.500000e+00
2	2	175	983.05		4	4	4		4	1		8.00		7.69		1.500000e+00
2	2	176	996.83		4	3	3		4	0		8.00		1.93		3.500000e+00
2	2	177	1012.61		3	4	4		3	0		4.00		5.41		8
2	2	178	1028.90		1	1	1		1	1		4.00		6.28		8
2	2	179	1045.18		3	4	4		4	1		6.00		7.78		3.500000e+00
2	2	180	1058.97		4	4	4		4	1		8.00		1.69		3.500000e+00
