*********************************************
* Combray
* Date/Time: 11-Oct-2015 14:25:14
* Seed: 208799.3748
* Subject Number: 20
* Subject Name: AO
*********************************************

Block	Phase	Trial	RunningTime	Cue	Image	CorrResp	Resp	Accuracy	ISI	RT_from_CueOnset	ITI
1	1	1	0.50		2	2	2		NaN	NaN		1.00		NaN		3.500000e+00
1	1	2	8.28		2	2	2		2	1		1.00		2.48		1.500000e+00
1	1	3	14.05		1	1	1		1	1		1.00		2.42		5.000000e-01
1	1	4	18.82		4	3	3		3	1		1.00		2.54		3.500000e+00
1	1	5	26.59		4	3	3		3	1		1.00		2.72		1.500000e+00
1	1	6	32.35		1	1	1		1	1		1.00		2.53		5.000000e-01
1	1	7	37.12		1	1	1		1	1		1.00		2.18		5.000000e-01
1	1	8	41.89		2	2	2		2	1		1.00		0.64		5.000000e-01
1	1	9	46.65		4	4	4		3	0		1.00		2.21		5.000000e-01
1	1	10	51.42		1	1	1		1	1		1.00		1.66		3.500000e+00
1	1	11	59.19		3	3	3		3	1		1.00		2.58		5.000000e-01
1	1	12	63.95		1	2	2		1	0		1.00		1.42		5.000000e-01
1	1	13	68.72		3	3	3		3	1		1.00		2.79		1.500000e+00
1	1	14	74.49		2	2	2		2	1		1.00		2.25		5.500000e+00
1	1	15	84.26		1	1	1		1	1		1.00		2.16		1.500000e+00
1	1	16	90.02		4	3	3		3	1		1.00		2.30		3.500000e+00
1	1	17	97.79		1	1	1		1	1		1.00		2.15		5.000000e-01
1	1	18	102.56		1	1	1		1	1		1.00		1.58		5.000000e-01
1	1	19	107.32		1	1	1		1	1		1.00		0.64		2.500000e+00
1	1	20	114.09		2	2	2		2	1		1.00		0.93		1.500000e+00
1	1	21	119.86		1	1	1		1	1		1.00		0.63		1.500000e+00
1	1	22	125.62		1	1	1		1	1		1.00		0.84		5.000000e-01
1	1	23	130.39		1	1	1		1	1		1.00		0.64		3.500000e+00
1	1	24	138.16		2	2	2		2	1		1.00		1.16		5.000000e-01
1	1	25	142.93		3	3	3		3	1		1.00		2.44		5.000000e-01
1	1	26	147.69		4	4	4		4	1		1.00		1.40		1.500000e+00
1	1	27	153.46		3	4	4		3	0		1.00		0.65		5.000000e-01
1	1	28	158.23		2	2	2		2	1		1.00		1.43		2.500000e+00
1	1	29	164.99		1	1	1		1	1		1.00		0.60		1.500000e+00
1	1	30	170.76		4	3	3		3	1		1.00		2.19		4.500000e+00
1	1	31	179.53		3	3	3		4	0		1.00		1.59		5.000000e-01
1	1	32	184.30		1	1	1		1	1		1.00		0.77		2.500000e+00
1	1	33	191.06		4	4	4		4	1		1.00		2.37		5.000000e-01
1	1	34	195.83		4	3	3		4	0		1.00		1.14		2.500000e+00
1	1	35	202.60		1	1	1		1	1		1.00		0.83		5.000000e-01
1	1	36	207.36		3	3	3		3	1		1.00		2.24		2.500000e+00
1	1	37	214.13		2	2	2		2	1		1.00		1.21		5.000000e-01
1	1	38	218.90		4	4	4		4	1		1.00		2.47		5.000000e-01
1	1	39	223.66		1	1	1		1	1		1.00		0.84		2.500000e+00
1	1	40	230.43		3	3	3		3	1		1.00		2.40		4.500000e+00
1	1	41	239.20		2	2	2		2	1		1.00		0.82		5.000000e-01
1	1	42	243.97		2	2	2		2	1		1.00		0.92		5.000000e-01
1	1	43	248.73		4	3	3		3	1		1.00		2.16		1.500000e+00
1	1	44	254.50		3	4	4		4	1		1.00		2.38		5.000000e-01
1	1	45	259.27		4	4	4		3	0		1.00		1.45		5.000000e-01
1	1	46	264.03		4	4	4		4	1		1.00		2.58		2.500000e+00
1	1	47	270.80		4	4	4		4	1		1.00		2.14		5.500000e+00
1	1	48	280.57		3	4	4		3	0		1.00		2.00		1.500000e+00
1	1	49	286.34		1	1	1		1	1		1.00		2.53		5.000000e-01
1	1	50	291.10		4	4	4		4	1		1.00		2.37		5.000000e-01
1	1	51	295.87		3	4	4		4	1		1.00		2.42		5.500000e+00
1	1	52	305.64		4	4	4		4	1		1.00		2.31		1.500000e+00
1	1	53	311.40		2	1	1		2	0		1.00		0.94		5.000000e-01
1	1	54	316.17		2	2	2		2	1		1.00		2.53		2.500000e+00
1	1	55	322.94		4	4	4		4	1		1.00		2.42		5.000000e-01
1	1	56	327.71		4	3	3		4	0		1.00		1.88		1.500000e+00
1	1	57	333.47		4	4	4		4	1		1.00		2.41		1.500000e+00
1	1	58	339.24		3	3	3		3	1		1.00		2.25		5.000000e-01
1	1	59	344.01		2	2	2		1	0		1.00		1.94		5.000000e-01
1	1	60	348.77		3	4	4		4	1		1.00		2.57		3.500000e+00
1	1	61	356.54		4	4	4		4	1		1.00		2.50		5.000000e-01
1	1	62	361.31		1	2	2		2	1		1.00		2.34		1.500000e+00
1	1	63	367.07		4	4	4		4	1		1.00		2.26		5.000000e-01
1	1	64	371.84		3	3	3		3	1		1.00		2.33		5.000000e-01
1	1	65	376.61		3	3	3		3	1		1.00		1.22		5.500000e+00
1	1	66	386.38		3	3	3		3	1		1.00		0.96		5.000000e-01
1	1	67	391.14		4	4	4		3	0		1.00		1.03		5.000000e-01
1	1	68	395.91		1	2	2		2	1		1.00		1.86		5.000000e-01
1	1	69	400.68		1	1	1		2	0		1.00		1.29		1.500000e+00
1	1	70	406.44		4	4	4		4	1		1.00		2.41		3.500000e+00
1	1	71	414.21		1	1	1		1	1		1.00		2.33		5.000000e-01
1	1	72	418.98		2	2	2		2	1		1.00		2.30		5.500000e+00
1	1	73	428.75		2	2	2		2	1		1.00		2.34		5.000000e-01
1	1	74	433.51		1	1	1		1	1		1.00		2.25		2.500000e+00
1	1	75	440.28		4	4	4		4	1		1.00		2.50		1.500000e+00
1	1	76	446.05		2	2	2		2	1		1.00		1.35		3.500000e+00
1	1	77	453.81		4	3	3		4	0		1.00		2.04		5.000000e-01
1	1	78	458.58		3	3	3		3	1		1.00		2.55		1.500000e+00
1	1	79	464.35		2	2	2		2	1		1.00		1.40		4.500000e+00
1	1	80	473.12		3	4	4		4	1		1.00		2.51		5.500000e+00
1	1	81	482.88		3	3	3		3	1		1.00		2.32		2.500000e+00
1	1	82	489.65		2	2	2		2	1		1.00		1.06		5.000000e-01
1	1	83	494.42		3	3	3		3	1		1.00		2.37		4.500000e+00
1	1	84	503.18		3	3	3		3	1		1.00		2.19		8
1	1	85	515.45		2	1	1		2	0		1.00		1.08		1.500000e+00
1	1	86	521.22		2	1	1		1	1		1.00		1.49		1.500000e+00
1	1	87	526.99		1	2	2		2	1		1.00		2.39		1.500000e+00
1	1	88	532.75		2	2	2		1	0		1.00		1.40		5.000000e-01
1	1	89	537.52		2	2	2		2	1		1.00		2.16		8
1	1	90	549.79		3	4	4		4	1		1.00		2.60		5.000000e-01
1	1	91	554.55		4	4	4		4	1		1.00		2.26		5.000000e-01
1	1	92	559.32		2	2	2		2	1		1.00		2.29		5.000000e-01
1	1	93	564.09		2	1	1		2	0		1.00		1.12		5.000000e-01
1	1	94	568.86		3	3	3		3	1		1.00		2.51		3.500000e+00
1	1	95	576.62		1	1	1		1	1		1.00		2.30		4.500000e+00
1	1	96	585.39		3	3	3		3	1		1.00		2.51		5.500000e+00
1	1	97	595.16		1	2	2		2	1		1.00		2.33		5.000000e-01
1	1	98	599.92		3	3	3		3	1		1.00		2.18		1.500000e+00
1	1	99	605.69		2	1	1		2	0		1.00		1.65		1.500000e+00
1	1	100	611.46		3	3	3		3	1		1.00		2.26		5.000000e-01
1	2	101	0.50		4	3	3		3	1		4.00		6.38		4.500000e+00
1	2	102	13.28		4	4	4		3	0		6.00		2.75		1.500000e+00
1	2	103	25.05		4	4	4		4	1		6.00		7.95		1.500000e+00
1	2	104	36.82		4	3	3		4	0		6.00		8.01		5.000000e-01
1	2	105	47.59		1	2	2		2	1		6.00		8.80		3.500000e+00
1	2	106	61.35		1	1	1		1	1		8.00		11.12		6.500000e+00
1	2	107	80.12		1	2	2		2	1		6.00		8.48		5.000000e-01
1	2	108	90.89		3	4	4		4	1		8.00		10.04		5.500000e+00
1	2	109	108.66		1	1	1		2	0		8.00		10.68		4.500000e+00
1	2	110	125.42		2	2	2		NaN	0		6.00		NaN		6.500000e+00
1	2	111	142.19		1	1	1		1	1		6.00		7.93		4.500000e+00
1	2	112	156.96		4	4	4		4	1		6.00		7.87		5.000000e-01
1	2	113	167.73		4	4	4		4	1		8.00		9.65		4.500000e+00
1	2	114	184.50		2	2	2		2	1		4.00		6.18		8
1	2	115	200.76		1	1	1		1	1		4.00		5.46		1.500000e+00
1	2	116	210.53		4	4	4		4	1		4.00		5.92		3.500000e+00
1	2	117	222.30		1	2	2		2	1		4.00		6.02		8
1	2	118	238.57		3	3	3		3	1		8.00		9.72		2.500000e+00
1	2	119	253.33		3	4	4		4	1		8.00		9.72		3.500000e+00
1	2	120	269.10		1	1	1		2	0		6.00		8.17		5.000000e-01
1	2	121	279.87		1	1	1		1	1		6.00		7.88		5.000000e-01
1	2	122	290.64		4	3	3		3	1		8.00		9.71		3.500000e+00
1	2	123	306.40		2	2	2		2	1		4.00		6.17		5.500000e+00
1	2	124	320.17		4	3	3		3	1		6.00		8.02		5.000000e-01
1	2	125	330.94		1	1	1		1	1		4.00		2.71		8
1	2	126	347.21		3	4	4		4	1		4.00		6.03		1.500000e+00
1	2	127	356.97		3	3	3		3	1		8.00		2.61		5.000000e-01
1	2	128	369.74		2	2	2		2	1		8.00		10.83		5.000000e-01
1	2	129	382.51		1	1	1		1	1		6.00		8.04		6.500000e+00
1	2	130	399.28		3	3	3		3	1		6.00		8.31		5.000000e-01
1	2	131	410.04		2	2	2		2	1		6.00		8.58		3.500000e+00
1	2	132	423.81		4	4	4		4	1		8.00		9.96		3.500000e+00
1	2	133	439.58		3	3	3		4	0		6.00		8.29		6.500000e+00
1	2	134	456.35		1	1	1		1	1		6.00		8.19		8
1	2	135	474.61		2	2	2		2	1		8.00		9.88		2.500000e+00
1	2	136	489.38		2	2	2		2	1		4.00		6.03		1.500000e+00
1	2	137	499.15		2	2	2		2	1		8.00		10.10		8
1	2	138	519.42		4	3	3		3	1		4.00		6.04		5.000000e-01
1	2	139	528.18		4	4	4		4	1		6.00		7.75		3.500000e+00
1	2	140	541.95		4	4	4		4	1		8.00		10.85		1.500000e+00
1	2	141	555.72		3	3	3		3	1		8.00		9.70		2.500000e+00
1	2	142	570.49		3	4	4		4	1		6.00		8.02		1.500000e+00
1	2	143	582.26		1	2	2		2	1		8.00		11.38		5.000000e-01
1	2	144	595.02		4	4	4		4	1		6.00		8.05		1.500000e+00
1	2	145	606.79		1	1	1		1	1		4.00		6.29		1.500000e+00
1	2	146	616.56		1	1	1		1	1		8.00		10.07		3.500000e+00
1	2	147	632.33		4	4	4		4	1		8.00		10.53		5.000000e-01
1	2	148	645.09		3	3	3		3	1		4.00		5.73		4.500000e+00
1	2	149	657.86		4	4	4		4	1		8.00		10.67		1.500000e+00
1	2	150	671.63		3	4	4		4	1		4.00		5.48		5.000000e-01
1	2	151	680.39		3	3	3		4	0		4.00		0.94		5.000000e-01
1	2	152	689.16		2	2	2		2	1		8.00		9.62		2.500000e+00
1	2	153	703.93		4	3	3		3	1		8.00		10.61		7.500000e+00
1	2	154	723.70		3	3	3		3	1		6.00		7.94		5.000000e-01
1	2	155	734.46		2	2	2		2	1		8.00		2.18		2.500000e+00
1	2	156	749.23		2	1	1		1	1		8.00		5.47		5.500000e+00
1	2	157	767.00		3	3	3		3	1		8.00		9.91		5.000000e-01
1	2	158	779.77		1	1	1		1	1		4.00		6.13		3.500000e+00
1	2	159	791.54		1	1	1		2	0		8.00		2.95		7.500000e+00
1	2	160	811.30		3	3	3		3	1		6.00		7.88		1.500000e+00
1	2	161	823.07		4	4	4		4	1		4.00		5.43		3.500000e+00
1	2	162	834.84		3	3	3		3	1		4.00		5.90		5.000000e-01
1	2	163	843.61		3	3	3		3	1		4.00		5.47		4.500000e+00
1	2	164	856.37		1	1	1		1	1		8.00		2.47		1.500000e+00
1	2	165	870.14		4	3	3		3	1		4.00		6.04		8
1	2	166	886.41		2	1	1		2	0		8.00		2.48		1.500000e+00
1	2	167	900.18		2	2	2		2	1		4.00		6.38		3.500000e+00
1	2	168	911.94		2	1	1		2	0		4.00		6.01		6.500000e+00
1	2	169	926.71		2	2	2		1	0		4.00		6.42		1.500000e+00
1	2	170	936.48		1	1	1		1	1		4.00		1.85		5.000000e-01
1	2	171	945.25		2	1	1		1	1		6.00		8.75		1.500000e+00
1	2	172	957.01		3	4	4		4	1		6.00		7.80		1.500000e+00
1	2	173	968.78		2	2	2		1	0		6.00		8.45		1.500000e+00
1	2	174	980.55		2	2	2		1	0		6.00		8.40		5.000000e-01
1	2	175	991.32		4	4	4		4	1		4.00		5.92		8
1	2	176	1007.58		3	3	3		3	1		8.00		9.83		1.500000e+00
1	2	177	1021.35		3	3	3		3	1		6.00		7.70		8
1	2	178	1039.62		2	2	2		2	1		6.00		8.55		5.000000e-01
1	2	179	1050.39		2	2	2		1	0		4.00		5.86		5.000000e-01
1	2	180	1059.15		1	1	1		1	1		4.00		1.32		8
Block	Phase	Trial	RunningTime	Cue	Image	CorrResp	Resp	Accuracy	ISI	RT_from_CueOnset	ITI
2	1	1	0.51		1	1	1		1	1		1.00		3.10		5.000000e-01
2	1	2	5.28		2	2	2		2	1		1.00		2.46		1.500000e+00
2	1	3	11.05		4	4	4		4	1		1.00		2.72		5.000000e-01
2	1	4	15.81		2	1	1		2	0		1.00		1.92		1.500000e+00
2	1	5	21.58		1	2	2		1	0		1.00		1.14		5.000000e-01
2	1	6	26.35		3	4	4		3	0		1.00		1.54		1.500000e+00
2	1	7	32.11		3	3	3		3	1		1.00		2.34		5.000000e-01
2	1	8	36.88		1	1	1		1	1		1.00		2.37		5.000000e-01
2	1	9	41.65		3	3	3		3	1		1.00		2.53		5.000000e-01
2	1	10	46.42		2	1	1		1	1		1.00		2.25		5.000000e-01
2	1	11	51.18		3	3	3		3	1		1.00		2.56		2.500000e+00
2	1	12	57.95		4	3	3		3	1		1.00		2.38		5.000000e-01
2	1	13	62.72		2	1	1		1	1		1.00		2.41		8
2	1	14	74.98		1	1	1		1	1		1.00		2.37		5.000000e-01
2	1	15	79.75		3	3	3		3	1		1.00		2.47		5.000000e-01
2	1	16	84.52		3	4	4		4	1		1.00		2.44		1.500000e+00
2	1	17	90.28		3	3	3		3	1		1.00		3.16		4.500000e+00
2	1	18	99.05		3	4	4		3	0		1.00		2.22		2.500000e+00
2	1	19	105.82		2	1	1		1	1		1.00		2.44		1.500000e+00
2	1	20	111.59		1	1	1		1	1		1.00		2.39		2.500000e+00
2	1	21	118.35		3	4	4		4	1		1.00		2.56		5.000000e-01
2	1	22	123.12		4	3	3		3	1		1.00		3.30		1.500000e+00
2	1	23	128.89		1	2	2		2	1		1.00		2.41		1.500000e+00
2	1	24	134.65		2	2	2		2	1		1.00		2.20		3.500000e+00
2	1	25	142.42		1	2	2		2	1		1.00		2.33		1.500000e+00
2	1	26	148.19		4	3	3		3	1		1.00		2.52		5.000000e-01
2	1	27	152.96		2	2	2		2	1		1.00		2.09		5.500000e+00
2	1	28	162.72		1	1	1		1	1		1.00		2.34		2.500000e+00
2	1	29	169.49		3	3	3		3	1		1.00		2.66		3.500000e+00
2	1	30	177.26		4	4	4		4	1		1.00		2.96		1.500000e+00
2	1	31	183.02		3	4	4		4	1		1.00		2.85		5.000000e-01
2	1	32	187.79		2	2	2		2	1		1.00		2.63		5.000000e-01
2	1	33	192.56		4	3	3		NaN	NaN		1.00		NaN		3.500000e+00
2	1	34	200.33		1	1	1		1	1		1.00		2.41		5.000000e-01
2	1	35	205.09		2	2	2		2	1		1.00		2.41		2.500000e+00
2	1	36	211.86		3	3	3		3	1		1.00		2.40		5.000000e-01
2	1	37	216.63		4	3	3		3	1		1.00		2.36		1.500000e+00
2	1	38	222.39		1	2	2		2	1		1.00		2.43		5.000000e-01
2	1	39	227.16		4	3	3		3	1		1.00		2.39		3.500000e+00
2	1	40	234.93		2	2	2		2	1		1.00		2.53		3.500000e+00
2	1	41	242.70		4	4	4		4	1		1.00		2.79		5.000000e-01
2	1	42	247.46		4	4	4		4	1		1.00		2.50		5.000000e-01
2	1	43	252.23		4	4	4		4	1		1.00		2.80		2.500000e+00
2	1	44	259.00		2	2	2		1	0		1.00		2.71		5.000000e-01
2	1	45	263.76		1	2	2		2	1		1.00		2.90		5.000000e-01
2	1	46	268.53		1	2	2		2	1		1.00		2.25		3.500000e+00
2	1	47	276.30		1	1	1		1	1		1.00		2.33		5.000000e-01
2	1	48	281.07		2	2	2		2	1		1.00		2.46		5.000000e-01
2	1	49	285.83		3	3	3		3	1		1.00		2.29		1.500000e+00
2	1	50	291.60		1	2	2		2	1		1.00		2.44		1.500000e+00
2	1	51	297.37		4	3	3		3	1		1.00		2.37		1.500000e+00
2	1	52	303.13		1	1	1		1	1		1.00		2.23		5.000000e-01
2	1	53	307.90		1	1	1		1	1		1.00		2.33		2.500000e+00
2	1	54	314.67		2	1	1		1	1		1.00		2.46		5.000000e-01
2	1	55	319.43		2	1	1		NaN	NaN		1.00		NaN		5.000000e-01
2	1	56	324.20		1	1	1		1	1		1.00		2.41		3.500000e+00
2	1	57	331.97		4	4	4		4	1		1.00		2.51		5.000000e-01
2	1	58	336.74		1	1	1		1	1		1.00		2.34		1.500000e+00
2	1	59	342.50		4	4	4		4	1		1.00		2.39		5.000000e-01
2	1	60	347.27		4	3	3		3	1		1.00		2.34		2.500000e+00
2	1	61	354.04		2	2	2		2	1		1.00		2.44		5.000000e-01
2	1	62	358.80		1	2	2		2	1		1.00		2.51		5.000000e-01
2	1	63	363.57		2	1	1		1	1		1.00		2.38		1.500000e+00
2	1	64	369.34		4	4	4		4	1		1.00		2.42		5.000000e-01
2	1	65	374.10		2	2	2		2	1		1.00		2.77		5.000000e-01
2	1	66	378.87		3	3	3		3	1		1.00		2.42		5.500000e+00
2	1	67	388.64		3	4	4		4	1		1.00		2.47		5.000000e-01
2	1	68	393.41		3	4	4		3	0		1.00		2.15		5.000000e-01
2	1	69	398.17		4	3	3		3	1		1.00		2.41		4.500000e+00
2	1	70	406.94		1	2	2		2	1		1.00		2.43		5.000000e-01
2	1	71	411.71		4	3	3		3	1		1.00		2.52		1.500000e+00
2	1	72	417.47		4	4	4		4	1		1.00		2.45		1.500000e+00
2	1	73	423.24		4	3	3		3	1		1.00		2.52		3.500000e+00
2	1	74	431.01		4	4	4		4	1		1.00		2.69		1.500000e+00
2	1	75	436.78		2	1	1		1	1		1.00		2.29		5.500000e+00
2	1	76	446.54		1	1	1		1	1		1.00		2.59		4.500000e+00
2	1	77	455.31		1	1	1		1	1		1.00		2.19		1.500000e+00
2	1	78	461.08		3	3	3		3	1		1.00		2.32		1.500000e+00
2	1	79	466.84		1	2	2		2	1		1.00		2.66		1.500000e+00
2	1	80	472.61		3	3	3		3	1		1.00		2.50		5.000000e-01
2	1	81	477.38		2	2	2		2	1		1.00		3.02		5.000000e-01
2	1	82	482.15		4	4	4		4	1		1.00		2.41		5.500000e+00
2	1	83	491.91		2	2	2		2	1		1.00		2.15		5.000000e-01
2	1	84	496.68		4	4	4		4	1		1.00		2.45		5.000000e-01
2	1	85	501.45		1	1	1		1	1		1.00		2.51		5.000000e-01
2	1	86	506.21		3	3	3		3	1		1.00		2.19		4.500000e+00
2	1	87	514.98		3	3	3		3	1		1.00		2.21		5.000000e-01
2	1	88	519.75		4	3	3		3	1		1.00		2.51		5.000000e-01
2	1	89	524.51		2	1	1		1	1		1.00		3.19		1.500000e+00
2	1	90	530.28		4	3	3		3	1		1.00		2.45		5.000000e-01
2	1	91	535.05		2	1	1		1	1		1.00		2.33		5.000000e-01
2	1	92	539.82		2	2	2		2	1		1.00		2.46		5.000000e-01
2	1	93	544.58		3	4	4		4	1		1.00		2.72		5.500000e+00
2	1	94	554.35		3	4	4		4	1		1.00		2.54		3.500000e+00
2	1	95	562.12		1	1	1		1	1		1.00		2.90		2.500000e+00
2	1	96	568.88		3	4	4		4	1		1.00		2.44		8
2	1	97	581.15		3	4	4		4	1		1.00		3.39		5.500000e+00
2	1	98	590.92		2	2	2		2	1		1.00		2.49		2.500000e+00
2	1	99	597.69		3	4	4		4	1		1.00		2.38		5.500000e+00
2	1	100	607.45		2	2	2		2	1		1.00		2.39		4.500000e+00
2	2	101	0.52		3	4	4		4	1		8.00		10.33		3.500000e+00
2	2	102	16.28		1	2	2		2	1		6.00		8.14		6.500000e+00
2	2	103	33.05		3	3	3		4	0		6.00		8.09		5.000000e-01
2	2	104	43.82		2	2	2		2	1		6.00		8.88		5.000000e-01
2	2	105	54.58		3	3	3		3	1		8.00		10.06		5.000000e-01
2	2	106	67.35		1	1	1		1	1		6.00		8.12		5.000000e-01
2	2	107	78.12		3	4	4		4	1		4.00		6.08		5.000000e-01
2	2	108	86.89		1	2	2		2	1		8.00		9.86		6.500000e+00
2	2	109	105.65		2	1	1		1	1		4.00		5.88		6.500000e+00
2	2	110	120.42		3	3	3		4	0		8.00		10.43		5.000000e-01
2	2	111	133.19		4	3	3		3	1		4.00		5.85		3.500000e+00
2	2	112	144.96		2	1	1		1	1		8.00		9.77		8
2	2	113	165.23		4	4	4		4	1		6.00		8.05		5.000000e-01
2	2	114	175.99		4	3	3		3	1		8.00		9.82		7.500000e+00
2	2	115	195.76		3	4	4		4	1		4.00		5.87		1.500000e+00
2	2	116	205.53		1	2	2		2	1		6.00		7.96		5.000000e-01
2	2	117	216.30		3	3	3		3	1		8.00		10.34		1.500000e+00
2	2	118	230.06		2	1	1		1	1		4.00		6.27		1.500000e+00
2	2	119	239.83		2	2	2		1	0		8.00		10.48		5.000000e-01
2	2	120	252.60		1	1	1		2	0		8.00		10.12		7.500000e+00
2	2	121	272.37		4	4	4		4	1		4.00		5.74		8
2	2	122	288.63		2	2	2		2	1		4.00		6.03		5.500000e+00
2	2	123	302.40		1	1	1		1	1		4.00		6.24		1.500000e+00
2	2	124	312.17		1	2	2		2	1		4.00		6.23		8
2	2	125	328.44		4	3	3		3	1		4.00		5.89		4.500000e+00
2	2	126	341.20		3	4	4		3	0		6.00		9.13		8
2	2	127	359.47		1	1	1		1	1		4.00		6.30		8
2	2	128	375.74		3	3	3		4	0		6.00		8.27		5.000000e-01
2	2	129	386.51		4	4	4		4	1		6.00		7.75		1.500000e+00
2	2	130	398.28		2	2	2		2	1		6.00		7.78		5.000000e-01
2	2	131	409.04		2	2	2		2	1		4.00		6.44		8
2	2	132	425.31		3	3	3		3	1		4.00		6.23		4.500000e+00
2	2	133	438.08		2	2	2		2	1		8.00		10.72		2.500000e+00
2	2	134	452.85		3	4	4		3	0		8.00		10.36		2.500000e+00
2	2	135	467.61		2	2	2		1	0		8.00		10.45		2.500000e+00
2	2	136	482.38		1	1	1		1	1		8.00		10.08		1.500000e+00
2	2	137	496.15		3	3	3		3	1		6.00		7.82		1.500000e+00
2	2	138	507.92		1	1	1		2	0		8.00		10.07		4.500000e+00
2	2	139	524.68		2	2	2		2	1		4.00		6.43		5.000000e-01
2	2	140	533.45		1	1	1		1	1		6.00		8.08		5.000000e-01
2	2	141	544.22		2	1	1		1	1		8.00		10.08		1.500000e+00
2	2	142	557.99		1	1	1		1	1		4.00		6.91		1.500000e+00
2	2	143	567.75		4	3	3		3	1		6.00		8.68		5.000000e-01
2	2	144	578.52		4	3	3		3	1		4.00		7.18		8
2	2	145	594.79		4	3	3		3	1		8.00		10.72		1.500000e+00
2	2	146	608.56		2	2	2		2	1		6.00		8.67		6.500000e+00
2	2	147	625.32		2	1	1		1	1		6.00		8.15		1.500000e+00
2	2	148	637.09		4	4	4		3	0		8.00		10.63		4.500000e+00
2	2	149	653.86		4	4	4		4	1		6.00		8.83		1.500000e+00
2	2	150	665.63		4	4	4		4	1		6.00		7.98		1.500000e+00
2	2	151	677.39		4	4	4		4	1		6.00		8.80		3.500000e+00
2	2	152	691.16		4	4	4		4	1		8.00		9.80		3.500000e+00
2	2	153	706.93		4	4	4		4	1		4.00		5.72		3.500000e+00
2	2	154	718.70		4	4	4		4	1		8.00		2.11		1.500000e+00
2	2	155	732.46		4	3	3		3	1		4.00		1.82		5.000000e-01
2	2	156	741.23		3	4	4		3	0		4.00		5.89		5.000000e-01
2	2	157	750.00		4	3	3		4	0		8.00		9.89		3.500000e+00
2	2	158	765.77		2	2	2		2	1		8.00		10.84		2.500000e+00
2	2	159	780.53		2	2	2		1	0		4.00		6.49		1.500000e+00
2	2	160	790.30		1	1	1		1	1		8.00		10.50		3.500000e+00
2	2	161	806.07		1	1	1		1	1		6.00		8.07		4.500000e+00
2	2	162	820.84		4	3	3		3	1		6.00		8.45		5.000000e-01
2	2	163	831.60		3	4	4		4	1		6.00		8.36		1.500000e+00
2	2	164	843.37		2	1	1		2	0		8.00		10.13		5.500000e+00
2	2	165	861.14		1	2	2		2	1		8.00		9.80		5.000000e-01
2	2	166	873.91		3	3	3		3	1		4.00		5.68		5.000000e-01
2	2	167	882.67		2	1	1		1	1		4.00		5.97		3.500000e+00
2	2	168	894.44		1	1	1		1	1		4.00		5.72		3.500000e+00
2	2	169	906.21		1	2	2		1	0		4.00		6.69		8
2	2	170	922.48		1	2	2		2	1		4.00		6.05		5.000000e-01
2	2	171	931.24		3	4	4		4	1		8.00		10.14		5.500000e+00
2	2	172	949.01		3	3	3		3	1		6.00		8.69		6.500000e+00
2	2	173	965.78		3	4	4		3	0		6.00		8.30		1.500000e+00
2	2	174	977.55		1	2	2		2	1		6.00		7.96		3.500000e+00
2	2	175	991.31		4	3	3		4	0		6.00		8.97		5.000000e-01
2	2	176	1002.08		2	1	1		1	1		6.00		8.93		1.500000e+00
2	2	177	1013.85		1	1	1		1	1		6.00		8.93		8
2	2	178	1032.12		2	2	2		2	1		6.00		7.93		3.500000e+00
2	2	179	1045.89		3	4	4		3	0		8.00		11.08		2.500000e+00
2	2	180	1060.65		3	3	3		3	1		4.00		7.10		4.500000e+00
