*********************************************
* Combray
* Date/Time: 07-Dec-2015 15:21:21
* Seed: 209078.1837
* Subject Number: 38
* Subject Name: LZ
*********************************************

Block	Phase	Trial	RunningTime	Cue	Image	CorrResp	Resp	Accuracy	ISI	RT_from_CueOnset	ITI
1	1	1	0.50		1	2	2		2	1		1.00		3.60		5.000000e-01
1	1	2	5.27		4	4	4		4	1		1.00		3.03		5.000000e-01
1	1	3	10.03		3	3	3		3	1		1.00		2.54		1.500000e+00
1	1	4	15.80		2	2	2		2	1		1.00		2.54		1.500000e+00
1	1	5	21.56		3	3	3		3	1		1.00		3.29		5.000000e-01
1	1	6	26.33		3	4	4		4	1		1.00		3.40		5.000000e-01
1	1	7	31.11		2	2	2		2	1		1.00		2.55		5.000000e-01
1	1	8	35.88		1	1	1		1	1		1.00		2.55		2.500000e+00
1	1	9	42.66		3	4	4		4	1		1.00		2.65		2.500000e+00
1	1	10	49.44		2	1	1		1	1		1.00		2.66		1.500000e+00
1	1	11	55.20		1	1	1		1	1		1.00		2.21		1.500000e+00
1	1	12	60.99		4	4	4		3	0		1.00		2.72		5.000000e-01
1	1	13	65.75		2	1	1		NaN	NaN		1.00		NaN		5.500000e+00
1	1	14	75.52		4	4	4		4	1		1.00		3.07		5.500000e+00
1	1	15	85.30		4	4	4		4	1		1.00		2.55		5.000000e-01
1	1	16	90.06		3	3	3		3	1		1.00		2.74		2.500000e+00
1	1	17	96.84		4	4	4		4	1		1.00		2.22		2.500000e+00
1	1	18	103.62		4	4	4		3	0		1.00		2.19		3.500000e+00
1	1	19	111.39		2	2	2		1	0		1.00		2.11		4.500000e+00
1	1	20	120.17		4	4	4		4	1		1.00		2.67		5.000000e-01
1	1	21	124.94		1	2	2		2	1		1.00		2.83		2.500000e+00
1	1	22	131.70		3	3	3		3	1		1.00		2.76		5.000000e-01
1	1	23	136.47		3	3	3		3	1		1.00		2.14		1.500000e+00
1	1	24	142.23		3	3	3		3	1		1.00		0.54		1.500000e+00
1	1	25	148.01		3	4	4		3	0		1.00		0.78		2.500000e+00
1	1	26	154.78		1	1	1		2	0		1.00		2.80		1.500000e+00
1	1	27	160.56		3	4	4		4	1		1.00		2.97		5.000000e-01
1	1	28	165.33		3	4	4		4	1		1.00		2.75		5.000000e-01
1	1	29	170.09		2	2	2		2	1		1.00		2.68		5.000000e-01
1	1	30	174.86		3	3	3		4	0		1.00		2.30		5.000000e-01
1	1	31	179.62		2	2	2		2	1		1.00		2.60		5.000000e-01
1	1	32	184.39		3	4	4		4	1		1.00		2.75		5.000000e-01
1	1	33	189.15		4	4	4		4	1		1.00		2.56		5.000000e-01
1	1	34	193.92		1	1	1		1	1		1.00		2.64		4.500000e+00
1	1	35	202.68		1	1	1		1	1		1.00		2.57		5.000000e-01
1	1	36	207.45		4	3	3		3	1		1.00		3.54		2.500000e+00
1	1	37	214.21		2	2	2		2	1		1.00		2.63		1.500000e+00
1	1	38	219.98		2	2	2		2	1		1.00		0.57		5.000000e-01
1	1	39	224.74		1	1	1		1	1		1.00		3.67		5.000000e-01
1	1	40	229.51		4	3	3		3	1		1.00		2.74		5.000000e-01
1	1	41	234.27		4	4	4		4	1		1.00		3.03		8
1	1	42	246.54		3	3	3		3	1		1.00		2.83		1.500000e+00
1	1	43	252.30		2	2	2		2	1		1.00		2.70		2.500000e+00
1	1	44	259.07		2	2	2		2	1		1.00		2.68		5.000000e-01
1	1	45	263.83		3	3	3		3	1		1.00		2.81		5.000000e-01
1	1	46	268.60		2	2	2		2	1		1.00		3.04		5.000000e-01
1	1	47	273.36		2	2	2		2	1		1.00		2.48		1.500000e+00
1	1	48	279.13		3	3	3		3	1		1.00		2.73		1.500000e+00
1	1	49	284.89		1	1	1		1	1		1.00		2.90		8
1	1	50	297.17		2	2	2		2	1		1.00		2.49		5.000000e-01
1	1	51	301.94		4	4	4		3	0		1.00		3.09		5.500000e+00
1	1	52	311.72		4	3	3		3	1		1.00		2.78		5.500000e+00
1	1	53	321.50		1	1	1		1	1		1.00		2.77		5.000000e-01
1	1	54	326.27		2	1	1		1	1		1.00		2.48		5.000000e-01
1	1	55	331.05		2	2	2		2	1		1.00		2.48		5.000000e-01
1	1	56	335.83		1	1	1		1	1		1.00		3.10		3.500000e+00
1	1	57	343.59		4	4	4		4	1		1.00		3.02		1.500000e+00
1	1	58	349.38		3	3	3		3	1		1.00		2.93		5.000000e-01
1	1	59	354.14		1	1	1		1	1		1.00		2.76		5.000000e-01
1	1	60	358.91		4	4	4		4	1		1.00		3.42		5.000000e-01
1	1	61	363.67		1	2	2		2	1		1.00		2.62		4.500000e+00
1	1	62	372.44		4	3	3		3	1		1.00		2.94		5.000000e-01
1	1	63	377.20		1	1	1		1	1		1.00		2.68		1.500000e+00
1	1	64	382.97		4	3	3		3	1		1.00		2.74		5.000000e-01
1	1	65	387.75		3	4	4		NaN	NaN		1.00		NaN		1.500000e+00
1	1	66	393.52		4	3	3		3	1		1.00		2.96		1.500000e+00
1	1	67	399.30		4	4	4		3	0		1.00		3.58		1.500000e+00
1	1	68	405.06		2	2	2		2	1		1.00		2.52		1.500000e+00
1	1	69	410.83		3	3	3		NaN	NaN		1.00		NaN		3.500000e+00
1	1	70	418.61		1	1	1		1	1		1.00		2.77		5.000000e-01
1	1	71	423.37		4	3	3		3	1		1.00		3.02		1.500000e+00
1	1	72	429.16		2	1	1		1	1		1.00		2.40		1.500000e+00
1	1	73	434.92		1	1	1		1	1		1.00		2.96		5.500000e+00
1	1	74	444.69		1	1	1		1	1		1.00		2.36		3.500000e+00
1	1	75	452.47		1	1	1		1	1		1.00		3.60		5.000000e-01
1	1	76	457.23		4	3	3		NaN	NaN		1.00		NaN		3.500000e+00
1	1	77	465.01		1	2	2		2	1		1.00		2.48		3.500000e+00
1	1	78	472.80		1	1	1		1	1		1.00		2.45		3.500000e+00
1	1	79	480.56		2	2	2		2	1		1.00		2.55		5.000000e-01
1	1	80	485.34		3	4	4		NaN	NaN		1.00		NaN		5.000000e-01
1	1	81	490.11		2	2	2		2	1		1.00		2.53		5.000000e-01
1	1	82	494.87		1	2	2		2	1		1.00		2.53		4.500000e+00
1	1	83	503.65		2	2	2		2	1		1.00		3.37		4.500000e+00
1	1	84	512.42		3	3	3		3	1		1.00		2.87		5.000000e-01
1	1	85	517.20		1	1	1		2	0		1.00		3.07		2.500000e+00
1	1	86	523.98		2	1	1		1	1		1.00		3.03		1.500000e+00
1	1	87	529.75		3	3	3		3	1		1.00		3.23		5.000000e-01
1	1	88	534.53		1	1	1		1	1		1.00		2.87		5.000000e-01
1	1	89	539.29		3	3	3		3	1		1.00		2.98		5.500000e+00
1	1	90	549.06		4	4	4		4	1		1.00		3.46		1.500000e+00
1	1	91	554.84		2	2	2		2	1		1.00		3.24		3.500000e+00
1	1	92	562.61		3	4	4		4	1		1.00		2.70		3.500000e+00
1	1	93	570.39		4	3	3		3	1		1.00		2.64		5.000000e-01
1	1	94	575.15		4	4	4		4	1		1.00		2.35		1.500000e+00
1	1	95	580.92		2	2	2		2	1		1.00		2.53		5.500000e+00
1	1	96	590.70		3	4	4		4	1		1.00		3.55		5.000000e-01
1	1	97	595.46		2	2	2		2	1		1.00		3.05		2.500000e+00
1	1	98	602.24		1	1	1		NaN	NaN		1.00		NaN		5.000000e-01
1	1	99	607.01		4	3	3		3	1		1.00		3.18		5.000000e-01
1	1	100	611.78		1	1	1		1	1		1.00		2.90		5.000000e-01
1	2	101	0.50		2	2	2		2	1		8.00		9.66		5.000000e-01
1	2	102	13.28		3	3	3		NaN	0		8.00		NaN		3.500000e+00
1	2	103	29.05		3	4	4		4	1		8.00		10.60		5.000000e-01
1	2	104	41.83		4	3	3		3	1		8.00		10.18		5.000000e-01
1	2	105	54.61		4	4	4		4	1		4.00		6.47		5.000000e-01
1	2	106	63.37		1	1	1		1	1		8.00		9.93		5.000000e-01
1	2	107	76.15		3	4	4		3	0		8.00		11.23		5.000000e-01
1	2	108	88.93		1	1	1		1	1		8.00		9.87		4.500000e+00
1	2	109	105.69		3	3	3		3	1		4.00		6.53		5.500000e+00
1	2	110	119.47		2	2	2		2	1		8.00		10.33		1.500000e+00
1	2	111	133.25		2	2	2		2	1		6.00		8.00		6.500000e+00
1	2	112	150.01		3	3	3		3	1		8.00		10.73		5.500000e+00
1	2	113	167.79		1	1	1		1	1		8.00		10.03		2.500000e+00
1	2	114	182.57		2	2	2		2	1		4.00		6.40		3.500000e+00
1	2	115	194.34		1	1	1		1	1		4.00		5.90		2.500000e+00
1	2	116	205.12		1	1	1		2	0		4.00		6.08		1.500000e+00
1	2	117	214.90		4	4	4		3	0		6.00		8.91		3.500000e+00
1	2	118	228.66		4	3	3		4	0		8.00		9.65		5.000000e-01
1	2	119	241.44		3	4	4		4	1		8.00		10.58		5.000000e-01
1	2	120	254.22		1	2	2		2	1		6.00		8.01		4.500000e+00
1	2	121	268.98		3	4	4		3	0		6.00		8.26		5.000000e-01
1	2	122	279.76		2	2	2		2	1		8.00		10.14		8
1	2	123	300.03		4	4	4		4	1		6.00		8.46		8
1	2	124	318.29		4	4	4		4	1		4.00		5.44		3.500000e+00
1	2	125	330.07		2	2	2		2	1		6.00		7.69		5.000000e-01
1	2	126	340.83		3	3	3		3	1		6.00		8.08		1.500000e+00
1	2	127	352.61		1	1	1		1	1		4.00		5.44		7.500000e+00
1	2	128	368.39		2	1	1		1	1		4.00		2.25		8
1	2	129	384.67		4	4	4		4	1		8.00		1.47		5.000000e-01
1	2	130	397.45		1	1	1		1	1		8.00		0.95		2.500000e+00
1	2	131	412.21		3	4	4		2	0		4.00		1.01		5.000000e-01
1	2	132	420.99		3	3	3		3	1		4.00		0.90		4.500000e+00
1	2	133	433.77		1	1	1		1	1		6.00		0.91		5.500000e+00
1	2	134	449.54		2	2	2		2	1		6.00		1.45		5.000000e-01
1	2	135	460.32		2	2	2		2	1		8.00		0.62		1.500000e+00
1	2	136	474.10		1	1	1		1	1		4.00		1.19		5.000000e-01
1	2	137	482.86		3	3	3		3	1		4.00		1.27		3.500000e+00
1	2	138	494.64		4	4	4		4	1		8.00		0.92		1.500000e+00
1	2	139	508.42		4	3	3		4	0		4.00		0.71		5.000000e-01
1	2	140	517.19		2	2	2		2	1		4.00		6.91		3.500000e+00
1	2	141	528.97		2	1	1		2	0		6.00		0.84		5.000000e-01
1	2	142	539.75		2	1	1		2	0		8.00		0.78		3.500000e+00
1	2	143	555.51		4	4	4		4	1		4.00		0.71		5.000000e-01
1	2	144	564.29		4	3	3		4	0		6.00		0.82		1.500000e+00
1	2	145	576.07		4	3	3		3	1		6.00		1.37		1.500000e+00
1	2	146	587.83		1	1	1		2	0		6.00		1.40		1.500000e+00
1	2	147	599.61		1	1	1		1	1		4.00		0.63		5.000000e-01
1	2	148	608.39		1	2	2		1	0		8.00		1.21		1.500000e+00
1	2	149	622.16		3	3	3		3	1		4.00		2.27		1.500000e+00
1	2	150	631.94		4	3	3		4	0		4.00		0.82		3.500000e+00
1	2	151	643.72		3	3	3		3	1		8.00		0.59		1.500000e+00
1	2	152	657.48		3	3	3		3	1		8.00		1.83		4.500000e+00
1	2	153	674.26		4	4	4		4	1		6.00		1.76		4.500000e+00
1	2	154	689.04		2	2	2		2	1		4.00		1.50		8
1	2	155	705.32		4	4	4		4	1		4.00		0.87		8
1	2	156	721.58		3	3	3		2	0		6.00		1.62		1.500000e+00
1	2	157	733.36		3	3	3		3	1		6.00		1.02		6.500000e+00
1	2	158	750.12		2	2	2		2	1		4.00		0.71		6.500000e+00
1	2	159	764.90		2	2	2		2	1		4.00		1.41		5.000000e-01
1	2	160	773.68		1	1	1		1	1		8.00		1.08		3.500000e+00
1	2	161	789.45		1	1	1		1	1		6.00		0.97		2.500000e+00
1	2	162	802.23		1	2	2		1	0		6.00		0.83		2.500000e+00
1	2	163	815.01		4	3	3		3	1		4.00		6.43		8
1	2	164	831.29		4	4	4		4	1		8.00		10.54		6.500000e+00
1	2	165	850.06		1	1	1		1	1		6.00		1.01		1.500000e+00
1	2	166	861.83		2	1	1		2	0		8.00		1.05		5.000000e-01
1	2	167	874.61		2	2	2		2	1		4.00		0.74		8
1	2	168	890.87		3	4	4		3	0		6.00		7.83		7.500000e+00
1	2	169	908.65		2	2	2		2	1		6.00		1.37		1.500000e+00
1	2	170	920.41		1	2	2		1	0		4.00		0.96		1.500000e+00
1	2	171	930.19		1	1	1		1	1		4.00		0.78		1.500000e+00
1	2	172	939.97		2	2	2		2	1		8.00		1.20		8
1	2	173	960.25		3	3	3		3	1		6.00		1.10		4.500000e+00
1	2	174	975.03		3	4	4		4	1		4.00		6.32		8
1	2	175	991.31		4	4	4		4	1		8.00		9.89		1.500000e+00
1	2	176	1005.09		4	4	4		4	1		4.00		1.02		3.500000e+00
1	2	177	1016.85		2	2	2		2	1		6.00		0.79		3.500000e+00
1	2	178	1030.63		1	1	1		1	1		6.00		1.45		6.500000e+00
1	2	179	1047.41		3	4	4		2	0		6.00		1.93		5.000000e-01
1	2	180	1058.18		4	3	3		4	0		6.00		4.77		1.500000e+00
Block	Phase	Trial	RunningTime	Cue	Image	CorrResp	Resp	Accuracy	ISI	RT_from_CueOnset	ITI
2	1	1	0.51		1	1	1		1	1		1.00		2.58		5.000000e-01
2	1	2	5.29		4	3	3		3	1		1.00		3.34		1.500000e+00
2	1	3	11.05		3	4	4		4	1		1.00		2.47		5.000000e-01
2	1	4	15.82		3	3	3		4	0		1.00		1.35		5.000000e-01
2	1	5	20.58		1	2	2		1	0		1.00		1.31		4.500000e+00
2	1	6	29.35		4	4	4		3	0		1.00		2.68		3.500000e+00
2	1	7	37.13		4	4	4		4	1		1.00		2.59		1.500000e+00
2	1	8	42.89		3	3	3		3	1		1.00		2.23		3.500000e+00
2	1	9	50.68		4	4	4		4	1		1.00		2.62		5.000000e-01
2	1	10	55.44		2	2	2		2	1		1.00		2.37		5.000000e-01
2	1	11	60.21		3	3	3		3	1		1.00		2.88		1.500000e+00
2	1	12	65.97		4	3	3		3	1		1.00		2.97		2.500000e+00
2	1	13	72.74		1	1	1		1	1		1.00		2.18		1.500000e+00
2	1	14	78.50		3	4	4		4	1		1.00		2.66		3.500000e+00
2	1	15	86.27		4	4	4		4	1		1.00		3.03		8
2	1	16	98.53		3	3	3		3	1		1.00		2.26		5.000000e-01
2	1	17	103.30		1	1	1		1	1		1.00		2.94		1.500000e+00
2	1	18	109.06		3	3	3		3	1		1.00		2.76		5.500000e+00
2	1	19	118.84		4	4	4		4	1		1.00		2.77		5.500000e+00
2	1	20	128.61		3	3	3		3	1		1.00		2.73		1.500000e+00
2	1	21	134.39		3	4	4		4	1		1.00		3.44		5.000000e-01
2	1	22	139.15		3	3	3		3	1		1.00		2.43		2.500000e+00
2	1	23	145.92		1	1	1		1	1		1.00		2.21		2.500000e+00
2	1	24	152.68		3	3	3		3	1		1.00		3.12		5.000000e-01
2	1	25	157.45		2	2	2		2	1		1.00		2.18		5.000000e-01
2	1	26	162.23		1	2	2		1	0		1.00		1.18		5.000000e-01
2	1	27	166.99		4	4	4		4	1		1.00		2.56		1.500000e+00
2	1	28	172.78		4	3	3		3	1		1.00		2.74		1.500000e+00
2	1	29	178.54		2	2	2		2	1		1.00		2.13		5.000000e-01
2	1	30	183.31		1	2	2		1	0		1.00		1.11		3.500000e+00
2	1	31	191.09		2	1	1		2	0		1.00		1.53		5.500000e+00
2	1	32	200.85		4	3	3		3	1		1.00		2.58		3.500000e+00
2	1	33	208.63		4	4	4		4	1		1.00		3.39		5.000000e-01
2	1	34	213.40		3	3	3		2	0		1.00		3.03		5.000000e-01
2	1	35	218.16		3	4	4		4	1		1.00		2.43		5.000000e-01
2	1	36	222.93		1	2	2		NaN	NaN		1.00		NaN		4.500000e+00
2	1	37	231.69		3	3	3		3	1		1.00		2.35		5.000000e-01
2	1	38	236.46		3	3	3		3	1		1.00		2.13		5.000000e-01
2	1	39	241.23		1	1	1		1	1		1.00		1.15		5.500000e+00
2	1	40	251.01		2	1	1		2	0		1.00		0.83		5.000000e-01
2	1	41	255.77		2	2	2		1	0		1.00		2.11		4.500000e+00
2	1	42	264.55		4	4	4		4	1		1.00		3.25		5.500000e+00
2	1	43	274.33		1	2	2		2	1		1.00		2.27		3.500000e+00
2	1	44	282.10		2	1	1		1	1		1.00		2.41		5.000000e-01
2	1	45	286.88		4	4	4		4	1		1.00		2.43		5.000000e-01
2	1	46	291.65		3	3	3		3	1		1.00		2.36		5.000000e-01
2	1	47	296.41		2	2	2		2	1		1.00		3.04		5.000000e-01
2	1	48	301.18		2	2	2		2	1		1.00		2.50		5.000000e-01
2	1	49	305.94		1	2	2		NaN	NaN		1.00		NaN		3.500000e+00
2	1	50	313.71		4	3	3		3	1		1.00		2.48		5.000000e-01
2	1	51	318.47		1	1	1		1	1		1.00		2.57		2.500000e+00
2	1	52	325.24		1	2	2		2	1		1.00		2.50		5.000000e-01
2	1	53	330.00		3	3	3		3	1		1.00		2.52		2.500000e+00
2	1	54	336.78		2	1	1		1	1		1.00		2.58		5.500000e+00
2	1	55	346.55		2	2	2		2	1		1.00		2.49		4.500000e+00
2	1	56	355.33		4	3	3		3	1		1.00		2.45		5.000000e-01
2	1	57	360.09		1	2	2		2	1		1.00		2.64		4.500000e+00
2	1	58	368.86		3	3	3		3	1		1.00		2.52		5.000000e-01
2	1	59	373.64		1	1	1		1	1		1.00		2.75		5.000000e-01
2	1	60	378.41		4	4	4		4	1		1.00		2.93		5.000000e-01
2	1	61	383.19		2	1	1		NaN	NaN		1.00		NaN		2.500000e+00
2	1	62	389.97		2	2	2		2	1		1.00		2.38		5.000000e-01
2	1	63	394.74		4	4	4		NaN	NaN		1.00		NaN		5.500000e+00
2	1	64	404.52		3	4	4		4	1		1.00		2.40		5.000000e-01
2	1	65	409.28		3	3	3		4	0		1.00		1.23		1.500000e+00
2	1	66	415.05		2	2	2		2	1		1.00		2.55		5.000000e-01
2	1	67	419.81		1	1	1		1	1		1.00		1.16		5.000000e-01
2	1	68	424.58		1	2	2		2	1		1.00		2.72		5.000000e-01
2	1	69	429.34		1	2	2		1	0		1.00		3.34		5.000000e-01
2	1	70	434.11		4	3	3		3	1		1.00		2.50		5.000000e-01
2	1	71	438.87		4	4	4		4	1		1.00		3.37		1.500000e+00
2	1	72	444.64		3	4	4		NaN	NaN		1.00		NaN		1.500000e+00
2	1	73	450.42		2	1	1		1	1		1.00		2.62		1.500000e+00
2	1	74	456.19		4	4	4		NaN	NaN		1.00		NaN		5.000000e-01
2	1	75	460.97		4	3	3		3	1		1.00		2.43		5.000000e-01
2	1	76	465.73		2	2	2		2	1		1.00		3.13		2.500000e+00
2	1	77	472.50		1	1	1		1	1		1.00		2.57		5.000000e-01
2	1	78	477.26		1	1	1		1	1		1.00		2.48		5.000000e-01
2	1	79	482.03		2	1	1		NaN	NaN		1.00		NaN		1.500000e+00
2	1	80	487.81		1	1	1		1	1		1.00		1.34		8
2	1	81	500.09		1	1	1		1	1		1.00		2.24		5.000000e-01
2	1	82	504.86		4	4	4		NaN	NaN		1.00		NaN		1.500000e+00
2	1	83	510.62		2	1	1		1	1		1.00		2.46		1.500000e+00
2	1	84	516.39		2	1	1		NaN	NaN		1.00		NaN		1.500000e+00
2	1	85	522.15		3	3	3		NaN	NaN		1.00		NaN		1.500000e+00
2	1	86	527.93		3	3	3		NaN	NaN		1.00		NaN		1.500000e+00
2	1	87	533.70		4	4	4		4	1		1.00		2.39		2.500000e+00
2	1	88	540.48		2	1	1		1	1		1.00		2.58		5.000000e-01
2	1	89	545.25		2	2	2		2	1		1.00		2.40		5.000000e-01
2	1	90	550.01		1	1	1		1	1		1.00		2.13		3.500000e+00
2	1	91	557.79		1	2	2		2	1		1.00		3.71		1.500000e+00
2	1	92	563.56		3	3	3		3	1		1.00		2.46		5.000000e-01
2	1	93	568.34		2	1	1		1	1		1.00		2.42		1.500000e+00
2	1	94	574.12		3	4	4		4	1		1.00		2.68		2.500000e+00
2	1	95	580.89		2	2	2		2	1		1.00		2.52		1.500000e+00
2	1	96	586.67		4	4	4		4	1		1.00		2.44		5.000000e-01
2	1	97	591.43		4	4	4		NaN	NaN		1.00		NaN		5.000000e-01
2	1	98	596.20		2	1	1		1	1		1.00		2.50		3.500000e+00
2	1	99	603.98		1	2	2		2	1		1.00		2.33		2.500000e+00
2	1	100	610.75		2	1	1		1	1		1.00		2.29		1.500000e+00
2	2	101	0.51		3	4	4		4	1		8.00		10.14		5.000000e-01
2	2	102	13.27		4	4	4		3	0		4.00		6.28		3.500000e+00
2	2	103	25.05		3	3	3		4	0		4.00		1.64		3.500000e+00
2	2	104	36.82		3	4	4		3	0		6.00		1.57		7.500000e+00
2	2	105	54.60		2	2	2		2	1		8.00		9.82		8
2	2	106	74.86		4	3	3		3	1		8.00		10.07		5.000000e-01
2	2	107	87.64		2	2	2		2	1		6.00		1.50		1.500000e+00
2	2	108	99.40		2	1	1		2	0		4.00		6.36		3.500000e+00
2	2	109	111.18		2	2	2		2	1		4.00		3.05		5.000000e-01
2	2	110	119.96		2	2	2		1	0		4.00		1.36		3.500000e+00
2	2	111	131.73		3	4	4		4	1		4.00		1.74		5.000000e-01
2	2	112	140.51		1	1	1		1	1		8.00		1.12		4.500000e+00
2	2	113	157.29		1	1	1		1	1		8.00		1.29		3.500000e+00
2	2	114	173.05		3	3	3		4	0		6.00		3.17		1.500000e+00
2	2	115	184.83		4	3	3		2	0		8.00		1.41		5.000000e-01
2	2	116	197.61		1	2	2		1	0		4.00		0.95		1.500000e+00
2	2	117	207.37		2	1	1		2	0		8.00		1.20		1.500000e+00
2	2	118	221.15		3	4	4		3	0		6.00		1.69		5.000000e-01
2	2	119	231.93		2	1	1		2	0		8.00		0.98		3.500000e+00
2	2	120	247.70		1	2	2		1	0		4.00		1.45		1.500000e+00
2	2	121	257.48		3	3	3		3	1		6.00		8.48		5.000000e-01
2	2	122	268.26		4	4	4		4	1		6.00		7.95		1.500000e+00
2	2	123	280.02		4	3	3		4	0		4.00		6.11		5.000000e-01
2	2	124	288.80		2	1	1		2	0		8.00		1.70		5.000000e-01
2	2	125	301.58		4	4	4		2	0		4.00		1.68		8
2	2	126	317.86		4	3	3		3	1		4.00		1.94		8
2	2	127	334.12		3	3	3		4	0		6.00		8.68		4.500000e+00
2	2	128	348.90		3	4	4		4	1		8.00		3.80		5.000000e-01
2	2	129	361.67		1	2	2		1	0		6.00		1.63		1.500000e+00
2	2	130	373.45		1	2	2		1	0		6.00		1.24		2.500000e+00
2	2	131	386.23		4	3	3		3	1		6.00		8.03		1.500000e+00
2	2	132	397.99		3	3	3		4	0		8.00		9.81		4.500000e+00
2	2	133	414.77		2	2	2		2	1		6.00		7.36		6.500000e+00
2	2	134	431.55		1	2	2		1	0		6.00		2.36		4.500000e+00
2	2	135	446.31		2	2	2		1	0		6.00		9.00		5.000000e-01
2	2	136	457.09		2	2	2		NaN	0		8.00		NaN		8
2	2	137	477.35		1	2	2		1	0		8.00		11.14		2.500000e+00
2	2	138	492.13		4	4	4		4	1		8.00		10.23		5.000000e-01
2	2	139	504.89		3	3	3		3	1		4.00		6.73		1.500000e+00
2	2	140	514.68		4	3	3		3	1		4.00		6.24		3.500000e+00
2	2	141	526.46		1	2	2		1	0		8.00		10.14		2.500000e+00
2	2	142	541.22		4	4	4		4	1		4.00		6.22		5.000000e-01
2	2	143	550.00		4	4	4		4	1		6.00		8.12		8
2	2	144	568.26		1	1	1		1	1		8.00		10.02		5.000000e-01
2	2	145	581.04		1	1	1		1	1		4.00		6.19		5.000000e-01
2	2	146	589.81		4	3	3		3	1		6.00		8.04		1.500000e+00
2	2	147	601.59		4	4	4		4	1		8.00		2.38		6.500000e+00
2	2	148	620.36		2	1	1		2	0		4.00		3.01		8
2	2	149	636.64		4	4	4		3	0		6.00		1.39		3.500000e+00
2	2	150	650.42		3	3	3		4	0		8.00		10.17		1.500000e+00
2	2	151	664.19		3	3	3		3	1		6.00		7.90		6.500000e+00
2	2	152	680.97		1	1	1		1	1		4.00		6.13		2.500000e+00
2	2	153	691.75		2	1	1		1	1		6.00		7.74		5.000000e-01
2	2	154	702.51		4	4	4		4	1		4.00		6.50		3.500000e+00
2	2	155	714.29		4	4	4		4	1		8.00		10.31		5.000000e-01
2	2	156	727.07		2	2	2		2	1		8.00		10.19		1.500000e+00
2	2	157	740.83		1	1	1		1	1		6.00		8.27		6.500000e+00
2	2	158	757.61		2	2	2		2	1		4.00		1.56		8
2	2	159	773.87		3	3	3		3	1		8.00		3.56		3.500000e+00
2	2	160	789.65		1	2	2		2	1		8.00		10.05		1.500000e+00
2	2	161	803.42		4	4	4		4	1		8.00		10.80		1.500000e+00
2	2	162	817.20		1	1	1		1	1		6.00		7.88		5.500000e+00
2	2	163	832.98		4	4	4		4	1		6.00		7.97		4.500000e+00
2	2	164	847.74		2	1	1		2	0		8.00		1.60		5.000000e-01
2	2	165	860.52		2	1	1		1	1		6.00		8.33		5.000000e-01
2	2	166	871.30		2	1	1		2	0		6.00		1.76		3.500000e+00
2	2	167	885.06		3	3	3		4	0		4.00		6.01		4.500000e+00
2	2	168	897.84		2	1	1		NaN	0		4.00		NaN		8
2	2	169	914.10		3	3	3		3	1		8.00		6.54		5.500000e+00
2	2	170	931.88		3	3	3		3	1		8.00		10.24		5.000000e-01
2	2	171	944.65		1	2	2		1	0		6.00		1.14		1.500000e+00
2	2	172	956.43		1	1	1		1	1		6.00		1.56		2.500000e+00
2	2	173	969.21		3	3	3		4	0		4.00		6.55		5.500000e+00
2	2	174	982.97		3	3	3		3	1		6.00		1.25		1.500000e+00
2	2	175	994.75		1	1	1		1	1		4.00		5.79		5.000000e-01
2	2	176	1003.53		3	4	4		4	1		4.00		2.32		8
2	2	177	1019.81		1	2	2		2	1		4.00		1.66		7.500000e+00
2	2	178	1035.59		2	2	2		2	1		4.00		5.99		6.500000e+00
2	2	179	1050.35		1	1	1		1	1		4.00		1.47		1.500000e+00
2	2	180	1060.13		4	4	4		3	0		8.00		2.26		1.500000e+00
