*********************************************
* Combray
* Date/Time: 14-Oct-2015 13:25:35
* Seed: 211132.116
* Subject Number: 22
* Subject Name: HH
*********************************************

Block	Phase	Trial	RunningTime	Cue	Image	CorrResp	Resp	Accuracy	ISI	RT_from_CueOnset	ITI
1	1	1	0.52		2	2	2		2	1		1.00		2.93		5.000000e-01
1	1	2	5.28		2	2	2		2	1		1.00		2.41		5.000000e-01
1	1	3	10.05		4	3	3		3	1		1.00		2.99		4.500000e+00
1	1	4	18.82		3	4	4		4	1		1.00		2.41		5.000000e-01
1	1	5	23.58		1	1	1		1	1		1.00		1.11		3.500000e+00
1	1	6	31.35		2	2	2		2	1		1.00		0.74		3.500000e+00
1	1	7	39.12		2	1	1		2	0		1.00		0.86		1.500000e+00
1	1	8	44.88		4	3	3		3	1		1.00		2.58		1.500000e+00
1	1	9	50.65		4	3	3		3	1		1.00		2.37		5.000000e-01
1	1	10	55.42		4	3	3		3	1		1.00		0.85		5.000000e-01
1	1	11	60.19		4	4	4		4	1		1.00		2.50		3.500000e+00
1	1	12	67.95		4	3	3		4	0		1.00		0.88		3.500000e+00
1	1	13	75.72		2	2	2		2	1		1.00		1.27		5.000000e-01
1	1	14	80.49		3	3	3		3	1		1.00		2.69		8
1	1	15	92.76		1	1	1		1	1		1.00		2.59		1.500000e+00
1	1	16	98.52		4	4	4		4	1		1.00		2.55		3.500000e+00
1	1	17	106.29		3	3	3		3	1		1.00		2.52		2.500000e+00
1	1	18	113.06		4	4	4		4	1		1.00		2.46		5.000000e-01
1	1	19	117.82		3	4	4		4	1		1.00		3.21		5.000000e-01
1	1	20	122.59		3	3	3		3	1		1.00		2.33		5.000000e-01
1	1	21	127.36		2	2	2		2	1		1.00		1.09		1.500000e+00
1	1	22	133.12		4	4	4		4	1		1.00		1.35		5.000000e-01
1	1	23	137.89		1	2	2		2	1		1.00		2.72		2.500000e+00
1	1	24	144.66		3	4	4		4	1		1.00		2.85		1.500000e+00
1	1	25	150.42		3	3	3		3	1		1.00		2.40		1.500000e+00
1	1	26	156.19		1	2	2		2	1		1.00		2.58		5.000000e-01
1	1	27	160.96		2	1	1		2	0		1.00		0.87		5.000000e-01
1	1	28	165.73		4	3	3		4	0		1.00		1.26		5.000000e-01
1	1	29	170.49		3	3	3		3	1		1.00		2.18		4.500000e+00
1	1	30	179.26		2	2	2		2	1		1.00		2.63		1.500000e+00
1	1	31	185.03		2	1	1		2	0		1.00		0.94		5.500000e+00
1	1	32	194.79		4	4	4		4	1		1.00		1.01		2.500000e+00
1	1	33	201.56		2	2	2		2	1		1.00		2.45		1.500000e+00
1	1	34	207.33		1	1	1		1	1		1.00		2.54		2.500000e+00
1	1	35	214.10		1	1	1		1	1		1.00		0.96		5.500000e+00
1	1	36	223.86		1	1	1		1	1		1.00		0.66		1.500000e+00
1	1	37	229.63		1	2	2		1	0		1.00		0.79		1.500000e+00
1	1	38	235.40		2	2	2		2	1		1.00		1.39		5.500000e+00
1	1	39	245.17		2	1	1		2	0		1.00		1.24		5.000000e-01
1	1	40	249.93		3	4	4		4	1		1.00		2.46		1.500000e+00
1	1	41	255.70		4	3	3		4	0		1.00		1.04		2.500000e+00
1	1	42	262.47		4	4	4		4	1		1.00		1.16		5.000000e-01
1	1	43	267.23		2	1	1		1	1		1.00		1.86		4.500000e+00
1	1	44	276.00		1	1	1		1	1		1.00		2.31		5.000000e-01
1	1	45	280.77		4	4	4		4	1		1.00		1.48		5.000000e-01
1	1	46	285.53		3	3	3		3	1		1.00		2.22		5.000000e-01
1	1	47	290.30		4	3	3		NaN	NaN		1.00		NaN		1.500000e+00
1	1	48	296.07		4	4	4		4	1		1.00		0.83		5.000000e-01
1	1	49	300.84		1	2	2		1	0		1.00		1.63		5.000000e-01
1	1	50	305.60		4	4	4		4	1		1.00		0.86		5.000000e-01
1	1	51	310.37		3	4	4		4	1		1.00		2.48		1.500000e+00
1	1	52	316.14		1	1	1		1	1		1.00		2.62		5.000000e-01
1	1	53	320.90		3	4	4		4	1		1.00		2.44		5.000000e-01
1	1	54	325.67		2	1	1		2	0		1.00		1.22		1.500000e+00
1	1	55	331.44		2	2	2		1	0		1.00		0.88		5.000000e-01
1	1	56	336.21		1	1	1		1	1		1.00		2.47		5.000000e-01
1	1	57	340.97		3	4	4		4	1		1.00		2.41		5.000000e-01
1	1	58	345.74		1	1	1		1	1		1.00		2.23		5.000000e-01
1	1	59	350.51		2	1	1		1	1		1.00		2.43		5.000000e-01
1	1	60	355.27		2	2	2		2	1		1.00		2.66		5.000000e-01
1	1	61	360.04		1	2	2		2	1		1.00		2.31		5.000000e-01
1	1	62	364.81		1	2	2		2	1		1.00		2.32		3.500000e+00
1	1	63	372.57		1	1	1		2	0		1.00		0.59		1.500000e+00
1	1	64	378.34		3	4	4		3	0		1.00		1.44		5.500000e+00
1	1	65	388.11		1	1	1		1	1		1.00		2.62		5.000000e-01
1	1	66	392.88		3	3	3		4	0		1.00		1.35		1.500000e+00
1	1	67	398.64		1	2	2		2	1		1.00		2.30		5.000000e-01
1	1	68	403.41		4	4	4		4	1		1.00		0.81		1.500000e+00
1	1	69	409.18		4	3	3		4	0		1.00		0.94		5.000000e-01
1	1	70	413.94		3	4	4		4	1		1.00		2.15		5.000000e-01
1	1	71	418.71		3	3	3		4	0		1.00		1.84		1.500000e+00
1	1	72	424.48		1	1	1		1	1		1.00		2.82		5.000000e-01
1	1	73	429.24		1	1	1		1	1		1.00		2.40		3.500000e+00
1	1	74	437.01		3	3	3		3	1		1.00		2.39		5.500000e+00
1	1	75	446.78		2	2	2		1	0		1.00		1.83		5.000000e-01
1	1	76	451.55		1	1	1		1	1		1.00		2.35		5.500000e+00
1	1	77	461.31		1	1	1		1	1		1.00		2.41		5.000000e-01
1	1	78	466.08		2	2	2		2	1		1.00		2.40		2.500000e+00
1	1	79	472.85		4	3	3		NaN	NaN		1.00		NaN		5.000000e-01
1	1	80	477.61		4	4	4		4	1		1.00		2.44		1.500000e+00
1	1	81	483.38		2	2	2		1	0		1.00		1.47		5.000000e-01
1	1	82	488.15		2	1	1		1	1		1.00		2.21		1.500000e+00
1	1	83	493.92		3	4	4		4	1		1.00		2.46		1.500000e+00
1	1	84	499.68		1	2	2		2	1		1.00		2.49		2.500000e+00
1	1	85	506.45		4	3	3		4	0		1.00		0.74		4.500000e+00
1	1	86	515.22		1	2	2		2	1		1.00		2.37		5.000000e-01
1	1	87	519.98		2	1	1		1	1		1.00		2.36		8
1	1	88	532.25		4	4	4		4	1		1.00		0.97		1.500000e+00
1	1	89	538.02		4	3	3		3	1		1.00		2.19		2.500000e+00
1	1	90	544.79		2	1	1		1	1		1.00		2.38		2.500000e+00
1	1	91	551.55		2	2	2		2	1		1.00		0.66		4.500000e+00
1	1	92	560.32		3	4	4		4	1		1.00		2.45		3.500000e+00
1	1	93	568.09		2	2	2		2	1		1.00		1.31		5.500000e+00
1	1	94	577.85		3	3	3		4	0		1.00		1.96		5.000000e-01
1	1	95	582.62		3	4	4		4	1		1.00		2.17		5.000000e-01
1	1	96	587.39		1	2	2		2	1		1.00		2.32		5.000000e-01
1	1	97	592.16		3	3	3		3	1		1.00		1.02		3.500000e+00
1	1	98	599.92		3	3	3		4	0		1.00		1.86		5.000000e-01
1	1	99	604.69		4	3	3		4	0		1.00		0.90		5.000000e-01
1	1	100	609.46		3	3	3		3	1		1.00		2.24		2.500000e+00
1	2	101	0.50		4	4	4		4	1		4.00		1.36		1.500000e+00
1	2	102	10.27		4	3	3		4	0		8.00		1.27		5.000000e-01
1	2	103	23.04		4	3	3		3	1		6.00		8.02		6.500000e+00
1	2	104	39.81		2	2	2		2	1		4.00		0.92		3.500000e+00
1	2	105	51.57		1	1	1		1	1		4.00		7.27		4.500000e+00
1	2	106	64.34		2	2	2		2	1		6.00		1.03		4.500000e+00
1	2	107	79.11		2	2	2		2	1		6.00		0.82		3.500000e+00
1	2	108	92.88		3	3	3		3	1		4.00		6.23		5.500000e+00
1	2	109	106.64		3	4	4		4	1		8.00		1.23		5.000000e-01
1	2	110	119.41		1	1	1		2	0		8.00		11.24		6.500000e+00
1	2	111	138.18		1	2	2		2	1		4.00		7.30		1.500000e+00
1	2	112	147.95		2	1	1		2	0		8.00		0.90		7.500000e+00
1	2	113	167.71		3	4	4		4	1		6.00		8.44		2.500000e+00
1	2	114	180.48		3	3	3		4	0		8.00		1.79		5.000000e-01
1	2	115	193.25		2	1	1		2	0		4.00		1.43		8
1	2	116	209.52		2	2	2		1	0		6.00		2.65		8
1	2	117	227.78		4	4	4		4	1		8.00		0.99		6.500000e+00
1	2	118	246.55		3	3	3		4	0		6.00		2.42		1.500000e+00
1	2	119	258.32		3	4	4		4	1		4.00		2.42		3.500000e+00
1	2	120	270.09		4	4	4		3	0		6.00		1.84		3.500000e+00
1	2	121	283.85		1	2	2		2	1		8.00		10.44		2.500000e+00
1	2	122	298.62		1	1	1		2	0		8.00		1.22		1.500000e+00
1	2	123	312.39		1	2	2		2	1		6.00		1.48		5.000000e-01
1	2	124	323.16		3	3	3		3	1		4.00		1.93		1.500000e+00
1	2	125	332.92		1	1	1		2	0		6.00		2.32		8
1	2	126	351.19		1	1	1		2	0		4.00		6.38		3.500000e+00
1	2	127	362.96		4	3	3		4	0		4.00		1.47		1.500000e+00
1	2	128	372.73		2	2	2		2	1		6.00		1.75		1.500000e+00
1	2	129	384.50		4	3	3		4	0		6.00		1.62		6.500000e+00
1	2	130	401.26		2	2	2		2	1		8.00		1.36		8
1	2	131	421.53		2	2	2		2	1		4.00		1.24		1.500000e+00
1	2	132	431.30		3	3	3		4	0		4.00		2.34		3.500000e+00
1	2	133	443.07		2	2	2		2	1		4.00		2.09		4.500000e+00
1	2	134	455.83		4	4	4		4	1		8.00		9.91		1.500000e+00
1	2	135	469.60		4	3	3		4	0		6.00		2.77		6.500000e+00
1	2	136	486.37		4	3	3		3	1		4.00		1.50		1.500000e+00
1	2	137	496.14		2	1	1		2	0		6.00		0.99		3.500000e+00
1	2	138	509.90		3	3	3		4	0		6.00		8.92		4.500000e+00
1	2	139	524.67		2	1	1		2	0		8.00		0.86		5.000000e-01
1	2	140	537.44		1	2	2		2	1		6.00		2.33		8
1	2	141	555.71		2	1	1		2	0		8.00		2.19		8
1	2	142	575.97		2	2	2		2	1		4.00		1.88		1.500000e+00
1	2	143	585.74		3	3	3		4	0		8.00		2.31		5.000000e-01
1	2	144	598.51		4	4	4		4	1		8.00		1.49		5.000000e-01
1	2	145	611.28		4	4	4		4	1		8.00		1.58		1.500000e+00
1	2	146	625.04		1	1	1		1	1		6.00		8.30		5.000000e-01
1	2	147	635.81		1	2	2		NaN	0		4.00		NaN		1.500000e+00
1	2	148	645.58		4	4	4		4	1		6.00		0.82		3.500000e+00
1	2	149	659.35		4	3	3		4	0		4.00		1.59		1.500000e+00
1	2	150	669.11		2	1	1		2	0		4.00		1.70		5.000000e-01
1	2	151	677.88		4	3	3		4	0		4.00		1.91		1.500000e+00
1	2	152	687.65		3	4	4		4	1		8.00		9.66		5.000000e-01
1	2	153	700.42		1	1	1		1	1		6.00		8.19		3.500000e+00
1	2	154	714.18		1	1	1		2	0		8.00		10.33		5.000000e-01
1	2	155	726.95		2	2	2		1	0		8.00		2.09		3.500000e+00
1	2	156	742.72		3	4	4		3	0		6.00		1.62		5.000000e-01
1	2	157	753.49		1	1	1		1	1		4.00		7.44		5.000000e-01
1	2	158	762.25		3	4	4		4	1		4.00		5.67		2.500000e+00
1	2	159	773.02		4	3	3		3	1		8.00		2.52		5.000000e-01
1	2	160	785.79		2	2	2		2	1		8.00		2.60		5.000000e-01
1	2	161	798.56		4	4	4		4	1		6.00		1.31		7.500000e+00
1	2	162	816.32		3	3	3		3	1		6.00		8.44		4.500000e+00
1	2	163	831.09		2	1	1		2	0		4.00		1.96		1.500000e+00
1	2	164	840.86		4	4	4		4	1		8.00		1.65		5.000000e-01
1	2	165	853.63		4	3	3		3	1		8.00		2.28		2.500000e+00
1	2	166	868.39		3	3	3		3	1		8.00		10.10		5.500000e+00
1	2	167	886.16		1	1	1		1	1		6.00		8.53		5.000000e-01
1	2	168	896.93		1	1	1		1	1		8.00		9.72		8
1	2	169	917.20		3	4	4		4	1		4.00		2.52		3.500000e+00
1	2	170	928.96		2	1	1		2	0		6.00		2.27		8
1	2	171	947.23		3	4	4		4	1		6.00		7.99		1.500000e+00
1	2	172	959.00		1	2	2		2	1		6.00		8.77		8
1	2	173	977.27		1	2	2		2	1		8.00		1.44		5.000000e-01
1	2	174	990.04		2	2	2		2	1		8.00		10.22		1.500000e+00
1	2	175	1003.80		1	2	2		1	0		4.00		1.84		5.000000e-01
1	2	176	1012.57		3	4	4		4	1		8.00		9.84		5.000000e-01
1	2	177	1025.34		4	4	4		3	0		4.00		4.20		5.500000e+00
1	2	178	1039.11		3	4	4		3	0		8.00		2.00		5.000000e-01
1	2	179	1051.87		1	1	1		2	0		4.00		6.97		2.500000e+00
1	2	180	1062.64		3	3	3		3	1		6.00		8.19		4.500000e+00
Block	Phase	Trial	RunningTime	Cue	Image	CorrResp	Resp	Accuracy	ISI	RT_from_CueOnset	ITI
2	1	1	0.51		2	2	2		2	1		1.00		2.43		1.500000e+00
2	1	2	6.28		3	3	3		3	1		1.00		2.64		5.000000e-01
2	1	3	11.05		4	3	3		3	1		1.00		2.36		4.500000e+00
2	1	4	19.82		4	4	4		4	1		1.00		2.37		3.500000e+00
2	1	5	27.58		1	2	2		2	1		1.00		2.52		5.000000e-01
2	1	6	32.35		2	2	2		2	1		1.00		2.20		1.500000e+00
2	1	7	38.12		2	2	2		2	1		1.00		2.20		5.000000e-01
2	1	8	42.88		3	3	3		3	1		1.00		2.45		5.000000e-01
2	1	9	47.65		3	4	4		4	1		1.00		2.52		5.000000e-01
2	1	10	52.42		4	4	4		4	1		1.00		2.38		1.500000e+00
2	1	11	58.18		1	1	1		1	1		1.00		2.53		2.500000e+00
2	1	12	64.95		3	4	4		4	1		1.00		2.40		5.000000e-01
2	1	13	69.72		4	3	3		4	0		1.00		0.88		5.000000e-01
2	1	14	74.49		3	3	3		3	1		1.00		2.38		8
2	1	15	86.75		1	2	2		2	1		1.00		2.41		5.000000e-01
2	1	16	91.52		1	1	1		1	1		1.00		2.42		5.000000e-01
2	1	17	96.29		2	2	2		2	1		1.00		1.46		5.000000e-01
2	1	18	101.05		1	1	1		1	1		1.00		2.35		1.500000e+00
2	1	19	106.82		3	3	3		3	1		1.00		2.41		5.500000e+00
2	1	20	116.59		1	1	1		1	1		1.00		2.33		5.000000e-01
2	1	21	121.36		4	4	4		4	1		1.00		2.31		5.000000e-01
2	1	22	126.12		1	1	1		2	0		1.00		2.11		3.500000e+00
2	1	23	133.89		3	3	3		3	1		1.00		0.79		3.500000e+00
2	1	24	141.66		4	3	3		3	1		1.00		0.92		5.000000e-01
2	1	25	146.42		4	4	4		3	0		1.00		1.13		5.000000e-01
2	1	26	151.19		3	3	3		3	1		1.00		2.32		2.500000e+00
2	1	27	157.96		2	2	2		2	1		1.00		1.33		1.500000e+00
2	1	28	163.73		3	4	4		4	1		1.00		2.56		5.000000e-01
2	1	29	168.49		4	3	3		3	1		1.00		2.40		5.000000e-01
2	1	30	173.26		3	3	3		3	1		1.00		2.66		1.500000e+00
2	1	31	179.03		3	3	3		3	1		1.00		2.35		1.500000e+00
2	1	32	184.79		1	1	1		1	1		1.00		2.46		5.500000e+00
2	1	33	194.56		4	4	4		4	1		1.00		2.75		1.500000e+00
2	1	34	200.33		1	1	1		1	1		1.00		2.24		5.500000e+00
2	1	35	210.10		2	2	2		2	1		1.00		1.81		5.500000e+00
2	1	36	219.86		1	1	1		2	0		1.00		0.81		1.500000e+00
2	1	37	225.63		4	3	3		3	1		1.00		2.34		1.500000e+00
2	1	38	231.40		2	2	2		2	1		1.00		1.07		5.000000e-01
2	1	39	236.16		2	1	1		2	0		1.00		0.60		2.500000e+00
2	1	40	242.93		3	3	3		3	1		1.00		2.30		5.000000e-01
2	1	41	247.70		2	1	1		1	1		1.00		2.53		8
2	1	42	259.96		2	2	2		2	1		1.00		2.30		5.000000e-01
2	1	43	264.73		1	1	1		1	1		1.00		2.81		1.500000e+00
2	1	44	270.50		4	4	4		4	1		1.00		2.59		5.000000e-01
2	1	45	275.27		4	3	3		3	1		1.00		0.80		5.000000e-01
2	1	46	280.03		3	3	3		3	1		1.00		2.24		4.500000e+00
2	1	47	288.80		3	4	4		3	0		1.00		0.99		5.000000e-01
2	1	48	293.57		4	3	3		3	1		1.00		2.41		4.500000e+00
2	1	49	302.33		4	4	4		4	1		1.00		2.56		3.500000e+00
2	1	50	310.10		1	2	2		2	1		1.00		2.53		2.500000e+00
2	1	51	316.87		2	2	2		2	1		1.00		2.25		1.500000e+00
2	1	52	322.64		1	1	1		1	1		1.00		2.43		3.500000e+00
2	1	53	330.40		2	2	2		2	1		1.00		1.10		5.000000e-01
2	1	54	335.17		3	3	3		3	1		1.00		1.27		2.500000e+00
2	1	55	341.94		2	1	1		2	0		1.00		0.91		5.000000e-01
2	1	56	346.70		2	2	2		2	1		1.00		2.34		5.000000e-01
2	1	57	351.47		3	4	4		4	1		1.00		2.41		1.500000e+00
2	1	58	357.24		1	1	1		1	1		1.00		2.24		3.500000e+00
2	1	59	365.01		4	3	3		3	1		1.00		2.46		2.500000e+00
2	1	60	371.77		3	3	3		3	1		1.00		2.70		3.500000e+00
2	1	61	379.54		4	4	4		4	1		1.00		2.40		5.000000e-01
2	1	62	384.31		3	3	3		3	1		1.00		2.40		1.500000e+00
2	1	63	390.07		2	1	1		1	1		1.00		2.39		5.000000e-01
2	1	64	394.84		3	3	3		3	1		1.00		2.40		1.500000e+00
2	1	65	400.61		1	1	1		2	0		1.00		1.15		5.000000e-01
2	1	66	405.38		1	1	1		2	0		1.00		2.21		5.000000e-01
2	1	67	410.14		1	1	1		1	1		1.00		2.31		5.000000e-01
2	1	68	414.91		2	2	2		NaN	NaN		1.00		NaN		5.000000e-01
2	1	69	419.68		1	2	2		2	1		1.00		2.45		5.000000e-01
2	1	70	424.44		1	1	1		1	1		1.00		2.33		1.500000e+00
2	1	71	430.21		2	2	2		2	1		1.00		2.39		4.500000e+00
2	1	72	438.98		1	2	2		1	0		1.00		0.85		5.000000e-01
2	1	73	443.74		4	4	4		4	1		1.00		2.47		1.500000e+00
2	1	74	449.51		2	1	1		1	1		1.00		2.41		1.500000e+00
2	1	75	455.28		1	1	1		1	1		1.00		2.43		5.000000e-01
2	1	76	460.04		4	4	4		4	1		1.00		2.36		5.000000e-01
2	1	77	464.81		2	2	2		2	1		1.00		2.31		1.500000e+00
2	1	78	470.58		3	3	3		3	1		1.00		2.38		1.500000e+00
2	1	79	476.35		3	3	3		3	1		1.00		2.41		5.000000e-01
2	1	80	481.11		2	2	2		2	1		1.00		2.30		4.500000e+00
2	1	81	489.88		3	3	3		3	1		1.00		2.39		5.000000e-01
2	1	82	494.65		4	4	4		4	1		1.00		2.38		1.500000e+00
2	1	83	500.41		2	2	2		3	0		1.00		2.75		5.000000e-01
2	1	84	505.18		4	4	4		4	1		1.00		2.24		5.000000e-01
2	1	85	509.95		3	3	3		3	1		1.00		2.35		1.500000e+00
2	1	86	515.72		4	4	4		4	1		1.00		0.92		2.500000e+00
2	1	87	522.48		4	4	4		4	1		1.00		0.66		3.500000e+00
2	1	88	530.25		4	4	4		4	1		1.00		0.71		5.000000e-01
2	1	89	535.02		3	4	4		4	1		1.00		2.52		5.000000e-01
2	1	90	539.78		1	1	1		1	1		1.00		2.36		5.000000e-01
2	1	91	544.55		2	2	2		2	1		1.00		2.42		5.500000e+00
2	1	92	554.32		4	4	4		4	1		1.00		2.42		2.500000e+00
2	1	93	561.08		3	4	4		4	1		1.00		2.60		5.500000e+00
2	1	94	570.85		4	4	4		4	1		1.00		1.38		5.000000e-01
2	1	95	575.62		2	2	2		2	1		1.00		2.43		2.500000e+00
2	1	96	582.39		2	2	2		2	1		1.00		2.31		3.500000e+00
2	1	97	590.15		2	2	2		2	1		1.00		0.65		5.500000e+00
2	1	98	599.92		1	1	1		1	1		1.00		1.32		5.000000e-01
2	1	99	604.69		1	1	1		1	1		1.00		1.20		5.000000e-01
2	1	100	609.46		1	1	1		1	1		1.00		0.92		2.500000e+00
2	2	101	0.52		1	1	1		1	1		8.00		11.01		8
2	2	102	20.78		2	2	2		2	1		4.00		6.80		1.500000e+00
2	2	103	30.55		1	1	1		1	1		4.00		6.95		5.000000e-01
2	2	104	39.32		2	2	2		2	1		4.00		0.75		3.500000e+00
2	2	105	51.09		1	1	1		1	1		6.00		0.88		5.000000e-01
2	2	106	61.85		2	2	2		2	1		4.00		0.88		8
2	2	107	78.12		4	4	4		4	1		6.00		1.25		7.500000e+00
2	2	108	95.89		1	2	2		1	0		8.00		0.86		2.500000e+00
2	2	109	110.65		2	2	2		2	1		4.00		0.83		1.500000e+00
2	2	110	120.42		4	4	4		4	1		8.00		1.12		2.500000e+00
2	2	111	135.19		1	1	1		1	1		4.00		0.92		2.500000e+00
2	2	112	145.96		3	4	4		3	0		6.00		9.01		2.500000e+00
2	2	113	158.72		1	2	2		1	0		6.00		0.94		8
2	2	114	176.99		3	4	4		4	1		8.00		10.12		5.000000e-01
2	2	115	189.76		4	4	4		4	1		8.00		3.68		6.500000e+00
2	2	116	208.53		1	1	1		1	1		6.00		3.54		5.000000e-01
2	2	117	219.30		3	3	3		4	0		8.00		1.60		5.500000e+00
2	2	118	237.06		4	3	3		4	0		8.00		2.28		5.000000e-01
2	2	119	249.83		2	2	2		2	1		8.00		1.94		7.500000e+00
2	2	120	269.60		4	4	4		4	1		4.00		2.09		5.500000e+00
2	2	121	283.37		4	4	4		3	0		4.00		1.31		5.000000e-01
2	2	122	292.13		1	2	2		1	0		6.00		1.29		8
2	2	123	310.40		1	1	1		2	0		6.00		2.42		5.000000e-01
2	2	124	321.17		2	2	2		2	1		6.00		7.87		8
2	2	125	339.44		1	1	1		1	1		8.00		9.72		5.000000e-01
2	2	126	352.21		2	2	2		2	1		8.00		9.67		1.500000e+00
2	2	127	365.97		3	3	3		3	1		8.00		9.75		5.000000e-01
2	2	128	378.74		3	3	3		3	1		8.00		8.05		5.000000e-01
2	2	129	391.51		1	1	1		1	1		8.00		6.26		1.500000e+00
2	2	130	405.28		3	3	3		3	1		4.00		1.33		5.500000e+00
2	2	131	419.04		1	1	1		1	1		4.00		1.57		5.000000e-01
2	2	132	427.81		2	2	2		2	1		4.00		1.04		4.500000e+00
2	2	133	440.58		4	4	4		4	1		4.00		1.28		1.500000e+00
2	2	134	450.34		4	4	4		4	1		8.00		0.78		1.500000e+00
2	2	135	464.11		2	2	2		2	1		6.00		1.07		8
2	2	136	482.38		2	2	2		2	1		8.00		0.73		5.000000e-01
2	2	137	495.15		3	3	3		3	1		6.00		0.70		4.500000e+00
2	2	138	509.92		3	3	3		3	1		6.00		0.62		1.500000e+00
2	2	139	521.68		4	4	4		4	1		8.00		0.67		5.000000e-01
2	2	140	534.45		2	2	2		2	1		8.00		1.25		8
2	2	141	554.72		4	4	4		4	1		6.00		0.71		3.500000e+00
2	2	142	568.49		3	3	3		3	1		4.00		0.85		2.500000e+00
2	2	143	579.25		4	3	3		4	0		6.00		0.86		6.500000e+00
2	2	144	596.02		2	2	2		2	1		6.00		7.82		4.500000e+00
2	2	145	610.79		2	1	1		1	1		4.00		5.70		1.500000e+00
2	2	146	620.56		2	1	1		1	1		8.00		10.12		8
2	2	147	640.82		1	1	1		1	1		8.00		2.41		6.500000e+00
2	2	148	659.59		2	2	2		2	1		6.00		1.99		1.500000e+00
2	2	149	671.36		1	1	1		1	1		4.00		1.26		3.500000e+00
2	2	150	683.13		1	1	1		1	1		4.00		6.11		1.500000e+00
2	2	151	692.89		4	4	4		3	0		8.00		1.81		1.500000e+00
2	2	152	706.66		4	4	4		4	1		4.00		6.29		1.500000e+00
2	2	153	716.43		3	3	3		3	1		4.00		0.87		3.500000e+00
2	2	154	728.20		1	1	1		1	1		8.00		1.43		5.000000e-01
2	2	155	740.96		4	3	3		4	0		4.00		1.62		1.500000e+00
2	2	156	750.73		4	4	4		3	0		6.00		1.81		6.500000e+00
2	2	157	767.50		3	3	3		3	1		8.00		1.16		5.000000e-01
2	2	158	780.27		4	3	3		4	0		6.00		8.15		6.500000e+00
2	2	159	797.03		4	3	3		4	0		4.00		6.15		1.500000e+00
2	2	160	806.80		3	4	4		3	0		8.00		1.28		5.000000e-01
2	2	161	819.57		3	3	3		3	1		6.00		8.29		4.500000e+00
2	2	162	834.34		3	4	4		4	1		6.00		8.35		5.000000e-01
2	2	163	845.10		2	1	1		1	1		8.00		9.97		5.000000e-01
2	2	164	857.87		4	4	4		4	1		6.00		1.20		3.500000e+00
2	2	165	871.64		2	2	2		2	1		8.00		1.78		3.500000e+00
2	2	166	887.41		1	1	1		1	1		6.00		8.27		3.500000e+00
2	2	167	901.18		2	1	1		2	0		6.00		1.01		3.500000e+00
2	2	168	914.94		1	1	1		1	1		6.00		8.28		8
2	2	169	933.21		2	2	2		2	1		6.00		3.03		3.500000e+00
2	2	170	946.98		1	2	2		1	0		4.00		1.24		1.500000e+00
2	2	171	956.75		3	4	4		4	1		4.00		7.01		3.500000e+00
2	2	172	968.51		3	3	3		3	1		6.00		2.40		4.500000e+00
2	2	173	983.28		3	3	3		3	1		8.00		10.64		5.000000e-01
2	2	174	996.05		3	3	3		4	0		6.00		1.70		1.500000e+00
2	2	175	1007.82		3	4	4		4	1		4.00		6.22		3.500000e+00
2	2	176	1019.58		2	2	2		2	1		4.00		5.78		5.000000e-01
2	2	177	1028.35		4	3	3		4	0		4.00		1.17		1.500000e+00
2	2	178	1038.12		3	3	3		3	1		4.00		7.07		1.500000e+00
2	2	179	1047.88		1	1	1		1	1		4.00		6.50		4.500000e+00
2	2	180	1060.65		4	3	3		3	1		8.00		10.30		5.000000e-01
