*********************************************
* Combray
* Date/Time: 10-Sep-2015 12:44:04
* Seed: 209352.8812
* Subject Number: 03
* Subject Name: DN
*********************************************

Block	Phase	Trial	RunningTime	Cue	Image	CorrResp	Resp	Accuracy	ISI	RT_from_CueOnset	ITI
1	1	1	0.51		3	3	3		NaN	NaN		1.00		NaN		5.000000e-01
1	1	2	5.30		2	2	2		NaN	NaN		1.00		NaN		1.500000e+00
1	1	3	11.08		1	2	2		NaN	NaN		1.00		NaN		5.000000e-01
1	1	4	15.86		4	4	4		NaN	NaN		1.00		NaN		5.000000e-01
1	1	5	20.65		3	3	3		NaN	NaN		1.00		NaN		5.000000e-01
1	1	6	25.43		1	2	2		NaN	NaN		1.00		NaN		5.000000e-01
1	1	7	30.22		1	1	1		NaN	NaN		1.00		NaN		5.000000e-01
1	1	8	35.00		4	4	4		NaN	NaN		1.00		NaN		5.000000e-01
1	1	9	39.78		2	2	2		1	0		1.00		3.55		1.500000e+00
1	1	10	45.57		1	1	1		2	0		1.00		0.75		3.500000e+00
1	1	11	53.35		2	2	2		2	1		1.00		0.57		5.500000e+00
1	1	12	63.13		2	1	1		1	1		1.00		0.48		2.500000e+00
1	1	13	69.92		4	3	3		4	0		1.00		0.95		5.000000e-01
1	1	14	74.70		4	3	3		3	1		1.00		0.71		5.000000e-01
1	1	15	79.49		3	4	4		2	0		1.00		0.81		2.500000e+00
1	1	16	86.27		1	2	2		2	1		1.00		2.14		5.000000e-01
1	1	17	91.05		2	2	2		1	0		1.00		2.05		5.000000e-01
1	1	18	95.84		3	4	4		4	1		1.00		2.34		1.500000e+00
1	1	19	101.62		2	2	2		3	0		1.00		2.51		5.000000e-01
1	1	20	106.40		2	2	2		2	1		1.00		2.70		1.500000e+00
1	1	21	112.19		4	4	4		4	1		1.00		2.24		4.500000e+00
1	1	22	120.97		4	4	4		4	1		1.00		1.08		1.500000e+00
1	1	23	126.76		3	3	3		3	1		1.00		1.25		3.500000e+00
1	1	24	134.54		1	1	1		2	0		1.00		0.54		2.500000e+00
1	1	25	141.32		1	1	1		2	0		1.00		1.28		8
1	1	26	153.59		3	3	3		4	0		1.00		2.78		5.500000e+00
1	1	27	163.37		2	2	2		3	0		1.00		2.19		5.000000e-01
1	1	28	168.16		4	4	4		4	1		1.00		2.39		8
1	1	29	180.43		2	1	1		2	0		1.00		2.49		5.000000e-01
1	1	30	185.21		3	3	3		3	1		1.00		2.49		4.500000e+00
1	1	31	193.99		2	2	2		2	1		1.00		2.36		5.500000e+00
1	1	32	203.76		4	4	4		4	1		1.00		1.04		5.000000e-01
1	1	33	208.54		3	4	4		3	0		1.00		1.21		1.500000e+00
1	1	34	214.33		4	4	4		4	1		1.00		2.17		1.500000e+00
1	1	35	220.11		2	1	1		2	0		1.00		1.62		5.000000e-01
1	1	36	224.90		1	1	1		2	0		1.00		1.81		3.500000e+00
1	1	37	232.66		3	3	3		3	1		1.00		2.40		2.500000e+00
1	1	38	239.45		4	4	4		4	1		1.00		2.16		1.500000e+00
1	1	39	245.23		4	4	4		4	1		1.00		1.74		5.000000e-01
1	1	40	250.01		2	2	2		1	0		1.00		2.04		2.500000e+00
1	1	41	256.80		4	4	4		4	1		1.00		1.33		3.500000e+00
1	1	42	264.58		1	1	1		1	1		1.00		2.09		1.500000e+00
1	1	43	270.37		4	4	4		4	1		1.00		2.38		5.000000e-01
1	1	44	275.15		4	4	4		4	1		1.00		1.23		2.500000e+00
1	1	45	281.93		1	1	1		1	1		1.00		2.29		5.000000e-01
1	1	46	286.72		1	1	1		1	1		1.00		2.28		5.000000e-01
1	1	47	291.50		1	1	1		1	1		1.00		1.14		1.500000e+00
1	1	48	297.28		1	1	1		1	1		1.00		1.44		5.000000e-01
1	1	49	302.07		4	4	4		4	1		1.00		1.07		1.500000e+00
1	1	50	307.85		4	3	3		3	1		1.00		3.27		5.000000e-01
1	1	51	312.63		4	3	3		4	0		1.00		1.57		5.000000e-01
1	1	52	317.42		1	1	1		1	1		1.00		1.27		4.500000e+00
1	1	53	326.20		3	3	3		2	0		1.00		1.15		1.500000e+00
1	1	54	331.99		1	1	1		2	0		1.00		2.10		1.500000e+00
1	1	55	337.77		2	2	2		2	1		1.00		1.85		5.000000e-01
1	1	56	342.55		4	3	3		4	0		1.00		1.39		5.000000e-01
1	1	57	347.34		3	3	3		3	1		1.00		2.35		1.500000e+00
1	1	58	353.12		2	1	1		2	0		1.00		1.37		3.500000e+00
1	1	59	360.90		4	4	4		4	1		1.00		2.32		1.500000e+00
1	1	60	366.69		3	4	4		3	0		1.00		2.32		1.500000e+00
1	1	61	372.47		4	4	4		4	1		1.00		2.42		1.500000e+00
1	1	62	378.26		4	4	4		4	1		1.00		2.12		1.500000e+00
1	1	63	384.04		1	1	1		1	1		1.00		1.41		5.000000e-01
1	1	64	388.82		4	4	4		4	1		1.00		2.46		5.500000e+00
1	1	65	398.61		3	3	3		3	1		1.00		1.30		4.500000e+00
1	1	66	407.39		1	1	1		1	1		1.00		1.33		5.000000e-01
1	1	67	412.17		3	3	3		3	1		1.00		2.48		5.000000e-01
1	1	68	416.96		2	2	2		2	1		1.00		1.24		4.500000e+00
1	1	69	425.74		2	2	2		2	1		1.00		1.02		3.500000e+00
1	1	70	433.53		2	2	2		2	1		1.00		1.13		5.500000e+00
1	1	71	443.31		1	2	2		1	0		1.00		1.04		5.000000e-01
1	1	72	448.09		1	1	1		1	1		1.00		1.70		2.500000e+00
1	1	73	454.88		2	2	2		2	1		1.00		1.25		5.500000e+00
1	1	74	464.66		2	2	2		2	1		1.00		0.88		5.000000e-01
1	1	75	469.45		2	2	2		2	1		1.00		1.28		5.000000e-01
1	1	76	474.23		2	2	2		2	1		1.00		1.09		5.000000e-01
1	1	77	479.01		3	3	3		3	1		1.00		1.05		5.000000e-01
1	1	78	483.80		4	3	3		4	0		1.00		0.75		5.500000e+00
1	1	79	493.58		3	4	4		3	0		1.00		0.94		5.000000e-01
1	1	80	498.36		2	1	1		2	0		1.00		1.09		1.500000e+00
1	1	81	504.15		4	3	3		3	1		1.00		2.32		5.000000e-01
1	1	82	508.93		3	3	3		3	1		1.00		2.43		5.000000e-01
1	1	83	513.71		3	3	3		3	1		1.00		2.35		3.500000e+00
1	1	84	521.50		1	1	1		1	1		1.00		1.37		5.000000e-01
1	1	85	526.28		3	3	3		3	1		1.00		1.40		5.000000e-01
1	1	86	531.07		4	3	3		3	1		1.00		2.40		5.000000e-01
1	1	87	535.85		2	2	2		2	1		1.00		1.86		1.500000e+00
1	1	88	541.63		3	3	3		3	1		1.00		1.31		2.500000e+00
1	1	89	548.42		1	1	1		2	0		1.00		1.84		3.500000e+00
1	1	90	556.20		2	2	2		2	1		1.00		1.26		3.500000e+00
1	1	91	563.98		3	3	3		3	1		1.00		1.57		5.000000e-01
1	1	92	568.75		1	1	1		1	1		1.00		1.01		5.000000e-01
1	1	93	573.54		3	3	3		3	1		1.00		1.28		1.500000e+00
1	1	94	579.32		1	1	1		1	1		1.00		1.07		2.500000e+00
1	1	95	586.10		2	2	2		2	1		1.00		0.83		5.000000e-01
1	1	96	590.89		3	4	4		3	0		1.00		1.21		2.500000e+00
1	1	97	597.67		1	1	1		1	1		1.00		1.00		5.000000e-01
1	1	98	602.45		3	3	3		3	1		1.00		1.16		5.000000e-01
1	1	99	607.24		3	4	4		3	0		1.00		1.06		5.000000e-01
1	1	100	612.02		1	2	2		1	0		1.00		1.22		1.500000e+00
1	2	101	0.50		2	2	2		2	1		6.00		0.87		5.500000e+00
1	2	102	16.27		4	3	3		3	1		4.00		1.06		2.500000e+00
1	2	103	27.06		3	4	4		3	0		6.00		1.82		2.500000e+00
1	2	104	39.82		3	3	3		4	0		6.00		1.60		3.500000e+00
1	2	105	53.59		3	3	3		3	1		6.00		8.83		3.500000e+00
1	2	106	67.36		1	1	1		1	1		4.00		0.98		3.500000e+00
1	2	107	79.13		1	1	1		1	1		6.00		0.94		5.000000e-01
1	2	108	89.89		4	4	4		4	1		4.00		6.10		5.000000e-01
1	2	109	98.68		2	2	2		2	1		4.00		1.12		1.500000e+00
1	2	110	108.46		4	4	4		4	1		8.00		9.53		8
1	2	111	128.73		3	3	3		3	1		8.00		1.53		5.000000e-01
1	2	112	141.50		4	4	4		4	1		8.00		2.29		5.000000e-01
1	2	113	154.26		2	1	1		2	0		6.00		0.83		6.500000e+00
1	2	114	171.03		3	4	4		4	1		4.00		5.80		3.500000e+00
1	2	115	182.80		2	2	2		2	1		4.00		0.52		8
1	2	116	199.07		3	4	4		4	1		8.00		1.38		3.500000e+00
1	2	117	214.83		4	4	4		4	1		6.00		7.47		4.500000e+00
1	2	118	229.60		2	2	2		2	1		4.00		0.46		5.000000e-01
1	2	119	238.39		4	4	4		4	1		6.00		1.45		2.500000e+00
1	2	120	251.15		1	1	1		1	1		8.00		1.07		1.500000e+00
1	2	121	264.92		3	4	4		4	1		4.00		5.27		1.500000e+00
1	2	122	274.71		4	4	4		4	1		4.00		1.88		1.500000e+00
1	2	123	284.49		1	1	1		1	1		4.00		1.02		3.500000e+00
1	2	124	296.26		1	1	1		1	1		4.00		0.69		1.500000e+00
1	2	125	306.02		1	1	1		1	1		4.00		0.72		3.500000e+00
1	2	126	317.79		1	1	1		1	1		8.00		9.85		6.500000e+00
1	2	127	336.56		4	3	3		4	0		6.00		1.21		5.000000e-01
1	2	128	347.33		3	3	3		4	0		4.00		1.21		3.500000e+00
1	2	129	359.09		3	3	3		3	1		8.00		10.18		2.500000e+00
1	2	130	373.86		4	4	4		4	1		6.00		1.25		4.500000e+00
1	2	131	388.63		3	3	3		3	1		8.00		1.58		1.500000e+00
1	2	132	402.40		4	3	3		4	0		4.00		1.44		1.500000e+00
1	2	133	412.16		4	4	4		4	1		8.00		10.27		1.500000e+00
1	2	134	425.93		1	1	1		1	1		8.00		0.94		5.000000e-01
1	2	135	438.70		1	1	1		1	1		8.00		0.83		5.500000e+00
1	2	136	456.47		3	3	3		3	1		6.00		1.74		4.500000e+00
1	2	137	471.24		4	3	3		4	0		8.00		10.70		5.000000e-01
1	2	138	484.00		2	2	2		2	1		6.00		0.80		6.500000e+00
1	2	139	500.77		1	2	2		1	0		6.00		0.82		5.500000e+00
1	2	140	516.54		2	1	1		2	0		8.00		1.32		5.000000e-01
1	2	141	529.31		2	2	2		1	0		8.00		1.75		5.000000e-01
1	2	142	542.07		4	3	3		4	0		8.00		10.23		1.500000e+00
1	2	143	555.84		4	4	4		3	0		8.00		1.93		5.000000e-01
1	2	144	568.61		1	2	2		1	0		4.00		0.96		5.000000e-01
1	2	145	577.39		1	2	2		2	1		6.00		8.12		1.500000e+00
1	2	146	589.16		1	1	1		1	1		6.00		4.43		8
1	2	147	607.43		1	2	2		1	0		8.00		0.93		5.000000e-01
1	2	148	620.20		1	1	1		2	0		6.00		7.97		5.000000e-01
1	2	149	630.98		4	3	3		3	1		6.00		7.40		7.500000e+00
1	2	150	648.75		3	3	3		3	1		6.00		1.75		5.000000e-01
1	2	151	659.51		1	1	1		2	0		4.00		6.93		5.000000e-01
1	2	152	668.30		4	4	4		3	0		8.00		2.69		5.000000e-01
1	2	153	681.07		3	4	4		4	1		6.00		7.70		1.500000e+00
1	2	154	692.83		2	2	2		2	1		6.00		8.67		4.500000e+00
1	2	155	707.60		2	2	2		2	1		8.00		1.15		8
1	2	156	727.87		2	2	2		2	1		4.00		1.00		4.500000e+00
1	2	157	740.64		1	1	1		1	1		6.00		1.11		3.500000e+00
1	2	158	754.40		2	1	1		2	0		4.00		1.23		8
1	2	159	770.67		2	2	2		2	1		4.00		1.11		6.500000e+00
1	2	160	785.44		2	2	2		2	1		8.00		1.18		2.500000e+00
1	2	161	800.21		1	1	1		2	0		6.00		9.13		5.000000e-01
1	2	162	810.97		2	2	2		2	1		8.00		0.98		6.500000e+00
1	2	163	829.74		1	1	1		1	1		8.00		1.28		8
1	2	164	850.01		3	3	3		3	1		8.00		9.97		5.000000e-01
1	2	165	862.78		4	4	4		4	1		6.00		3.03		4.500000e+00
1	2	166	877.55		3	3	3		3	1		4.00		1.30		1.500000e+00
1	2	167	887.33		3	4	4		3	0		8.00		3.61		1.500000e+00
1	2	168	901.10		3	3	3		3	1		4.00		6.93		8
1	2	169	917.37		4	4	4		4	1		4.00		5.20		8
1	2	170	933.63		3	3	3		4	0		8.00		9.87		1.500000e+00
1	2	171	947.40		3	3	3		NaN	0		6.00		NaN		8
1	2	172	965.67		1	1	1		1	1		4.00		5.30		3.500000e+00
1	2	173	977.44		2	1	1		2	0		8.00		0.57		7.500000e+00
1	2	174	997.20		2	2	2		2	1		8.00		9.37		5.000000e-01
1	2	175	1009.97		2	2	2		2	1		6.00		0.75		1.500000e+00
1	2	176	1021.74		3	3	3		3	1		4.00		6.77		5.000000e-01
1	2	177	1030.52		2	2	2		2	1		4.00		0.83		1.500000e+00
1	2	178	1040.31		2	2	2		3	0		6.00		1.42		1.500000e+00
1	2	179	1052.07		4	3	3		4	0		4.00		1.31		3.500000e+00
1	2	180	1063.84		4	4	4		4	1		6.00		7.40		1.500000e+00
Block	Phase	Trial	RunningTime	Cue	Image	CorrResp	Resp	Accuracy	ISI	RT_from_CueOnset	ITI
2	1	1	0.51		3	4	4		4	1		1.00		3.12		5.000000e-01
2	1	2	5.30		4	3	3		3	1		1.00		2.49		5.000000e-01
2	1	3	10.08		3	3	3		3	1		1.00		2.62		1.500000e+00
2	1	4	15.86		2	2	2		2	1		1.00		2.47		5.500000e+00
2	1	5	25.65		4	3	3		3	1		1.00		2.62		1.500000e+00
2	1	6	31.43		2	2	2		2	1		1.00		2.64		4.500000e+00
2	1	7	40.22		4	3	3		3	1		1.00		3.13		5.500000e+00
2	1	8	50.00		3	4	4		3	0		1.00		2.29		5.000000e-01
2	1	9	54.78		3	3	3		4	0		1.00		2.00		5.000000e-01
2	1	10	59.57		1	1	1		1	1		1.00		2.75		5.000000e-01
2	1	11	64.35		4	3	3		3	1		1.00		2.49		5.000000e-01
2	1	12	69.14		1	1	1		1	1		1.00		1.36		5.000000e-01
2	1	13	73.92		1	1	1		3	0		1.00		1.54		5.000000e-01
2	1	14	78.70		3	3	3		3	1		1.00		2.59		1.500000e+00
2	1	15	84.49		1	2	2		NaN	NaN		1.00		NaN		5.000000e-01
2	1	16	89.27		3	3	3		3	1		1.00		2.44		5.000000e-01
2	1	17	94.05		1	1	1		1	1		1.00		1.58		2.500000e+00
2	1	18	100.82		4	3	3		3	1		1.00		1.33		5.000000e-01
2	1	19	105.60		2	1	1		1	1		1.00		2.49		3.500000e+00
2	1	20	113.39		4	3	3		2	0		1.00		1.11		5.000000e-01
2	1	21	118.17		4	4	4		NaN	NaN		1.00		NaN		1.500000e+00
2	1	22	123.96		3	3	3		3	1		1.00		2.82		5.000000e-01
2	1	23	128.74		1	2	2		1	0		1.00		1.64		5.000000e-01
2	1	24	133.52		1	1	1		2	0		1.00		1.38		2.500000e+00
2	1	25	140.31		1	2	2		2	1		1.00		2.34		5.000000e-01
2	1	26	145.09		3	3	3		3	1		1.00		2.39		4.500000e+00
2	1	27	153.87		2	2	2		2	1		1.00		2.33		1.500000e+00
2	1	28	159.66		4	3	3		1	0		1.00		3.36		5.000000e-01
2	1	29	164.44		3	3	3		3	1		1.00		2.54		5.000000e-01
2	1	30	169.23		3	4	4		3	0		1.00		1.45		2.500000e+00
2	1	31	176.01		2	2	2		2	1		1.00		2.22		5.000000e-01
2	1	32	180.79		4	4	4		NaN	NaN		1.00		NaN		5.000000e-01
2	1	33	185.58		3	3	3		3	1		1.00		2.12		5.000000e-01
2	1	34	190.36		1	1	1		1	1		1.00		2.21		5.000000e-01
2	1	35	195.14		1	2	2		1	0		1.00		1.15		2.500000e+00
2	1	36	201.93		2	1	1		1	1		1.00		3.74		1.500000e+00
2	1	37	207.71		1	1	1		1	1		1.00		2.51		1.500000e+00
2	1	38	213.50		4	4	4		4	1		1.00		3.24		2.500000e+00
2	1	39	220.28		3	4	4		4	1		1.00		2.43		1.500000e+00
2	1	40	226.06		1	2	2		NaN	NaN		1.00		NaN		5.000000e-01
2	1	41	230.85		3	4	4		4	1		1.00		2.55		4.500000e+00
2	1	42	239.63		4	4	4		2	0		1.00		1.86		5.000000e-01
2	1	43	244.41		2	2	2		2	1		1.00		2.42		5.000000e-01
2	1	44	249.20		2	1	1		1	1		1.00		2.33		5.000000e-01
2	1	45	253.98		1	2	2		2	1		1.00		2.38		1.500000e+00
2	1	46	259.76		2	1	1		1	1		1.00		2.45		1.500000e+00
2	1	47	265.55		2	1	1		1	1		1.00		2.36		5.000000e-01
2	1	48	270.33		4	4	4		3	0		1.00		1.61		8
2	1	49	282.60		2	2	2		2	1		1.00		2.39		3.500000e+00
2	1	50	290.38		4	4	4		3	0		1.00		2.13		5.000000e-01
2	1	51	295.17		2	2	2		2	1		1.00		2.42		5.000000e-01
2	1	52	299.95		1	1	1		1	1		1.00		2.58		5.000000e-01
2	1	53	304.73		1	2	2		2	1		1.00		2.47		3.500000e+00
2	1	54	312.52		2	1	1		2	0		1.00		3.42		5.000000e-01
2	1	55	317.30		3	4	4		4	1		1.00		2.77		1.500000e+00
2	1	56	323.09		1	1	1		1	1		1.00		2.50		3.500000e+00
2	1	57	330.87		1	1	1		1	1		1.00		2.09		1.500000e+00
2	1	58	336.65		3	3	3		3	1		1.00		2.48		1.500000e+00
2	1	59	342.44		1	2	2		1	0		1.00		2.32		5.000000e-01
2	1	60	347.22		4	4	4		4	1		1.00		2.78		3.500000e+00
2	1	61	355.00		4	4	4		3	0		1.00		2.16		1.500000e+00
2	1	62	360.79		4	3	3		3	1		1.00		3.61		4.500000e+00
2	1	63	369.56		3	4	4		NaN	NaN		1.00		NaN		5.000000e-01
2	1	64	374.34		2	2	2		2	1		1.00		2.21		5.500000e+00
2	1	65	384.12		1	1	1		NaN	NaN		1.00		NaN		5.000000e-01
2	1	66	388.91		1	2	2		NaN	NaN		1.00		NaN		5.000000e-01
2	1	67	393.69		3	4	4		4	1		1.00		2.53		5.000000e-01
2	1	68	398.47		1	2	2		2	1		1.00		2.43		3.500000e+00
2	1	69	406.26		4	4	4		3	0		1.00		1.38		1.500000e+00
2	1	70	412.03		2	2	2		2	1		1.00		2.55		5.500000e+00
2	1	71	421.81		3	4	4		4	1		1.00		2.62		2.500000e+00
2	1	72	428.59		4	3	3		3	1		1.00		2.53		5.000000e-01
2	1	73	433.38		2	1	1		1	1		1.00		2.75		2.500000e+00
2	1	74	440.16		4	4	4		3	0		1.00		3.47		1.500000e+00
2	1	75	445.94		2	2	2		2	1		1.00		2.84		1.500000e+00
2	1	76	451.73		2	1	1		NaN	NaN		1.00		NaN		5.000000e-01
2	1	77	456.51		3	4	4		4	1		1.00		2.59		1.500000e+00
2	1	78	462.30		4	4	4		4	1		1.00		3.21		5.000000e-01
2	1	79	467.08		2	2	2		NaN	NaN		1.00		NaN		3.500000e+00
2	1	80	474.86		2	2	2		2	1		1.00		2.44		5.000000e-01
2	1	81	479.65		1	1	1		1	1		1.00		2.41		8
2	1	82	491.91		2	1	1		1	1		1.00		2.48		2.500000e+00
2	1	83	498.70		3	4	4		NaN	NaN		1.00		NaN		5.500000e+00
2	1	84	508.48		1	1	1		1	1		1.00		2.37		5.000000e-01
2	1	85	513.27		2	1	1		1	1		1.00		2.22		1.500000e+00
2	1	86	519.05		3	3	3		3	1		1.00		2.17		3.500000e+00
2	1	87	526.83		1	1	1		1	1		1.00		2.14		4.500000e+00
2	1	88	535.62		4	3	3		3	1		1.00		1.34		5.000000e-01
2	1	89	540.40		4	4	4		1	0		1.00		0.50		1.500000e+00
2	1	90	546.18		3	4	4		4	1		1.00		2.64		3.500000e+00
2	1	91	553.97		2	2	2		2	1		1.00		1.34		5.000000e-01
2	1	92	558.75		2	2	2		2	1		1.00		2.39		5.500000e+00
2	1	93	568.52		1	1	1		1	1		1.00		2.33		1.500000e+00
2	1	94	574.30		3	3	3		3	1		1.00		2.66		2.500000e+00
2	1	95	581.09		3	3	3		3	1		1.00		2.56		5.000000e-01
2	1	96	585.87		4	3	3		3	1		1.00		1.71		5.000000e-01
2	1	97	590.65		4	3	3		3	1		1.00		3.36		1.500000e+00
2	1	98	596.44		4	3	3		3	1		1.00		2.13		5.500000e+00
2	1	99	606.22		3	3	3		3	1		1.00		2.34		2.500000e+00
2	1	100	613.01		2	2	2		2	1		1.00		1.05		5.000000e-01
2	2	101	0.50		4	4	4		3	0		8.00		1.05		5.000000e-01
2	2	102	13.27		1	2	2		1	0		6.00		7.61		5.500000e+00
2	2	103	29.04		1	2	2		2	1		4.00		5.98		5.000000e-01
2	2	104	37.82		3	4	4		4	1		6.00		8.27		1.500000e+00
2	2	105	49.59		3	4	4		4	1		4.00		6.08		1.500000e+00
2	2	106	59.37		4	3	3		3	1		4.00		1.18		1.500000e+00
2	2	107	69.16		1	1	1		1	1		4.00		6.00		3.500000e+00
2	2	108	80.92		3	3	3		3	1		6.00		8.27		8
2	2	109	99.19		2	2	2		2	1		6.00		7.90		4.500000e+00
2	2	110	113.96		4	4	4		3	0		4.00		1.90		4.500000e+00
2	2	111	126.73		2	1	1		1	1		8.00		10.30		5.000000e-01
2	2	112	139.49		2	1	1		1	1		4.00		5.77		6.500000e+00
2	2	113	154.26		2	1	1		1	1		4.00		5.97		1.500000e+00
2	2	114	164.05		4	4	4		4	1		6.00		8.40		1.500000e+00
2	2	115	175.81		3	4	4		4	1		8.00		10.77		1.500000e+00
2	2	116	189.58		1	1	1		1	1		4.00		6.01		3.500000e+00
2	2	117	201.35		2	1	1		1	1		6.00		7.73		6.500000e+00
2	2	118	218.12		1	2	2		2	1		4.00		5.87		1.500000e+00
2	2	119	227.90		1	1	1		1	1		8.00		10.14		1.500000e+00
2	2	120	241.67		3	3	3		3	1		6.00		8.20		4.500000e+00
2	2	121	256.44		4	3	3		3	1		4.00		6.65		5.000000e-01
2	2	122	265.22		3	4	4		4	1		8.00		10.15		1.500000e+00
2	2	123	278.99		2	2	2		2	1		8.00		10.15		6.500000e+00
2	2	124	297.76		1	2	2		2	1		4.00		6.10		5.000000e-01
2	2	125	306.54		4	3	3		3	1		4.00		6.10		3.500000e+00
2	2	126	318.31		4	3	3		3	1		6.00		7.80		7.500000e+00
2	2	127	336.07		1	1	1		1	1		8.00		10.65		5.000000e-01
2	2	128	348.84		1	2	2		NaN	0		6.00		NaN		1.500000e+00
2	2	129	360.61		2	1	1		1	1		8.00		10.07		5.000000e-01
2	2	130	373.38		2	2	2		1	0		4.00		6.27		5.000000e-01
2	2	131	382.16		2	1	1		NaN	0		6.00		NaN		1.500000e+00
2	2	132	393.93		1	1	1		1	1		6.00		7.70		8
2	2	133	412.20		4	3	3		3	1		6.00		8.05		2.500000e+00
2	2	134	424.96		2	2	2		1	0		4.00		6.67		4.500000e+00
2	2	135	437.73		3	4	4		3	0		4.00		6.07		3.500000e+00
2	2	136	449.50		2	2	2		NaN	0		8.00		NaN		2.500000e+00
2	2	137	464.27		3	3	3		3	1		8.00		9.57		5.000000e-01
2	2	138	477.03		3	3	3		3	1		8.00		9.38		2.500000e+00
2	2	139	491.80		3	3	3		3	1		6.00		8.11		5.000000e-01
2	2	140	502.57		4	4	4		3	0		4.00		7.05		8
2	2	141	518.84		1	1	1		2	0		6.00		9.73		5.000000e-01
2	2	142	529.60		2	2	2		1	0		4.00		5.54		1.500000e+00
2	2	143	539.39		1	2	2		2	1		8.00		10.57		5.500000e+00
2	2	144	557.16		1	1	1		2	0		6.00		7.88		3.500000e+00
2	2	145	570.92		3	4	4		NaN	0		8.00		NaN		1.500000e+00
2	2	146	584.69		1	1	1		2	0		8.00		8.77		8
2	2	147	604.96		2	2	2		2	1		4.00		4.77		8
2	2	148	621.23		4	3	3		3	1		6.00		0.99		5.000000e-01
2	2	149	631.99		2	1	1		2	0		4.00		6.38		8
2	2	150	648.26		3	4	4		4	1		6.00		8.00		3.500000e+00
2	2	151	662.03		1	2	2		1	0		6.00		7.60		5.000000e-01
2	2	152	672.80		4	4	4		3	0		6.00		8.23		4.500000e+00
2	2	153	687.56		1	1	1		1	1		4.00		6.65		3.500000e+00
2	2	154	699.33		4	4	4		3	0		4.00		6.45		1.500000e+00
2	2	155	709.12		1	1	1		1	1		8.00		9.94		6.500000e+00
2	2	156	727.88		2	1	1		2	0		8.00		9.13		7.500000e+00
2	2	157	747.65		4	4	4		4	1		8.00		10.12		8
2	2	158	767.92		3	3	3		3	1		4.00		5.50		1.500000e+00
2	2	159	777.70		4	4	4		3	0		6.00		8.43		4.500000e+00
2	2	160	792.47		3	3	3		3	1		4.00		6.00		5.000000e-01
2	2	161	801.26		3	4	4		3	0		8.00		10.57		3.500000e+00
2	2	162	817.02		3	4	4		3	0		6.00		7.97		2.500000e+00
2	2	163	829.79		1	2	2		1	0		8.00		10.50		5.000000e-01
2	2	164	842.56		2	2	2		1	0		8.00		9.93		8
2	2	165	862.83		3	4	4		4	1		4.00		6.33		3.500000e+00
2	2	166	874.59		2	2	2		1	0		8.00		10.13		5.000000e-01
2	2	167	887.36		4	3	3		4	0		8.00		10.53		1.500000e+00
2	2	168	901.13		4	3	3		3	1		8.00		9.44		1.500000e+00
2	2	169	914.90		3	3	3		3	1		4.00		5.27		8
2	2	170	931.16		4	4	4		4	1		4.00		5.77		5.000000e-01
2	2	171	939.95		2	2	2		1	0		6.00		7.93		1.500000e+00
2	2	172	951.72		2	2	2		NaN	0		6.00		NaN		5.500000e+00
2	2	173	967.48		3	3	3		3	1		6.00		7.87		3.500000e+00
2	2	174	981.25		2	2	2		NaN	0		6.00		NaN		6.500000e+00
2	2	175	998.02		1	1	1		1	1		4.00		5.43		3.500000e+00
2	2	176	1009.79		3	3	3		4	0		8.00		10.03		5.000000e-01
2	2	177	1022.55		4	3	3		3	1		8.00		10.41		5.000000e-01
2	2	178	1035.32		1	1	1		1	1		6.00		7.67		5.000000e-01
2	2	179	1046.09		4	3	3		3	1		4.00		5.73		2.500000e+00
2	2	180	1056.86		4	4	4		4	1		8.00		9.61		5.000000e-01
