*********************************************
* Combray
* Date/Time: 05-Nov-2015 14:52:05
* Seed: 210221.6158
* Subject Number: 26
* Subject Name: RB
*********************************************

Block	Phase	Trial	RunningTime	Cue	Image	CorrResp	Resp	Accuracy	ISI	RT_from_CueOnset	ITI
1	1	1	0.50		2	1	1		NaN	NaN		1.00		NaN		5.000000e-01
1	1	2	5.28		3	3	3		3	1		1.00		2.32		1.500000e+00
1	1	3	11.05		4	4	4		3	0		1.00		2.32		5.500000e+00
1	1	4	20.82		3	4	4		4	1		1.00		2.58		3.500000e+00
1	1	5	28.59		2	2	2		2	1		1.00		2.18		3.500000e+00
1	1	6	36.35		2	2	2		2	1		1.00		1.11		2.500000e+00
1	1	7	43.12		2	1	1		2	0		1.00		1.10		1.500000e+00
1	1	8	48.89		3	3	3		3	1		1.00		2.16		5.000000e-01
1	1	9	53.65		1	1	1		1	1		1.00		2.37		1.500000e+00
1	1	10	59.42		1	2	2		2	1		1.00		2.25		5.000000e-01
1	1	11	64.19		3	3	3		3	1		1.00		2.29		1.500000e+00
1	1	12	69.95		2	1	1		2	0		1.00		2.11		4.500000e+00
1	1	13	78.72		2	2	2		2	1		1.00		2.17		2.500000e+00
1	1	14	85.49		2	1	1		1	1		1.00		2.29		5.000000e-01
1	1	15	90.26		4	4	4		3	0		1.00		2.47		2.500000e+00
1	1	16	97.02		3	3	3		3	1		1.00		2.25		1.500000e+00
1	1	17	102.79		3	3	3		3	1		1.00		2.16		5.000000e-01
1	1	18	107.56		3	3	3		3	1		1.00		2.23		5.000000e-01
1	1	19	112.34		3	3	3		3	1		1.00		2.73		8
1	1	20	124.61		4	4	4		3	0		1.00		2.35		2.500000e+00
1	1	21	131.38		2	1	1		2	0		1.00		2.20		4.500000e+00
1	1	22	140.14		2	1	1		1	1		1.00		2.19		2.500000e+00
1	1	23	146.91		1	2	2		2	1		1.00		2.28		1.500000e+00
1	1	24	152.68		2	2	2		2	1		1.00		2.11		1.500000e+00
1	1	25	158.44		4	4	4		3	0		1.00		2.15		5.000000e-01
1	1	26	163.21		3	3	3		3	1		1.00		2.25		4.500000e+00
1	1	27	171.98		3	3	3		3	1		1.00		2.23		5.000000e-01
1	1	28	176.75		3	4	4		3	0		1.00		2.29		5.000000e-01
1	1	29	181.51		2	1	1		1	1		1.00		2.39		5.000000e-01
1	1	30	186.28		1	2	2		2	1		1.00		2.45		1.500000e+00
1	1	31	192.05		4	3	3		3	1		1.00		2.18		5.000000e-01
1	1	32	196.81		2	1	1		1	1		1.00		2.35		5.500000e+00
1	1	33	206.58		3	3	3		3	1		1.00		2.10		5.000000e-01
1	1	34	211.35		1	1	1		1	1		1.00		2.28		5.000000e-01
1	1	35	216.11		4	4	4		3	0		1.00		2.09		5.000000e-01
1	1	36	220.88		1	1	1		1	1		1.00		2.23		8
1	1	37	233.15		2	2	2		2	1		1.00		2.43		2.500000e+00
1	1	38	239.92		4	4	4		3	0		1.00		2.13		5.000000e-01
1	1	39	244.68		4	4	4		4	1		1.00		2.42		3.500000e+00
1	1	40	252.45		3	3	3		3	1		1.00		2.41		1.500000e+00
1	1	41	258.22		1	1	1		1	1		1.00		2.16		5.000000e-01
1	1	42	262.98		2	2	2		2	1		1.00		2.38		5.000000e-01
1	1	43	267.75		4	4	4		4	1		1.00		2.73		3.500000e+00
1	1	44	275.52		1	1	1		NaN	NaN		1.00		NaN		5.500000e+00
1	1	45	285.29		4	4	4		4	1		1.00		2.35		5.000000e-01
1	1	46	290.05		1	2	2		1	0		1.00		2.22		4.500000e+00
1	1	47	298.82		4	4	4		3	0		1.00		2.24		3.500000e+00
1	1	48	306.59		4	4	4		NaN	NaN		1.00		NaN		1.500000e+00
1	1	49	312.35		1	1	1		1	1		1.00		2.35		5.000000e-01
1	1	50	317.12		3	3	3		3	1		1.00		2.17		5.000000e-01
1	1	51	321.89		4	4	4		2	0		1.00		2.60		1.500000e+00
1	1	52	327.66		1	1	1		1	1		1.00		2.94		5.000000e-01
1	1	53	332.42		1	2	2		2	1		1.00		2.36		5.000000e-01
1	1	54	337.19		1	1	1		NaN	NaN		1.00		NaN		1.500000e+00
1	1	55	342.96		2	2	2		2	1		1.00		2.43		5.000000e-01
1	1	56	347.72		1	1	1		2	0		1.00		2.20		5.000000e-01
1	1	57	352.49		3	3	3		3	1		1.00		2.18		5.000000e-01
1	1	58	357.26		1	2	2		3	0		1.00		2.68		1.500000e+00
1	1	59	363.02		2	2	2		2	1		1.00		2.33		5.000000e-01
1	1	60	367.79		3	3	3		NaN	NaN		1.00		NaN		5.500000e+00
1	1	61	377.56		1	2	2		2	1		1.00		2.43		5.000000e-01
1	1	62	382.33		4	4	4		4	1		1.00		2.50		5.000000e-01
1	1	63	387.09		1	1	1		1	1		1.00		2.32		3.500000e+00
1	1	64	394.86		3	3	3		3	1		1.00		3.37		1.500000e+00
1	1	65	400.63		4	3	3		3	1		1.00		2.32		1.500000e+00
1	1	66	406.39		1	2	2		1	0		1.00		2.47		1.500000e+00
1	1	67	412.16		4	3	3		3	1		1.00		2.51		1.500000e+00
1	1	68	417.93		2	2	2		NaN	NaN		1.00		NaN		5.000000e-01
1	1	69	422.70		4	4	4		3	0		1.00		2.47		5.500000e+00
1	1	70	432.46		4	4	4		4	1		1.00		2.74		2.500000e+00
1	1	71	439.23		1	2	2		NaN	NaN		1.00		NaN		5.000000e-01
1	1	72	444.00		2	1	1		1	1		1.00		2.33		1.500000e+00
1	1	73	449.76		4	3	3		3	1		1.00		2.25		5.000000e-01
1	1	74	454.53		1	2	2		NaN	NaN		1.00		NaN		5.500000e+00
1	1	75	464.30		4	4	4		4	1		1.00		2.54		5.000000e-01
1	1	76	469.07		1	2	2		1	0		1.00		2.57		5.000000e-01
1	1	77	473.83		3	4	4		4	1		1.00		3.23		1.500000e+00
1	1	78	479.60		3	4	4		3	0		1.00		2.21		5.000000e-01
1	1	79	484.37		4	4	4		NaN	NaN		1.00		NaN		1.500000e+00
1	1	80	490.13		1	2	2		2	1		1.00		2.61		3.500000e+00
1	1	81	497.90		3	3	3		3	1		1.00		2.90		5.000000e-01
1	1	82	502.67		2	2	2		2	1		1.00		2.30		3.500000e+00
1	1	83	510.43		2	2	2		NaN	NaN		1.00		NaN		5.000000e-01
1	1	84	515.20		2	1	1		1	1		1.00		2.42		2.500000e+00
1	1	85	521.97		2	1	1		1	1		1.00		2.40		5.000000e-01
1	1	86	526.74		4	4	4		4	1		1.00		2.87		3.500000e+00
1	1	87	534.50		2	2	2		1	0		1.00		3.65		1.500000e+00
1	1	88	540.27		4	3	3		3	1		1.00		2.52		2.500000e+00
1	1	89	547.04		1	1	1		1	1		1.00		3.06		5.000000e-01
1	1	90	551.80		3	4	4		NaN	NaN		1.00		NaN		1.500000e+00
1	1	91	557.57		1	1	1		1	1		1.00		2.44		5.000000e-01
1	1	92	562.34		3	3	3		NaN	NaN		1.00		NaN		4.500000e+00
1	1	93	571.11		1	1	1		1	1		1.00		2.47		5.500000e+00
1	1	94	580.87		2	1	1		NaN	NaN		1.00		NaN		5.000000e-01
1	1	95	585.64		3	3	3		NaN	NaN		1.00		NaN		5.000000e-01
1	1	96	590.41		4	4	4		4	1		1.00		2.65		2.500000e+00
1	1	97	597.17		4	4	4		4	1		1.00		2.50		5.000000e-01
1	1	98	601.94		2	1	1		1	1		1.00		2.45		5.000000e-01
1	1	99	606.71		3	3	3		3	1		1.00		2.68		5.000000e-01
1	1	100	611.47		3	3	3		NaN	NaN		1.00		NaN		5.000000e-01
1	2	101	0.50		3	3	3		3	1		8.00		9.17		5.000000e-01
1	2	102	13.27		4	4	4		4	1		6.00		7.17		5.000000e-01
1	2	103	24.04		1	2	2		1	0		4.00		5.33		8
1	2	104	40.31		4	4	4		4	1		6.00		7.12		8
1	2	105	58.58		3	3	3		3	1		4.00		5.29		6.500000e+00
1	2	106	73.34		4	3	3		4	0		4.00		5.16		3.500000e+00
1	2	107	85.11		1	2	2		2	1		8.00		9.32		5.000000e-01
1	2	108	97.88		2	2	2		1	0		4.00		5.50		4.500000e+00
1	2	109	110.65		1	1	1		1	1		6.00		7.57		5.000000e-01
1	2	110	121.41		1	1	1		1	1		6.00		7.55		1.500000e+00
1	2	111	133.18		1	2	2		1	0		4.00		5.79		4.500000e+00
1	2	112	145.95		3	3	3		3	1		8.00		9.35		5.000000e-01
1	2	113	158.72		1	2	2		1	0		6.00		7.83		5.000000e-01
1	2	114	169.48		2	1	1		1	1		4.00		5.32		3.500000e+00
1	2	115	181.25		4	4	4		4	1		4.00		5.30		5.000000e-01
1	2	116	190.02		3	3	3		3	1		8.00		9.35		5.500000e+00
1	2	117	207.79		3	3	3		3	1		6.00		7.30		5.000000e-01
1	2	118	218.55		1	2	2		2	1		6.00		7.48		1.500000e+00
1	2	119	230.32		2	1	1		1	1		8.00		9.38		5.000000e-01
1	2	120	243.09		2	2	2		1	0		6.00		7.90		3.500000e+00
1	2	121	256.86		4	4	4		3	0		6.00		7.47		1.500000e+00
1	2	122	268.62		2	1	1		1	1		6.00		7.37		2.500000e+00
1	2	123	281.39		4	4	4		4	1		8.00		9.44		8
1	2	124	301.66		1	1	1		2	0		8.00		9.70		8
1	2	125	321.93		4	4	4		4	1		8.00		9.60		5.000000e-01
1	2	126	334.69		2	1	1		1	1		4.00		5.42		5.000000e-01
1	2	127	343.46		3	3	3		3	1		6.00		7.77		5.500000e+00
1	2	128	359.23		2	1	1		2	0		6.00		1.13		3.500000e+00
1	2	129	373.00		4	3	3		4	0		6.00		2.41		1.500000e+00
1	2	130	384.76		4	4	4		3	0		8.00		9.47		2.500000e+00
1	2	131	399.53		3	4	4		4	1		4.00		5.53		1.500000e+00
1	2	132	409.30		1	1	1		1	1		8.00		9.55		3.500000e+00
1	2	133	425.07		3	3	3		4	0		4.00		5.68		2.500000e+00
1	2	134	435.83		1	2	2		2	1		6.00		7.77		2.500000e+00
1	2	135	448.60		4	4	4		4	1		4.00		5.63		7.500000e+00
1	2	136	464.37		2	2	2		2	1		4.00		5.42		8
1	2	137	480.64		4	3	3		3	1		4.00		5.82		8
1	2	138	496.91		3	4	4		3	0		6.00		7.87		1.500000e+00
1	2	139	508.67		3	3	3		3	1		8.00		9.67		1.500000e+00
1	2	140	522.44		1	1	1		2	0		4.00		5.73		4.500000e+00
1	2	141	535.21		3	3	3		3	1		6.00		7.66		3.500000e+00
1	2	142	548.98		1	2	2		1	0		8.00		9.69		3.500000e+00
1	2	143	564.74		1	1	1		1	1		6.00		7.62		1.500000e+00
1	2	144	576.51		4	4	4		4	1		8.00		9.74		3.500000e+00
1	2	145	592.28		4	4	4		4	1		4.00		5.56		5.000000e-01
1	2	146	601.05		3	3	3		3	1		6.00		7.37		2.500000e+00
1	2	147	613.81		1	2	2		1	0		6.00		7.93		1.500000e+00
1	2	148	625.58		4	4	4		4	1		4.00		5.49		5.000000e-01
1	2	149	634.35		4	4	4		3	0		6.00		7.44		5.000000e-01
1	2	150	645.12		2	1	1		1	1		4.00		6.13		6.500000e+00
1	2	151	659.88		3	3	3		3	1		6.00		7.83		5.000000e-01
1	2	152	670.65		3	4	4		3	0		8.00		9.12		5.000000e-01
1	2	153	683.42		1	1	1		1	1		4.00		5.78		5.000000e-01
1	2	154	692.19		2	2	2		1	0		8.00		10.04		3.500000e+00
1	2	155	707.95		1	1	1		2	0		4.00		5.67		6.500000e+00
1	2	156	722.72		2	2	2		1	0		8.00		9.38		4.500000e+00
1	2	157	739.49		3	3	3		3	1		6.00		7.67		6.500000e+00
1	2	158	756.26		2	1	1		1	1		8.00		9.87		1.500000e+00
1	2	159	770.02		4	4	4		4	1		8.00		9.77		3.500000e+00
1	2	160	785.79		2	1	1		1	1		8.00		9.90		1.500000e+00
1	2	161	799.56		1	1	1		1	1		4.00		5.89		1.500000e+00
1	2	162	809.33		2	2	2		2	1		6.00		8.65		5.000000e-01
1	2	163	820.09		2	2	2		1	0		8.00		10.21		4.500000e+00
1	2	164	836.86		2	2	2		NaN	0		4.00		NaN		1.500000e+00
1	2	165	846.63		1	2	2		1	0		8.00		9.80		1.500000e+00
1	2	166	860.40		3	3	3		3	1		8.00		6.29		5.000000e-01
1	2	167	873.16		4	4	4		4	1		6.00		7.90		5.500000e+00
1	2	168	888.93		4	4	4		4	1		8.00		10.27		1.500000e+00
1	2	169	902.70		3	3	3		NaN	0		4.00		NaN		8
1	2	170	918.97		1	1	1		1	1		8.00		10.19		7.500000e+00
1	2	171	938.73		2	1	1		1	1		6.00		5.91		8
1	2	172	957.00		4	3	3		3	1		8.00		9.82		4.500000e+00
1	2	173	973.77		2	1	1		1	1		8.00		9.64		1.500000e+00
1	2	174	987.54		4	4	4		3	0		4.00		6.29		8
1	2	175	1003.81		1	2	2		2	1		4.00		6.05		5.000000e-01
1	2	176	1012.57		3	3	3		3	1		4.00		6.02		1.500000e+00
1	2	177	1022.34		2	2	2		1	0		4.00		5.95		6.500000e+00
1	2	178	1037.11		3	3	3		NaN	0		4.00		NaN		1.500000e+00
1	2	179	1046.88		2	2	2		NaN	0		6.00		NaN		3.500000e+00
1	2	180	1060.64		3	4	4		3	0		8.00		11.18		5.000000e-01
Block	Phase	Trial	RunningTime	Cue	Image	CorrResp	Resp	Accuracy	ISI	RT_from_CueOnset	ITI
2	1	1	0.50		4	3	3		3	1		1.00		2.47		2.500000e+00
2	1	2	7.27		1	1	1		1	1		1.00		2.47		5.000000e-01
2	1	3	12.04		1	1	1		1	1		1.00		2.17		5.000000e-01
2	1	4	16.80		3	3	3		3	1		1.00		2.26		5.000000e-01
2	1	5	21.57		3	3	3		3	1		1.00		1.12		1.500000e+00
2	1	6	27.34		2	1	1		1	1		1.00		2.55		5.000000e-01
2	1	7	32.10		3	3	3		3	1		1.00		2.23		1.500000e+00
2	1	8	37.87		2	2	2		2	1		1.00		1.01		5.000000e-01
2	1	9	42.64		2	2	2		2	1		1.00		2.23		2.500000e+00
2	1	10	49.41		1	1	1		1	1		1.00		0.88		5.000000e-01
2	1	11	54.17		3	3	3		3	1		1.00		1.02		5.000000e-01
2	1	12	58.94		3	4	4		3	0		1.00		1.03		5.000000e-01
2	1	13	63.71		3	4	4		4	1		1.00		2.28		1.500000e+00
2	1	14	69.47		1	1	1		1	1		1.00		0.80		5.000000e-01
2	1	15	74.24		2	2	2		2	1		1.00		1.09		3.500000e+00
2	1	16	82.01		4	3	3		3	1		1.00		2.42		5.000000e-01
2	1	17	86.78		2	1	1		2	0		1.00		1.22		2.500000e+00
2	1	18	93.54		4	3	3		3	1		1.00		2.62		5.000000e-01
2	1	19	98.31		4	4	4		4	1		1.00		2.64		3.500000e+00
2	1	20	106.08		1	1	1		1	1		1.00		1.05		5.500000e+00
2	1	21	115.84		1	1	1		1	1		1.00		1.44		8
2	1	22	128.11		3	3	3		3	1		1.00		1.66		5.500000e+00
2	1	23	137.88		3	3	3		3	1		1.00		1.43		1.500000e+00
2	1	24	143.65		4	4	4		4	1		1.00		2.24		3.500000e+00
2	1	25	151.41		4	3	3		4	0		1.00		0.76		3.500000e+00
2	1	26	159.18		4	4	4		4	1		1.00		2.22		5.000000e-01
2	1	27	163.95		2	2	2		2	1		1.00		2.36		5.000000e-01
2	1	28	168.71		2	1	1		2	0		1.00		1.38		5.000000e-01
2	1	29	173.48		4	4	4		3	0		1.00		2.30		1.500000e+00
2	1	30	179.25		3	3	3		3	1		1.00		1.03		5.000000e-01
2	1	31	184.01		3	3	3		3	1		1.00		0.79		5.000000e-01
2	1	32	188.78		4	4	4		4	1		1.00		2.36		5.500000e+00
2	1	33	198.55		3	3	3		3	1		1.00		0.96		5.000000e-01
2	1	34	203.32		3	3	3		3	1		1.00		1.10		5.000000e-01
2	1	35	208.08		2	1	1		2	0		1.00		1.72		2.500000e+00
2	1	36	214.85		1	2	2		1	0		1.00		0.72		5.000000e-01
2	1	37	219.62		4	4	4		4	1		1.00		1.01		1.500000e+00
2	1	38	225.38		1	2	2		2	1		1.00		2.25		1.500000e+00
2	1	39	231.15		4	3	3		4	0		1.00		1.15		1.500000e+00
2	1	40	236.92		2	1	1		2	0		1.00		2.10		5.000000e-01
2	1	41	241.69		3	3	3		3	1		1.00		0.80		5.000000e-01
2	1	42	246.45		2	2	2		2	1		1.00		2.17		3.500000e+00
2	1	43	254.22		1	1	1		1	1		1.00		2.36		5.000000e-01
2	1	44	258.99		1	2	2		2	1		1.00		2.21		1.500000e+00
2	1	45	264.75		2	2	2		2	1		1.00		2.88		5.000000e-01
2	1	46	269.52		3	4	4		3	0		1.00		0.75		5.000000e-01
2	1	47	274.29		2	1	1		1	1		1.00		2.30		1.500000e+00
2	1	48	280.05		3	4	4		4	1		1.00		3.12		3.500000e+00
2	1	49	287.82		1	1	1		1	1		1.00		2.40		5.000000e-01
2	1	50	292.59		4	4	4		NaN	NaN		1.00		NaN		5.000000e-01
2	1	51	297.36		2	1	1		2	0		1.00		1.01		5.000000e-01
2	1	52	302.12		1	1	1		2	0		1.00		2.45		1.500000e+00
2	1	53	307.89		1	2	2		1	0		1.00		1.09		5.000000e-01
2	1	54	312.66		1	2	2		2	1		1.00		2.29		1.500000e+00
2	1	55	318.42		2	1	1		1	1		1.00		2.40		1.500000e+00
2	1	56	324.19		3	3	3		3	1		1.00		0.69		8
2	1	57	336.46		1	2	2		2	1		1.00		2.55		3.500000e+00
2	1	58	344.23		2	1	1		1	1		1.00		0.84		4.500000e+00
2	1	59	352.99		2	2	2		NaN	NaN		1.00		NaN		2.500000e+00
2	1	60	359.76		2	2	2		2	1		1.00		2.34		1.500000e+00
2	1	61	365.53		3	4	4		3	0		1.00		0.79		1.500000e+00
2	1	62	371.29		1	1	1		1	1		1.00		2.37		5.000000e-01
2	1	63	376.06		4	4	4		4	1		1.00		2.48		5.000000e-01
2	1	64	380.83		1	1	1		NaN	NaN		1.00		NaN		1.500000e+00
2	1	65	386.60		1	2	2		1	0		1.00		0.96		5.000000e-01
2	1	66	391.36		4	4	4		4	1		1.00		3.44		2.500000e+00
2	1	67	398.13		2	2	2		2	1		1.00		2.34		2.500000e+00
2	1	68	404.90		3	3	3		3	1		1.00		0.86		1.500000e+00
2	1	69	410.66		3	3	3		3	1		1.00		1.26		4.500000e+00
2	1	70	419.43		2	2	2		1	0		1.00		2.52		1.500000e+00
2	1	71	425.20		2	2	2		2	1		1.00		2.33		4.500000e+00
2	1	72	433.97		4	3	3		3	1		1.00		2.31		5.000000e-01
2	1	73	438.73		2	1	1		1	1		1.00		2.42		5.500000e+00
2	1	74	448.50		2	2	2		1	0		1.00		2.42		5.000000e-01
2	1	75	453.27		1	1	1		1	1		1.00		3.66		3.500000e+00
2	1	76	461.03		3	3	3		3	1		1.00		1.60		1.500000e+00
2	1	77	466.80		3	3	3		1	0		1.00		0.82		5.000000e-01
2	1	78	471.57		1	1	1		1	1		1.00		3.37		5.000000e-01
2	1	79	476.33		2	2	2		2	1		1.00		2.62		5.000000e-01
2	1	80	481.10		1	1	1		1	1		1.00		2.32		1.500000e+00
2	1	81	486.87		4	4	4		4	1		1.00		2.30		2.500000e+00
2	1	82	493.64		4	4	4		4	1		1.00		3.04		3.500000e+00
2	1	83	501.40		4	3	3		NaN	NaN		1.00		NaN		1.500000e+00
2	1	84	507.17		1	2	2		2	1		1.00		2.40		5.500000e+00
2	1	85	516.94		3	3	3		3	1		1.00		1.52		5.000000e-01
2	1	86	521.70		4	4	4		4	1		1.00		2.31		5.000000e-01
2	1	87	526.47		1	1	1		1	1		1.00		2.45		5.500000e+00
2	1	88	536.24		1	2	2		2	1		1.00		2.82		5.000000e-01
2	1	89	541.01		4	4	4		4	1		1.00		2.58		2.500000e+00
2	1	90	547.77		1	2	2		2	1		1.00		2.52		4.500000e+00
2	1	91	556.54		4	4	4		4	1		1.00		2.64		2.500000e+00
2	1	92	563.31		4	4	4		4	1		1.00		3.48		5.500000e+00
2	1	93	573.07		3	4	4		3	0		1.00		1.42		4.500000e+00
2	1	94	581.84		3	3	3		3	1		1.00		1.13		5.000000e-01
2	1	95	586.61		2	2	2		2	1		1.00		3.60		5.000000e-01
2	1	96	591.38		3	4	4		3	0		1.00		0.84		5.000000e-01
2	1	97	596.14		2	2	2		2	1		1.00		2.28		5.000000e-01
2	1	98	600.91		4	4	4		4	1		1.00		2.68		5.000000e-01
2	1	99	605.68		4	4	4		3	0		1.00		2.18		5.000000e-01
2	1	100	610.44		4	3	3		4	0		1.00		1.01		1.500000e+00
2	2	101	0.50		1	1	1		1	1		8.00		9.89		8
2	2	102	20.77		2	2	2		2	1		6.00		7.75		3.500000e+00
2	2	103	34.54		1	1	1		1	1		8.00		9.60		3.500000e+00
2	2	104	50.30		2	1	1		1	1		8.00		9.53		1.500000e+00
2	2	105	64.07		2	2	2		2	1		6.00		7.51		3.500000e+00
2	2	106	77.84		1	2	2		2	1		8.00		9.52		5.000000e-01
2	2	107	90.61		3	3	3		3	1		6.00		7.90		5.000000e-01
2	2	108	101.37		4	4	4		3	0		6.00		8.11		5.500000e+00
2	2	109	117.14		4	4	4		3	0		4.00		7.52		7.500000e+00
2	2	110	132.91		2	2	2		2	1		8.00		9.69		4.500000e+00
2	2	111	149.68		2	2	2		2	1		4.00		5.76		4.500000e+00
2	2	112	162.44		4	3	3		3	1		6.00		8.03		5.000000e-01
2	2	113	173.21		1	1	1		2	0		8.00		10.30		1.500000e+00
2	2	114	186.98		1	1	1		1	1		6.00		7.60		5.000000e-01
2	2	115	197.75		1	2	2		1	0		6.00		8.07		1.500000e+00
2	2	116	209.51		2	2	2		2	1		8.00		10.57		4.500000e+00
2	2	117	226.28		3	3	3		3	1		8.00		10.19		5.500000e+00
2	2	118	244.05		1	1	1		2	0		4.00		5.80		5.000000e-01
2	2	119	252.82		2	2	2		NaN	0		4.00		NaN		6.500000e+00
2	2	120	267.58		1	2	2		NaN	0		4.00		NaN		4.500000e+00
2	2	121	280.35		3	4	4		3	0		4.00		5.70		1.500000e+00
2	2	122	290.12		2	2	2		NaN	0		4.00		NaN		1.500000e+00
2	2	123	299.89		4	3	3		3	1		4.00		5.75		5.000000e-01
2	2	124	308.65		1	1	1		1	1		4.00		6.27		4.500000e+00
2	2	125	321.42		1	2	2		NaN	0		6.00		NaN		2.500000e+00
2	2	126	334.19		4	3	3		NaN	0		8.00		NaN		5.000000e-01
2	2	127	346.96		3	3	3		3	1		6.00		7.26		2.500000e+00
2	2	128	359.72		1	1	1		1	1		6.00		8.80		1.500000e+00
2	2	129	371.49		3	3	3		3	1		8.00		9.85		5.000000e-01
2	2	130	384.26		3	3	3		3	1		4.00		5.55		2.500000e+00
2	2	131	395.03		4	4	4		NaN	0		8.00		NaN		2.500000e+00
2	2	132	409.79		1	1	1		1	1		4.00		5.65		1.500000e+00
2	2	133	419.56		3	3	3		NaN	0		6.00		NaN		3.500000e+00
2	2	134	433.33		3	4	4		NaN	0		6.00		NaN		1.500000e+00
2	2	135	445.10		4	4	4		NaN	0		8.00		NaN		1.500000e+00
2	2	136	458.86		3	3	3		3	1		4.00		5.73		8
2	2	137	475.13		3	3	3		3	1		4.00		5.47		6.500000e+00
2	2	138	489.90		4	3	3		NaN	0		6.00		NaN		1.500000e+00
2	2	139	501.67		1	2	2		NaN	0		4.00		NaN		8
2	2	140	517.93		2	1	1		NaN	0		4.00		NaN		5.000000e-01
2	2	141	526.70		3	4	4		NaN	0		8.00		NaN		5.000000e-01
2	2	142	539.47		4	3	3		NaN	0		4.00		NaN		3.500000e+00
2	2	143	551.24		3	3	3		NaN	0		8.00		NaN		5.000000e-01
2	2	144	564.00		2	2	2		NaN	0		8.00		NaN		5.000000e-01
2	2	145	576.77		2	1	1		1	1		4.00		5.50		3.500000e+00
2	2	146	588.54		4	4	4		3	0		8.00		9.73		3.500000e+00
2	2	147	604.31		4	4	4		3	0		8.00		0.50		8
2	2	148	624.57		4	4	4		4	1		6.00		7.73		5.000000e-01
2	2	149	635.34		3	4	4		3	0		4.00		5.25		1.500000e+00
2	2	150	645.11		3	3	3		3	1		4.00		5.62		1.500000e+00
2	2	151	654.88		3	3	3		3	1		8.00		9.57		1.500000e+00
2	2	152	668.64		2	1	1		2	0		8.00		9.50		1.500000e+00
2	2	153	682.41		2	1	1		1	1		8.00		9.60		1.500000e+00
2	2	154	696.18		2	2	2		2	1		6.00		7.70		3.500000e+00
2	2	155	709.95		1	2	2		2	1		6.00		8.25		1.500000e+00
2	2	156	721.71		4	4	4		3	0		4.00		5.57		8
2	2	157	737.98		4	4	4		4	1		6.00		8.32		8
2	2	158	756.25		2	2	2		2	1		6.00		8.27		5.000000e-01
2	2	159	767.02		2	1	1		1	1		6.00		7.67		2.500000e+00
2	2	160	779.78		2	1	1		1	1		6.00		7.72		8
2	2	161	798.05		4	4	4		4	1		4.00		5.67		5.000000e-01
2	2	162	806.82		3	3	3		3	1		6.00		7.77		5.500000e+00
2	2	163	822.59		4	4	4		4	1		8.00		9.70		3.500000e+00
2	2	164	838.36		4	4	4		4	1		6.00		7.50		1.500000e+00
2	2	165	850.12		4	4	4		4	1		4.00		6.02		5.000000e-01
2	2	166	858.89		3	3	3		3	1		8.00		9.80		5.000000e-01
2	2	167	871.66		3	4	4		4	1		8.00		9.68		5.000000e-01
2	2	168	884.43		4	3	3		4	0		8.00		9.75		4.500000e+00
2	2	169	901.19		1	1	1		1	1		6.00		7.55		5.000000e-01
2	2	170	911.96		2	2	2		2	1		8.00		10.05		3.500000e+00
2	2	171	927.73		3	3	3		3	1		6.00		8.43		6.500000e+00
2	2	172	944.50		1	1	1		1	1		6.00		7.83		1.500000e+00
2	2	173	956.26		2	1	1		1	1		4.00		6.05		6.500000e+00
2	2	174	971.03		1	2	2		2	1		8.00		9.97		3.500000e+00
2	2	175	986.80		1	1	1		1	1		4.00		6.78		6.500000e+00
2	2	176	1001.57		3	4	4		4	1		6.00		7.82		5.000000e-01
2	2	177	1012.33		2	2	2		1	0		4.00		5.63		8
2	2	178	1028.60		4	3	3		3	1		4.00		7.75		8
2	2	179	1044.87		1	2	2		NaN	0		4.00		NaN		5.000000e-01
2	2	180	1053.64		1	1	1		1	1		8.00		9.79		7.500000e+00
