*********************************************
* Combray
* Date/Time: 12-Nov-2015 14:52:43
* Seed: 214635.4832
* Subject Number: 28
* Subject Name: BT
*********************************************

Block	Phase	Trial	RunningTime	Cue	Image	CorrResp	Resp	Accuracy	ISI	RT_from_CueOnset	ITI
1	1	1	0.51		2	2	2		NaN	NaN		1.00		NaN		5.000000e-01
1	1	2	5.30		1	2	2		NaN	NaN		1.00		NaN		5.000000e-01
1	1	3	10.08		1	2	2		NaN	NaN		1.00		NaN		3.500000e+00
1	1	4	17.86		2	2	2		NaN	NaN		1.00		NaN		5.000000e-01
1	1	5	22.65		4	4	4		NaN	NaN		1.00		NaN		5.500000e+00
1	1	6	32.43		1	1	1		NaN	NaN		1.00		NaN		5.000000e-01
1	1	7	37.21		3	4	4		NaN	NaN		1.00		NaN		5.000000e-01
1	1	8	42.00		4	4	4		NaN	NaN		1.00		NaN		5.000000e-01
1	1	9	46.78		4	4	4		4	1		1.00		3.34		3.500000e+00
1	1	10	54.57		4	4	4		4	1		1.00		0.78		5.000000e-01
1	1	11	59.35		2	1	1		1	1		1.00		2.31		5.500000e+00
1	1	12	69.13		4	3	3		4	0		1.00		1.17		1.500000e+00
1	1	13	74.92		2	2	2		2	1		1.00		0.70		1.500000e+00
1	1	14	80.70		1	1	1		1	1		1.00		1.20		5.000000e-01
1	1	15	85.49		4	3	3		4	0		1.00		0.97		2.500000e+00
1	1	16	92.27		3	4	4		4	1		1.00		0.86		5.000000e-01
1	1	17	97.05		1	1	1		1	1		1.00		1.50		1.500000e+00
1	1	18	102.84		2	2	2		2	1		1.00		0.81		4.500000e+00
1	1	19	111.62		4	4	4		3	0		1.00		0.72		2.500000e+00
1	1	20	118.40		2	2	2		2	1		1.00		2.31		5.500000e+00
1	1	21	128.19		2	2	2		2	1		1.00		0.68		4.500000e+00
1	1	22	136.97		3	4	4		4	1		1.00		0.74		5.000000e-01
1	1	23	141.76		1	1	1		1	1		1.00		0.67		5.000000e-01
1	1	24	146.54		2	1	1		2	0		1.00		0.85		5.000000e-01
1	1	25	151.32		3	4	4		4	1		1.00		0.75		5.000000e-01
1	1	26	156.11		1	2	2		1	0		1.00		0.83		3.500000e+00
1	1	27	163.89		1	1	1		1	1		1.00		0.88		5.000000e-01
1	1	28	168.67		1	1	1		2	0		1.00		0.71		1.500000e+00
1	1	29	174.46		3	4	4		4	1		1.00		0.74		1.500000e+00
1	1	30	180.24		3	3	3		4	0		1.00		0.67		5.000000e-01
1	1	31	185.03		2	1	1		2	0		1.00		0.72		5.000000e-01
1	1	32	189.81		1	1	1		1	1		1.00		0.96		5.500000e+00
1	1	33	199.59		2	2	2		2	1		1.00		0.87		3.500000e+00
1	1	34	207.38		2	2	2		2	1		1.00		0.73		2.500000e+00
1	1	35	214.16		2	2	2		2	1		1.00		0.64		4.500000e+00
1	1	36	222.94		1	1	1		1	1		1.00		0.97		3.500000e+00
1	1	37	230.73		2	1	1		2	0		1.00		0.83		5.000000e-01
1	1	38	235.51		1	1	1		1	1		1.00		0.90		5.000000e-01
1	1	39	240.30		3	3	3		4	0		1.00		0.72		1.500000e+00
1	1	40	246.08		2	1	1		2	0		1.00		0.83		2.500000e+00
1	1	41	252.86		4	3	3		3	1		1.00		1.17		5.000000e-01
1	1	42	257.65		4	3	3		3	1		1.00		0.67		4.500000e+00
1	1	43	266.43		3	4	4		4	1		1.00		0.80		1.500000e+00
1	1	44	272.21		4	4	4		3	0		1.00		0.88		5.000000e-01
1	1	45	277.00		3	3	3		4	0		1.00		0.74		1.500000e+00
1	1	46	282.78		4	4	4		3	0		1.00		0.73		1.500000e+00
1	1	47	288.57		2	2	2		2	1		1.00		0.73		1.500000e+00
1	1	48	294.35		1	1	1		1	1		1.00		2.40		1.500000e+00
1	1	49	300.13		4	3	3		2	0		1.00		1.12		1.500000e+00
1	1	50	305.92		2	2	2		2	1		1.00		0.74		2.500000e+00
1	1	51	312.70		1	1	1		1	1		1.00		1.09		1.500000e+00
1	1	52	318.48		3	3	3		3	1		1.00		0.98		2.500000e+00
1	1	53	325.27		3	4	4		3	0		1.00		0.72		2.500000e+00
1	1	54	332.05		2	1	1		2	0		1.00		0.76		1.500000e+00
1	1	55	337.84		1	1	1		1	1		1.00		1.49		1.500000e+00
1	1	56	343.62		3	3	3		4	0		1.00		1.44		5.000000e-01
1	1	57	348.40		2	1	1		1	1		1.00		0.91		5.000000e-01
1	1	58	353.19		3	3	3		3	1		1.00		1.32		5.000000e-01
1	1	59	357.97		1	2	2		1	0		1.00		1.62		1.500000e+00
1	1	60	363.75		4	3	3		3	1		1.00		1.47		3.500000e+00
1	1	61	371.54		1	1	1		1	1		1.00		1.34		5.000000e-01
1	1	62	376.32		3	4	4		3	0		1.00		1.37		1.500000e+00
1	1	63	382.11		3	3	3		4	0		1.00		2.14		3.500000e+00
1	1	64	389.89		1	1	1		2	0		1.00		1.51		5.500000e+00
1	1	65	399.67		3	4	4		4	1		1.00		2.61		5.000000e-01
1	1	66	404.46		1	1	1		1	1		1.00		2.44		5.000000e-01
1	1	67	409.24		2	1	1		1	1		1.00		2.37		1.500000e+00
1	1	68	415.02		1	2	2		2	1		1.00		2.43		5.000000e-01
1	1	69	419.81		1	1	1		1	1		1.00		2.45		5.500000e+00
1	1	70	429.59		3	4	4		3	0		1.00		1.84		5.000000e-01
1	1	71	434.38		3	3	3		3	1		1.00		2.32		5.000000e-01
1	1	72	439.16		3	4	4		3	0		1.00		0.88		5.000000e-01
1	1	73	443.94		3	4	4		4	1		1.00		2.44		5.000000e-01
1	1	74	448.73		3	3	3		3	1		1.00		2.64		5.000000e-01
1	1	75	453.51		4	4	4		4	1		1.00		3.02		1.500000e+00
1	1	76	459.29		3	3	3		3	1		1.00		2.47		5.000000e-01
1	1	77	464.08		2	2	2		1	0		1.00		1.12		5.000000e-01
1	1	78	468.86		1	1	1		1	1		1.00		2.19		5.000000e-01
1	1	79	473.65		2	2	2		2	1		1.00		2.21		1.500000e+00
1	1	80	479.43		2	2	2		2	1		1.00		1.06		5.000000e-01
1	1	81	484.21		3	3	3		3	1		1.00		2.36		5.000000e-01
1	1	82	489.00		2	2	2		2	1		1.00		1.26		2.500000e+00
1	1	83	495.78		4	3	3		3	1		1.00		1.20		5.000000e-01
1	1	84	500.56		4	4	4		4	1		1.00		1.11		5.000000e-01
1	1	85	505.35		4	4	4		4	1		1.00		1.21		8
1	1	86	517.63		4	3	3		4	0		1.00		1.13		3.500000e+00
1	1	87	525.42		4	4	4		3	0		1.00		1.91		1.500000e+00
1	1	88	531.20		3	3	3		3	1		1.00		2.38		1.500000e+00
1	1	89	536.98		4	3	3		4	0		1.00		1.29		2.500000e+00
1	1	90	543.77		4	3	3		3	1		1.00		2.36		8
1	1	91	556.05		3	3	3		3	1		1.00		2.30		5.000000e-01
1	1	92	560.83		4	3	3		3	1		1.00		2.23		2.500000e+00
1	1	93	567.62		1	1	1		1	1		1.00		1.25		4.500000e+00
1	1	94	576.40		2	2	2		2	1		1.00		1.68		5.000000e-01
1	1	95	581.19		1	2	2		2	1		1.00		1.03		5.500000e+00
1	1	96	590.97		4	4	4		4	1		1.00		2.18		5.000000e-01
1	1	97	595.75		1	2	2		1	0		1.00		1.63		3.500000e+00
1	1	98	603.54		4	3	3		3	1		1.00		2.33		5.000000e-01
1	1	99	608.32		2	2	2		2	1		1.00		1.45		5.000000e-01
1	1	100	613.10		4	3	3		4	0		1.00		1.28		5.000000e-01
1	2	101	0.51		3	3	3		3	1		8.00		4.47		5.000000e-01
1	2	102	13.29		3	3	3		3	1		6.00		2.27		1.500000e+00
1	2	103	25.08		2	2	2		2	1		4.00		1.71		1.500000e+00
1	2	104	34.86		3	3	3		3	1		8.00		2.08		5.000000e-01
1	2	105	47.64		1	1	1		1	1		6.00		1.32		5.000000e-01
1	2	106	58.43		1	1	1		2	0		8.00		1.40		8
1	2	107	78.71		3	4	4		3	0		8.00		1.84		5.500000e+00
1	2	108	96.50		2	2	2		2	1		6.00		1.18		1.500000e+00
1	2	109	108.28		3	4	4		3	0		8.00		2.38		6.500000e+00
1	2	110	127.05		4	3	3		4	0		4.00		6.80		5.500000e+00
1	2	111	140.84		3	3	3		3	1		4.00		6.83		2.500000e+00
1	2	112	151.62		1	1	1		1	1		6.00		1.22		1.500000e+00
1	2	113	163.40		3	4	4		4	1		6.00		8.68		5.000000e-01
1	2	114	174.19		1	2	2		1	0		8.00		1.51		5.000000e-01
1	2	115	186.97		4	3	3		3	1		6.00		8.50		1.500000e+00
1	2	116	198.76		4	3	3		3	1		4.00		1.51		6.500000e+00
1	2	117	213.54		4	4	4		3	0		6.00		1.84		8
1	2	118	231.82		2	2	2		2	1		6.00		8.80		3.500000e+00
1	2	119	245.61		4	3	3		3	1		8.00		2.97		4.500000e+00
1	2	120	262.39		4	3	3		4	0		8.00		1.41		1.500000e+00
1	2	121	276.18		2	1	1		2	0		6.00		1.80		8
1	2	122	294.46		1	2	2		1	0		6.00		1.32		5.000000e-01
1	2	123	305.25		2	1	1		2	0		8.00		2.21		5.000000e-01
1	2	124	318.03		4	4	4		4	1		8.00		10.58		8
1	2	125	338.31		1	1	1		1	1		4.00		1.84		5.000000e-01
1	2	126	347.10		3	3	3		3	1		8.00		9.74		1.500000e+00
1	2	127	360.88		3	4	4		4	1		4.00		6.70		1.500000e+00
1	2	128	370.67		2	2	2		2	1		4.00		3.43		7.500000e+00
1	2	129	386.45		2	2	2		1	0		4.00		0.92		1.500000e+00
1	2	130	396.24		3	4	4		4	1		8.00		10.73		3.500000e+00
1	2	131	412.02		3	4	4		4	1		6.00		8.90		3.500000e+00
1	2	132	425.80		4	3	3		3	1		4.00		2.01		6.500000e+00
1	2	133	440.59		2	2	2		1	0		6.00		1.88		7.500000e+00
1	2	134	458.37		4	4	4		3	0		4.00		1.56		2.500000e+00
1	2	135	469.16		1	1	1		2	0		4.00		1.65		3.500000e+00
1	2	136	480.94		3	3	3		3	1		6.00		8.07		1.500000e+00
1	2	137	492.73		3	3	3		3	1		4.00		5.87		5.000000e-01
1	2	138	501.51		2	1	1		2	0		4.00		2.73		3.500000e+00
1	2	139	513.29		3	4	4		4	1		6.00		8.33		5.000000e-01
1	2	140	524.08		2	1	1		1	1		4.00		2.13		1.500000e+00
1	2	141	533.86		1	2	2		1	0		6.00		7.93		5.000000e-01
1	2	142	544.65		2	1	1		2	0		8.00		3.40		1.500000e+00
1	2	143	558.43		1	1	1		1	1		4.00		6.77		2.500000e+00
1	2	144	569.21		1	1	1		1	1		8.00		2.23		2.500000e+00
1	2	145	584.00		1	1	1		1	1		8.00		10.37		3.500000e+00
1	2	146	599.78		3	3	3		3	1		4.00		1.67		5.000000e-01
1	2	147	608.57		2	1	1		2	0		6.00		1.85		5.000000e-01
1	2	148	619.35		1	1	1		2	0		4.00		6.70		8
1	2	149	635.63		4	4	4		4	1		6.00		8.43		3.500000e+00
1	2	150	649.42		1	2	2		1	0		4.00		1.64		8
1	2	151	665.70		4	4	4		3	0		8.00		2.06		3.500000e+00
1	2	152	681.49		2	2	2		1	0		8.00		11.21		3.500000e+00
1	2	153	697.27		4	4	4		4	1		4.00		6.07		4.500000e+00
1	2	154	710.06		2	2	2		1	0		8.00		10.48		1.500000e+00
1	2	155	723.84		4	4	4		3	0		8.00		1.55		5.000000e-01
1	2	156	736.63		4	4	4		4	1		4.00		7.00		3.500000e+00
1	2	157	748.41		1	1	1		1	1		6.00		8.80		1.500000e+00
1	2	158	760.19		4	3	3		4	0		8.00		4.25		4.500000e+00
1	2	159	776.98		1	1	1		1	1		6.00		8.60		4.500000e+00
1	2	160	791.76		1	1	1		1	1		4.00		0.99		5.000000e-01
1	2	161	800.55		1	1	1		1	1		8.00		0.88		5.000000e-01
1	2	162	813.33		2	1	1		1	1		8.00		2.34		5.000000e-01
1	2	163	826.11		4	3	3		3	1		6.00		2.11		8
1	2	164	844.40		2	2	2		1	0		4.00		1.73		5.000000e-01
1	2	165	853.18		2	2	2		1	0		8.00		1.43		6.500000e+00
1	2	166	871.97		3	3	3		3	1		6.00		7.88		5.000000e-01
1	2	167	882.75		4	4	4		4	1		6.00		8.43		3.500000e+00
1	2	168	896.54		3	4	4		4	1		8.00		10.10		5.500000e+00
1	2	169	914.32		4	3	3		3	1		6.00		3.44		1.500000e+00
1	2	170	926.11		3	4	4		4	1		4.00		2.28		4.500000e+00
1	2	171	938.89		1	1	1		1	1		6.00		1.78		5.000000e-01
1	2	172	949.67		4	4	4		3	0		4.00		2.46		5.000000e-01
1	2	173	958.46		1	2	2		1	0		8.00		2.08		1.500000e+00
1	2	174	972.24		2	2	2		2	1		6.00		3.28		8
1	2	175	990.53		4	3	3		3	1		4.00		1.31		1.500000e+00
1	2	176	1000.31		3	3	3		4	0		6.00		3.36		6.500000e+00
1	2	177	1017.09		2	2	2		2	1		4.00		1.79		4.500000e+00
1	2	178	1029.88		2	2	2		2	1		8.00		1.20		1.500000e+00
1	2	179	1043.66		1	2	2		1	0		4.00		1.41		2.500000e+00
1	2	180	1054.45		3	4	4		4	1		4.00		3.77		8
Block	Phase	Trial	RunningTime	Cue	Image	CorrResp	Resp	Accuracy	ISI	RT_from_CueOnset	ITI
2	1	1	0.51		2	2	2		2	1		1.00		2.72		1.500000e+00
2	1	2	6.29		3	3	3		3	1		1.00		2.99		5.000000e-01
2	1	3	11.07		4	3	3		3	1		1.00		2.39		5.000000e-01
2	1	4	15.86		4	3	3		3	1		1.00		2.19		5.000000e-01
2	1	5	20.64		2	2	2		2	1		1.00		1.25		3.500000e+00
2	1	6	28.43		2	2	2		2	1		1.00		1.32		2.500000e+00
2	1	7	35.21		2	2	2		2	1		1.00		1.24		2.500000e+00
2	1	8	41.99		4	4	4		3	0		1.00		1.24		5.000000e-01
2	1	9	46.78		2	1	1		2	0		1.00		1.36		5.000000e-01
2	1	10	51.56		3	4	4		3	0		1.00		1.18		5.000000e-01
2	1	11	56.34		4	4	4		4	1		1.00		2.34		3.500000e+00
2	1	12	64.13		3	3	3		3	1		1.00		1.43		3.500000e+00
2	1	13	71.91		2	2	2		2	1		1.00		2.24		1.500000e+00
2	1	14	77.70		3	4	4		4	1		1.00		2.70		1.500000e+00
2	1	15	83.48		2	1	1		1	1		1.00		2.58		1.500000e+00
2	1	16	89.26		4	4	4		3	0		1.00		1.30		1.500000e+00
2	1	17	95.05		3	3	3		3	1		1.00		1.17		5.000000e-01
2	1	18	99.83		3	3	3		4	0		1.00		1.51		5.000000e-01
2	1	19	104.61		1	1	1		1	1		1.00		2.47		5.000000e-01
2	1	20	109.40		4	3	3		3	1		1.00		1.62		3.500000e+00
2	1	21	117.18		1	1	1		1	1		1.00		0.92		1.500000e+00
2	1	22	122.97		2	2	2		2	1		1.00		1.06		5.000000e-01
2	1	23	127.75		1	1	1		1	1		1.00		0.92		1.500000e+00
2	1	24	133.53		1	1	1		1	1		1.00		0.69		3.500000e+00
2	1	25	141.32		1	1	1		1	1		1.00		0.75		3.500000e+00
2	1	26	149.10		3	3	3		3	1		1.00		1.27		5.000000e-01
2	1	27	153.88		3	3	3		3	1		1.00		1.12		5.000000e-01
2	1	28	158.67		1	2	2		1	0		1.00		1.03		3.500000e+00
2	1	29	166.45		1	1	1		2	0		1.00		0.70		5.500000e+00
2	1	30	176.24		3	3	3		3	1		1.00		1.44		5.000000e-01
2	1	31	181.02		4	3	3		4	0		1.00		1.29		2.500000e+00
2	1	32	187.80		3	4	4		3	0		1.00		1.26		2.500000e+00
2	1	33	194.59		2	2	2		2	1		1.00		2.46		4.500000e+00
2	1	34	203.37		1	1	1		1	1		1.00		0.78		3.500000e+00
2	1	35	211.16		2	2	2		2	1		1.00		0.84		5.000000e-01
2	1	36	215.94		2	2	2		2	1		1.00		0.68		5.000000e-01
2	1	37	220.72		4	4	4		4	1		1.00		1.31		5.000000e-01
2	1	38	225.51		1	1	1		1	1		1.00		0.92		4.500000e+00
2	1	39	234.29		4	3	3		4	0		1.00		0.88		1.500000e+00
2	1	40	240.07		3	4	4		3	0		1.00		0.83		5.000000e-01
2	1	41	244.86		1	1	1		1	1		1.00		0.74		5.000000e-01
2	1	42	249.64		4	4	4		3	0		1.00		1.13		5.500000e+00
2	1	43	259.42		1	2	2		1	0		1.00		0.62		5.000000e-01
2	1	44	264.21		2	2	2		2	1		1.00		0.98		2.500000e+00
2	1	45	270.99		3	4	4		4	1		1.00		2.36		5.000000e-01
2	1	46	275.78		4	4	4		4	1		1.00		2.22		5.000000e-01
2	1	47	280.56		4	4	4		4	1		1.00		2.35		1.500000e+00
2	1	48	286.34		2	2	2		2	1		1.00		1.03		5.500000e+00
2	1	49	296.13		3	3	3		3	1		1.00		2.33		1.500000e+00
2	1	50	301.91		1	2	2		1	0		1.00		1.63		1.500000e+00
2	1	51	307.69		2	2	2		2	1		1.00		1.09		5.000000e-01
2	1	52	312.48		1	2	2		2	1		1.00		2.21		5.000000e-01
2	1	53	317.26		2	2	2		2	1		1.00		0.98		2.500000e+00
2	1	54	324.05		2	2	2		2	1		1.00		0.62		1.500000e+00
2	1	55	329.83		4	4	4		4	1		1.00		1.41		8
2	1	56	342.11		4	4	4		4	1		1.00		0.80		2.500000e+00
2	1	57	348.90		3	4	4		3	0		1.00		1.38		5.000000e-01
2	1	58	353.68		4	4	4		4	1		1.00		0.63		1.500000e+00
2	1	59	359.46		4	4	4		4	1		1.00		0.67		3.500000e+00
2	1	60	367.25		3	4	4		4	1		1.00		0.94		5.000000e-01
2	1	61	372.03		4	3	3		4	0		1.00		0.60		4.500000e+00
2	1	62	380.82		1	1	1		2	0		1.00		1.81		1.500000e+00
2	1	63	386.60		4	4	4		4	1		1.00		1.10		5.000000e-01
2	1	64	391.38		4	4	4		4	1		1.00		1.09		1.500000e+00
2	1	65	397.17		3	4	4		4	1		1.00		1.55		5.000000e-01
2	1	66	401.95		4	3	3		4	0		1.00		0.72		8
2	1	67	414.23		1	1	1		1	1		1.00		1.47		5.500000e+00
2	1	68	424.02		2	2	2		2	1		1.00		0.86		5.500000e+00
2	1	69	433.80		3	4	4		4	1		1.00		1.20		1.500000e+00
2	1	70	439.59		3	4	4		4	1		1.00		1.04		5.000000e-01
2	1	71	444.37		1	2	2		1	0		1.00		1.25		5.500000e+00
2	1	72	454.15		1	1	1		1	1		1.00		2.35		5.000000e-01
2	1	73	458.94		1	1	1		1	1		1.00		2.24		5.500000e+00
2	1	74	468.72		2	2	2		2	1		1.00		0.68		4.500000e+00
2	1	75	477.51		4	3	3		4	0		1.00		0.81		5.000000e-01
2	1	76	482.29		3	3	3		3	1		1.00		0.80		5.000000e-01
2	1	77	487.07		1	1	1		1	1		1.00		0.95		5.000000e-01
2	1	78	491.86		1	1	1		1	1		1.00		0.83		5.000000e-01
2	1	79	496.64		2	1	1		2	0		1.00		0.83		5.000000e-01
2	1	80	501.42		2	2	2		1	0		1.00		0.67		5.000000e-01
2	1	81	506.21		1	1	1		1	1		1.00		2.12		5.000000e-01
2	1	82	510.99		3	3	3		3	1		1.00		1.01		1.500000e+00
2	1	83	516.78		4	3	3		4	0		1.00		0.69		2.500000e+00
2	1	84	523.56		1	1	1		1	1		1.00		2.13		1.500000e+00
2	1	85	529.34		2	1	1		2	0		1.00		0.63		1.500000e+00
2	1	86	535.13		3	3	3		3	1		1.00		2.31		5.000000e-01
2	1	87	539.91		3	3	3		3	1		1.00		2.25		1.500000e+00
2	1	88	545.69		1	1	1		1	1		1.00		1.49		5.000000e-01
2	1	89	550.48		3	3	3		3	1		1.00		1.27		2.500000e+00
2	1	90	557.26		4	4	4		4	1		1.00		0.88		5.000000e-01
2	1	91	562.05		3	3	3		3	1		1.00		0.94		1.500000e+00
2	1	92	567.83		2	2	2		1	0		1.00		0.87		4.500000e+00
2	1	93	576.61		4	3	3		4	0		1.00		0.73		5.000000e-01
2	1	94	581.40		2	2	2		2	1		1.00		1.03		5.000000e-01
2	1	95	586.18		3	3	3		3	1		1.00		0.63		5.000000e-01
2	1	96	590.96		1	1	1		1	1		1.00		0.98		5.000000e-01
2	1	97	595.75		2	1	1		2	0		1.00		0.79		5.000000e-01
2	1	98	600.53		1	1	1		1	1		1.00		0.84		1.500000e+00
2	1	99	606.31		2	2	2		2	1		1.00		0.87		5.000000e-01
2	1	100	611.10		4	4	4		4	1		1.00		0.75		2.500000e+00
2	2	101	0.52		1	1	1		1	1		4.00		6.27		2.500000e+00
2	2	102	11.30		2	2	2		2	1		8.00		9.58		5.000000e-01
2	2	103	24.09		4	4	4		4	1		6.00		8.13		3.500000e+00
2	2	104	37.87		4	4	4		4	1		8.00		1.12		5.000000e-01
2	2	105	50.65		2	2	2		2	1		4.00		0.83		1.500000e+00
2	2	106	60.44		4	4	4		4	1		6.00		0.84		4.500000e+00
2	2	107	75.22		3	4	4		3	0		8.00		1.31		5.500000e+00
2	2	108	93.01		4	3	3		4	0		8.00		0.86		4.500000e+00
2	2	109	109.79		3	3	3		4	0		8.00		2.07		1.500000e+00
2	2	110	123.58		1	1	1		1	1		8.00		0.74		5.000000e-01
2	2	111	136.36		2	1	1		2	0		8.00		0.83		5.000000e-01
2	2	112	149.14		1	1	1		1	1		6.00		0.97		4.500000e+00
2	2	113	163.93		3	4	4		3	0		4.00		1.20		1.500000e+00
2	2	114	173.71		4	4	4		4	1		8.00		0.96		1.500000e+00
2	2	115	187.50		2	2	2		2	1		8.00		0.94		1.500000e+00
2	2	116	201.28		2	2	2		2	1		6.00		0.66		7.500000e+00
2	2	117	219.07		3	3	3		3	1		6.00		0.73		1.500000e+00
2	2	118	230.85		2	1	1		2	0		4.00		0.63		1.500000e+00
2	2	119	240.63		1	1	1		1	1		6.00		0.71		1.500000e+00
2	2	120	252.42		1	1	1		1	1		4.00		0.56		5.000000e-01
2	2	121	261.20		2	2	2		2	1		8.00		1.34		3.500000e+00
2	2	122	276.99		2	2	2		2	1		6.00		0.60		1.500000e+00
2	2	123	288.77		1	1	1		1	1		4.00		0.84		5.000000e-01
2	2	124	297.55		2	1	1		2	0		6.00		0.60		5.000000e-01
2	2	125	308.34		3	3	3		3	1		6.00		1.02		1.500000e+00
2	2	126	320.12		4	4	4		4	1		6.00		1.01		8
2	2	127	338.41		2	2	2		1	0		4.00		0.64		4.500000e+00
2	2	128	351.19		1	2	2		1	0		4.00		6.07		8
2	2	129	367.48		4	4	4		4	1		8.00		0.84		8
2	2	130	387.76		1	1	1		1	1		6.00		1.52		5.000000e-01
2	2	131	398.54		3	3	3		3	1		8.00		0.82		5.000000e-01
2	2	132	411.33		4	4	4		4	1		4.00		0.96		2.500000e+00
2	2	133	422.11		4	4	4		4	1		4.00		0.95		6.500000e+00
2	2	134	436.90		2	2	2		2	1		8.00		0.81		6.500000e+00
2	2	135	455.68		3	4	4		3	0		8.00		0.66		5.500000e+00
2	2	136	473.47		4	3	3		4	0		4.00		0.78		1.500000e+00
2	2	137	483.25		4	3	3		4	0		6.00		1.10		1.500000e+00
2	2	138	495.03		2	2	2		2	1		4.00		0.64		7.500000e+00
2	2	139	510.82		4	3	3		3	1		6.00		0.50		1.500000e+00
2	2	140	522.60		4	3	3		3	1		4.00		0.68		6.500000e+00
2	2	141	537.39		4	3	3		3	1		4.00		0.71		5.500000e+00
2	2	142	551.17		2	2	2		2	1		4.00		0.81		3.500000e+00
2	2	143	562.96		1	1	1		1	1		8.00		1.20		5.000000e-01
2	2	144	575.74		1	1	1		1	1		4.00		1.05		3.500000e+00
2	2	145	587.52		3	4	4		3	0		6.00		0.80		5.000000e-01
2	2	146	598.31		4	3	3		3	1		8.00		1.18		4.500000e+00
2	2	147	615.09		1	1	1		1	1		6.00		0.84		5.000000e-01
2	2	148	625.88		2	2	2		2	1		6.00		1.11		8
2	2	149	644.16		3	3	3		4	0		6.00		1.52		5.000000e-01
2	2	150	654.95		3	4	4		3	0		8.00		0.68		3.500000e+00
2	2	151	670.73		3	4	4		3	0		4.00		0.88		8
2	2	152	687.01		3	4	4		4	1		6.00		1.30		5.000000e-01
2	2	153	697.80		2	2	2		2	1		6.00		0.70		3.500000e+00
2	2	154	711.58		1	2	2		1	0		6.00		0.63		5.000000e-01
2	2	155	722.37		3	3	3		4	0		8.00		1.45		5.000000e-01
2	2	156	735.15		3	3	3		4	0		4.00		2.37		5.000000e-01
2	2	157	743.93		1	1	1		1	1		8.00		0.70		2.500000e+00
2	2	158	758.72		1	1	1		1	1		6.00		0.60		1.500000e+00
2	2	159	770.50		1	2	2		1	0		6.00		0.75		5.000000e-01
2	2	160	781.29		3	3	3		3	1		8.00		1.52		6.500000e+00
2	2	161	800.07		4	3	3		4	0		6.00		1.92		8
2	2	162	818.36		1	1	1		1	1		4.00		0.74		8
2	2	163	834.64		3	3	3		3	1		4.00		1.24		2.500000e+00
2	2	164	845.42		3	3	3		3	1		4.00		0.84		4.500000e+00
2	2	165	858.21		2	2	2		2	1		4.00		0.66		1.500000e+00
2	2	166	867.99		1	2	2		1	0		8.00		0.67		1.500000e+00
2	2	167	881.78		2	2	2		2	1		4.00		0.61		5.000000e-01
2	2	168	890.56		4	4	4		4	1		8.00		0.97		3.500000e+00
2	2	169	906.35		4	4	4		4	1		6.00		0.90		5.000000e-01
2	2	170	917.13		1	1	1		1	1		8.00		0.69		8
2	2	171	937.41		3	4	4		3	0		6.00		0.95		3.500000e+00
2	2	172	951.20		2	2	2		2	1		6.00		0.62		8
2	2	173	969.48		1	1	1		1	1		4.00		0.67		2.500000e+00
2	2	174	980.27		4	4	4		4	1		4.00		0.84		3.500000e+00
2	2	175	992.05		1	1	1		1	1		8.00		1.55		3.500000e+00
2	2	176	1007.84		3	3	3		3	1		4.00		0.94		5.000000e-01
2	2	177	1016.62		2	1	1		2	0		8.00		1.13		1.500000e+00
2	2	178	1030.40		3	3	3		3	1		6.00		0.68		6.500000e+00
2	2	179	1047.19		4	4	4		4	1		6.00		0.79		3.500000e+00
2	2	180	1060.97		2	2	2		2	1		8.00		0.84		1.500000e+00
