*********************************************
* Combray
* Date/Time: 12-Jan-2015 14:55:52
* Seed: 214399.6629
* Subject Number: 05
* Subject Name: ty
*********************************************

Block	Phase	Trial	RunningTime	Cue	Image	CorrResp	Resp	Accuracy	ISI	RT_from_CueOnset	ITI
1	1	1	0.52		3	3	3		3	1		4.00		5.94		2
1	1	2	9.80		3	4	4		3	0		0.50		1.55		2
1	1	3	15.58		3	4	4		3	0		4.00		1.04		2
1	1	4	24.86		4	3	3		3	1		0.50		2.14		2
1	1	5	30.65		3	3	3		3	1		0.50		2.06		2
1	1	6	36.43		2	2	2		2	1		0.50		2.04		2
1	1	7	42.21		2	2	2		2	1		1.00		2.30		2
1	1	8	48.49		3	3	3		3	1		0.50		1.79		2
1	1	9	54.28		2	2	2		2	1		0.50		1.43		2
1	1	10	60.06		1	2	2		1	0		0.50		1.60		2
1	1	11	65.84		4	4	4		3	0		4.00		3.00		2
1	1	12	75.12		4	3	3		3	1		4.00		5.47		2
1	1	13	84.40		2	2	2		2	1		0.50		1.78		2
1	1	14	90.19		2	2	2		2	1		0.50		1.57		2
1	1	15	95.97		4	3	3		3	1		1.00		2.27		2
1	1	16	102.25		2	2	2		2	1		0.50		1.56		2
1	1	17	108.03		2	2	2		2	1		0.50		1.84		2
1	1	18	113.82		4	3	3		3	1		0.50		1.98		2
1	1	19	119.60		2	2	2		2	1		0.50		1.92		2
1	1	20	125.38		2	2	2		2	1		0.50		1.28		2
1	1	21	131.16		3	3	3		3	1		1.00		0.85		2
1	1	22	137.45		2	1	1		2	0		1.00		0.89		2
1	1	23	143.73		4	4	4		3	0		0.50		1.80		2
1	1	24	149.51		2	1	1		2	0		0.50		0.88		2
1	1	25	155.29		1	1	1		1	1		0.50		2.01		2
1	1	26	161.08		1	1	1		1	1		1.00		2.19		2
1	1	27	167.36		3	3	3		3	1		0.50		1.94		2
1	1	28	173.14		4	4	4		4	1		1.00		2.69		2
1	1	29	179.42		2	2	2		2	1		1.00		2.24		2
1	1	30	185.71		3	4	4		4	1		0.50		2.11		2
1	1	31	191.49		1	1	1		1	1		1.00		2.36		2
1	1	32	197.77		3	3	3		3	1		1.00		2.28		2
1	1	33	204.05		2	2	2		2	1		4.00		5.30		2
1	1	34	213.33		1	1	1		1	1		0.50		1.67		2
1	1	35	219.12		3	4	4		4	1		0.50		2.70		2
1	1	36	224.90		2	2	2		2	1		0.50		1.70		2
1	1	37	230.68		3	3	3		3	1		0.50		2.17		2
1	1	38	236.46		4	4	4		4	1		1.00		3.33		2
1	1	39	242.75		4	4	4		4	1		0.50		2.18		2
1	1	40	248.53		3	4	4		4	1		1.00		2.46		2
1	1	41	254.81		2	2	2		2	1		1.00		2.59		2
1	1	42	261.09		1	2	2		2	1		4.00		5.38		2
1	1	43	270.38		4	4	4		4	1		1.00		2.59		2
1	1	44	276.66		1	1	1		2	0		4.00		5.09		2
1	1	45	285.94		4	4	4		4	1		0.50		2.09		2
1	1	46	291.72		3	4	4		4	1		0.50		2.09		2
1	1	47	297.51		3	4	4		4	1		1.00		3.07		2
1	1	48	303.79		1	1	1		1	1		0.50		1.93		2
1	1	49	309.57		1	1	1		1	1		0.50		2.50		2
1	1	50	315.35		3	4	4		4	1		0.50		2.05		2
1	1	51	321.13		2	2	2		2	1		1.00		2.99		2
1	1	52	327.42		1	2	2		2	1		1.00		2.56		2
1	1	53	333.70		3	4	4		4	1		1.00		3.03		2
1	1	54	339.98		3	4	4		4	1		0.50		1.80		2
1	1	55	345.76		3	3	3		3	1		1.00		2.23		2
1	1	56	352.05		1	1	1		1	1		1.00		2.88		2
1	1	57	358.33		4	3	3		3	1		1.00		1.75		2
1	1	58	364.61		4	3	3		3	1		1.00		2.35		2
1	1	59	370.89		1	1	1		1	1		1.00		1.70		2
1	1	60	377.18		4	3	3		3	1		0.50		1.20		2
1	1	61	382.96		3	3	3		4	0		0.50		1.15		2
1	1	62	388.74		1	1	1		2	0		1.00		1.54		2
1	1	63	395.02		2	2	2		2	1		0.50		1.04		2
1	1	64	400.81		3	4	4		4	1		4.00		2.87		2
1	1	65	410.09		2	1	1		2	0		0.50		1.25		2
1	1	66	415.87		4	3	3		3	1		0.50		2.10		2
1	1	67	421.65		4	3	3		3	1		1.00		1.75		2
1	1	68	427.94		4	3	3		3	1		0.50		0.82		2
1	1	69	433.72		3	4	4		3	0		0.50		0.74		2
1	1	70	439.50		1	1	1		2	0		1.00		1.35		2
1	1	71	445.78		2	1	1		1	1		0.50		1.71		2
1	1	72	451.57		1	1	1		2	0		0.50		1.45		2
1	1	73	457.35		4	3	3		3	1		1.00		2.15		2
1	1	74	463.63		3	3	3		4	0		1.00		1.50		2
1	1	75	469.91		1	1	1		2	0		0.50		1.44		2
1	1	76	475.69		2	2	2		1	0		4.00		3.30		2
1	1	77	484.98		1	1	1		1	1		0.50		1.14		2
1	1	78	490.76		4	4	4		3	0		1.00		1.75		2
1	1	79	497.04		4	4	4		4	1		1.00		3.32		2
1	1	80	503.32		1	1	1		1	1		0.50		2.28		2
1	1	81	509.11		1	1	1		1	1		0.50		1.99		2
1	1	82	514.89		4	4	4		NaN	NaN		0.50		NaN		2
1	1	83	520.67		1	1	1		1	1		0.50		1.88		2
1	1	84	526.45		3	3	3		3	1		1.00		2.66		2
1	1	85	532.74		2	2	2		2	1		4.00		5.45		2
1	1	86	542.02		1	2	2		2	1		1.00		2.35		2
1	1	87	548.30		1	1	1		1	1		0.50		2.33		2
1	1	88	554.08		2	2	2		2	1		1.00		2.72		2
1	1	89	560.37		3	3	3		3	1		1.00		2.91		2
1	1	90	566.65		2	2	2		2	1		1.00		2.54		2
1	1	91	572.91		4	3	3		NaN	NaN		4.00		NaN		2
1	1	92	582.20		1	1	1		1	1		0.50		1.99		2
1	1	93	587.98		4	4	4		4	1		0.50		2.00		2
1	1	94	593.76		3	3	3		3	1		0.50		2.44		2
1	1	95	599.54		4	3	3		3	1		1.00		2.53		2
1	1	96	605.83		2	1	1		1	1		1.00		2.73		2
1	1	97	612.11		1	2	2		2	1		1.00		2.52		2
1	1	98	618.39		1	1	1		NaN	NaN		4.00		NaN		2
1	1	99	627.67		2	2	2		2	1		1.00		3.01		2
1	1	100	633.96		4	4	4		4	1		0.50		2.08		2
1	2	101	688.23		3	3	3		3	1		1.00		3.30		2
1	2	102	695.51		3	4	4		4	1		1.00		3.17		2
1	2	103	702.79		3	4	4		4	1		1.00		3.10		2
1	2	104	710.08		2	1	1		1	1		1.00		3.47		2
1	2	105	717.36		4	3	3		3	1		0.50		2.57		2
1	2	106	724.14		4	4	4		3	0		0.50		1.63		2
1	2	107	730.92		2	2	2		2	1		0.50		1.53		2
1	2	108	737.71		4	4	4		3	0		0.50		2.03		2
1	2	109	744.49		3	4	4		4	1		0.50		1.18		2
1	2	110	751.27		4	4	4		4	1		1.00		2.87		2
1	2	111	758.55		2	2	2		2	1		0.50		1.52		2
1	2	112	765.33		2	2	2		2	1		1.00		1.03		2
1	2	113	772.62		2	2	2		2	1		0.50		1.63		2
1	2	114	779.40		2	2	2		2	1		1.00		1.75		2
1	2	115	786.68		2	2	2		2	1		1.00		1.39		2
1	2	116	793.96		1	2	2		1	0		0.50		1.25		2
1	2	117	800.75		3	4	4		3	0		0.50		1.68		2
1	2	118	807.53		3	3	3		3	1		0.50		2.45		2
1	2	119	814.31		3	3	3		4	0		0.50		1.70		2
1	2	120	821.09		1	1	1		1	1		1.00		2.28		2
1	2	121	828.38		4	4	4		3	0		4.00		4.64		2
1	2	122	838.66		2	2	2		2	1		0.50		0.72		2
1	2	123	845.44		2	2	2		2	1		0.50		2.37		2
1	2	124	852.22		2	1	1		2	0		1.00		1.75		2
1	2	125	859.50		3	3	3		3	1		0.50		1.73		2
1	2	126	866.29		3	4	4		4	1		4.00		5.83		2
1	2	127	876.57		1	1	1		1	1		0.50		1.25		2
1	2	128	883.35		1	1	1		1	1		1.00		1.09		2
1	2	129	890.63		2	1	1		2	0		4.00		4.26		2
1	2	130	900.91		2	2	2		2	1		0.50		1.11		2
1	2	131	907.70		3	4	4		4	1		1.00		2.23		2
1	2	132	914.98		4	3	3		3	1		0.50		1.25		2
1	2	133	921.76		1	1	1		2	0		0.50		1.87		2
1	2	134	928.54		2	2	2		2	1		0.50		0.93		2
1	2	135	935.33		1	1	1		1	1		0.50		1.23		2
1	2	136	942.11		3	3	3		3	1		1.00		2.77		2
1	2	137	949.39		3	4	4		4	1		0.50		2.08		2
1	2	138	956.17		4	4	4		3	0		4.00		2.09		2
1	2	139	966.45		4	3	3		4	0		0.50		2.18		2
1	2	140	973.24		4	3	3		4	0		0.50		1.65		2
1	2	141	980.02		1	1	1		1	1		4.00		3.71		2
1	2	142	990.30		4	4	4		3	0		0.50		1.90		2
1	2	143	997.08		4	3	3		3	1		1.00		1.22		2
1	2	144	1004.37		3	4	4		4	1		0.50		0.95		2
1	2	145	1011.15		1	1	1		1	1		0.50		1.30		2
1	2	146	1017.93		1	1	1		1	1		1.00		1.75		2
1	2	147	1025.21		1	1	1		1	1		1.00		1.04		2
1	2	148	1032.49		2	2	2		2	1		0.50		0.97		2
1	2	149	1039.28		2	2	2		2	1		4.00		1.92		2
1	2	150	1049.56		1	2	2		1	0		0.50		1.23		2
1	2	151	1056.34		3	3	3		3	1		0.50		3.75		2
1	2	152	1063.12		4	4	4		4	1		1.00		4.03		2
1	2	153	1070.41		1	1	1		1	1		0.50		3.03		2
1	2	154	1077.19		1	1	1		1	1		4.00		1.12		2
1	2	155	1087.47		1	1	1		2	0		0.50		0.77		2
1	2	156	1094.25		1	1	1		1	1		0.50		1.15		2
1	2	157	1101.03		1	2	2		1	0		0.50		1.25		2
1	2	158	1107.82		1	1	1		1	1		1.00		1.22		2
1	2	159	1115.10		4	3	3		3	1		1.00		1.60		2
1	2	160	1122.38		1	1	1		1	1		0.50		1.25		2
1	2	161	1129.16		1	2	2		1	0		0.50		1.24		2
1	2	162	1135.95		4	3	3		3	1		1.00		2.43		2
1	2	163	1143.23		2	2	2		2	1		1.00		1.87		2
1	2	164	1150.51		4	4	4		4	1		1.00		3.55		2
1	2	165	1157.79		3	4	4		3	0		0.50		2.00		2
1	2	166	1164.57		3	3	3		3	1		4.00		3.12		2
1	2	167	1174.86		2	1	1		1	1		1.00		2.92		2
1	2	168	1182.14		4	4	4		3	0		0.50		1.25		2
1	2	169	1188.92		2	2	2		2	1		1.00		1.18		2
1	2	170	1196.20		4	3	3		3	1		1.00		3.37		2
1	2	171	1203.48		1	1	1		1	1		1.00		0.95		2
1	2	172	1210.77		2	2	2		2	1		4.00		4.59		2
1	2	173	1221.05		4	3	3		3	1		1.00		1.55		2
1	2	174	1228.33		4	4	4		4	1		1.00		0.72		2
1	2	175	1235.61		3	4	4		4	1		0.50		1.63		2
1	2	176	1242.40		3	3	3		3	1		0.50		1.93		2
1	2	177	1249.18		3	3	3		3	1		1.00		2.45		2
1	2	178	1256.46		2	2	2		2	1		1.00		1.04		2
1	2	179	1263.74		4	3	3		3	1		4.00		4.31		2
1	2	180	1274.02		3	3	3		4	0		0.50		0.88		2
Block	Phase	Trial	RunningTime	Cue	Image	CorrResp	Resp	Accuracy	ISI	RT_from_CueOnset	ITI
2	1	1	0.52		1	2	2		2	1		1.00		2.65		2
2	1	2	6.80		3	4	4		3	0		0.50		2.01		2
2	1	3	12.58		4	4	4		3	0		1.00		2.45		2
2	1	4	18.86		3	3	3		3	1		4.00		5.36		2
2	1	5	28.15		2	1	1		1	1		1.00		2.43		2
2	1	6	34.43		4	3	3		3	1		0.50		1.94		2
2	1	7	40.21		1	1	1		1	1		1.00		2.80		2
2	1	8	46.49		1	2	2		2	1		0.50		1.82		2
2	1	9	52.28		3	3	3		3	1		1.00		2.61		2
2	1	10	58.56		4	4	4		4	1		1.00		2.62		2
2	1	11	64.84		3	3	3		3	1		1.00		0.54		2
2	1	12	71.12		4	4	4		4	1		1.00		2.38		2
2	1	13	77.41		4	4	4		4	1		0.50		1.25		2
2	1	14	83.19		3	3	3		3	1		0.50		1.64		2
2	1	15	88.97		2	1	1		2	0		0.50		1.09		2
2	1	16	94.75		3	3	3		3	1		0.50		1.56		2
2	1	17	100.53		2	1	1		1	1		0.50		1.71		2
2	1	18	106.32		4	4	4		3	0		0.50		1.21		2
2	1	19	112.10		3	3	3		3	1		0.50		2.08		2
2	1	20	117.88		2	2	2		2	1		1.00		3.06		2
2	1	21	124.16		3	3	3		3	1		0.50		1.05		2
2	1	22	129.95		3	3	3		3	1		1.00		2.92		2
2	1	23	136.23		4	4	4		4	1		1.00		2.91		2
2	1	24	142.51		3	4	4		3	0		0.50		2.26		2
2	1	25	148.29		4	4	4		4	1		0.50		1.93		2
2	1	26	154.08		1	1	1		2	0		0.50		1.12		2
2	1	27	159.86		2	2	2		2	1		1.00		2.67		2
2	1	28	166.14		1	1	1		1	1		0.50		2.81		2
2	1	29	171.92		4	3	3		3	1		0.50		2.06		2
2	1	30	177.71		1	1	1		2	0		0.50		0.73		2
2	1	31	183.49		3	3	3		3	1		0.50		2.12		2
2	1	32	189.27		2	1	1		NaN	NaN		0.50		NaN		2
2	1	33	195.05		2	2	2		2	1		0.50		1.80		2
2	1	34	200.84		1	1	1		1	1		0.50		2.44		2
2	1	35	206.62		2	2	2		2	1		0.50		2.02		2
2	1	36	212.40		2	2	2		2	1		1.00		2.32		2
2	1	37	218.68		4	4	4		4	1		0.50		1.97		2
2	1	38	224.47		4	4	4		4	1		1.00		2.87		2
2	1	39	230.75		1	2	2		NaN	NaN		0.50		NaN		2
2	1	40	236.53		1	1	1		1	1		1.00		2.79		2
2	1	41	242.81		2	2	2		2	1		0.50		2.06		2
2	1	42	248.60		2	2	2		2	1		1.00		3.05		2
2	1	43	254.88		2	2	2		2	1		4.00		5.47		2
2	1	44	264.16		3	3	3		3	1		1.00		2.80		2
2	1	45	270.44		2	2	2		2	1		4.00		5.43		2
2	1	46	279.72		3	3	3		3	1		0.50		2.47		2
2	1	47	285.51		3	3	3		3	1		0.50		1.81		2
2	1	48	291.29		1	1	1		1	1		1.00		2.63		2
2	1	49	297.57		2	2	2		1	0		1.00		3.68		2
2	1	50	303.85		3	3	3		3	1		4.00		5.76		2
2	1	51	313.14		1	2	2		2	1		0.50		1.03		2
2	1	52	318.92		4	4	4		3	0		1.00		2.52		2
2	1	53	325.20		2	1	1		NaN	NaN		1.00		NaN		2
2	1	54	331.48		1	2	2		2	1		4.00		5.14		2
2	1	55	340.77		1	1	1		2	0		1.00		2.12		2
2	1	56	347.05		4	4	4		4	1		0.50		2.72		2
2	1	57	352.83		2	1	1		1	1		0.50		2.06		2
2	1	58	358.61		3	4	4		4	1		0.50		2.59		2
2	1	59	364.39		1	1	1		1	1		0.50		2.00		2
2	1	60	370.18		4	4	4		4	1		1.00		2.92		2
2	1	61	376.46		2	1	1		NaN	NaN		0.50		NaN		2
2	1	62	382.24		3	4	4		4	1		1.00		2.40		2
2	1	63	388.52		1	2	2		2	1		0.50		1.77		2
2	1	64	394.31		1	2	2		2	1		0.50		1.82		2
2	1	65	400.09		2	1	1		1	1		4.00		6.13		2
2	1	66	409.37		3	3	3		3	1		0.50		2.07		2
2	1	67	415.15		1	2	2		2	1		1.00		0.78		2
2	1	68	421.44		4	4	4		4	1		1.00		2.68		2
2	1	69	427.72		2	2	2		2	1		1.00		2.72		2
2	1	70	434.00		1	1	1		1	1		0.50		2.40		2
2	1	71	439.78		4	4	4		4	1		4.00		5.67		2
2	1	72	449.07		4	3	3		3	1		1.00		3.07		2
2	1	73	455.35		3	3	3		3	1		0.50		3.19		2
2	1	74	461.13		3	3	3		3	1		1.00		2.90		2
2	1	75	467.41		4	3	3		3	1		0.50		1.99		2
2	1	76	473.20		3	3	3		3	1		0.50		2.21		2
2	1	77	478.98		1	1	1		2	0		4.00		1.32		2
2	1	78	488.26		2	2	2		2	1		0.50		2.46		2
2	1	79	494.04		4	4	4		4	1		0.50		2.31		2
2	1	80	499.82		4	4	4		4	1		4.00		5.72		2
2	1	81	509.11		1	1	1		2	0		0.50		0.84		2
2	1	82	514.89		4	4	4		4	1		1.00		2.27		2
2	1	83	521.17		2	1	1		1	1		0.50		1.88		2
2	1	84	526.95		4	3	3		3	1		1.00		2.79		2
2	1	85	533.24		3	4	4		3	4		0.00		1.00		1
2	1	86	539.52		4	3	3		4	0		1.00		2.25		2
2	1	87	545.80		3	4	4		3	0		1.00		0.86		2
2	1	88	552.08		1	2	2		2	1		4.00		2.17		2
2	1	89	561.37		2	2	2		2	1		0.50		1.86		2
2	1	90	567.15		1	1	1		2	0		0.50		1.04		2
2	1	91	572.93		3	3	3		3	1		1.00		1.20		2
2	1	92	579.21		2	2	2		2	1		0.50		1.85		2
2	1	93	584.99		1	1	1		2	0		1.00		0.78		2
2	1	94	591.28		4	3	3		4	0		0.50		1.25		2
2	1	95	597.06		4	3	3		3	1		4.00		2.80		2
2	1	96	606.34		1	2	2		2	1		1.00		1.67		2
2	1	97	612.62		1	1	1		1	1		1.00		3.18		2
2	1	98	618.91		2	2	2		2	1		0.50		1.83		2
2	1	99	624.69		3	4	4		4	1		4.00		5.51		2
2	1	100	633.97		2	1	1		1	1		1.00		3.67		2
2	2	101	688.11		1	1	1		2	0		0.50		0.89		2
2	2	102	694.89		4	4	4		3	0		1.00		2.43		2
2	2	103	702.18		3	3	3		3	1		0.50		1.01		2
2	2	104	708.96		2	2	2		1	0		1.00		1.69		2
2	2	105	716.24		4	4	4		4	1		1.00		0.99		2
2	2	106	723.52		2	2	2		2	1		4.00		1.04		2
2	2	107	733.81		2	1	1		2	0		0.50		1.07		2
2	2	108	740.59		2	1	1		2	0		4.00		3.46		2
2	2	109	750.87		3	3	3		3	1		0.50		1.07		2
2	2	110	757.65		4	4	4		4	1		0.50		0.89		2
2	2	111	764.43		3	4	4		3	0		1.00		0.90		2
2	2	112	771.72		1	1	1		2	0		0.50		0.92		2
2	2	113	778.50		1	2	2		2	1		1.00		1.02		2
2	2	114	785.78		2	2	2		2	1		1.00		2.45		2
2	2	115	793.06		4	4	4		4	1		0.50		1.48		2
2	2	116	799.85		2	2	2		2	1		1.00		3.28		2
2	2	117	807.13		4	4	4		4	1		0.50		0.95		2
2	2	118	813.91		2	1	1		1	1		1.00		1.03		2
2	2	119	821.19		3	4	4		3	0		4.00		5.45		2
2	2	120	831.47		1	1	1		2	0		1.00		1.14		2
2	2	121	838.76		1	2	2		2	1		0.50		1.06		2
2	2	122	845.54		4	3	3		4	0		0.50		1.01		2
2	2	123	852.32		1	2	2		2	1		1.00		0.75		2
2	2	124	859.60		2	2	2		1	0		0.50		1.27		2
2	2	125	866.39		3	3	3		4	0		0.50		0.87		2
2	2	126	873.17		1	1	1		2	0		0.50		1.01		2
2	2	127	879.95		1	2	2		2	1		0.50		1.21		2
2	2	128	886.73		1	2	2		2	1		0.50		1.15		2
2	2	129	893.51		2	1	1		1	1		0.50		0.87		2
2	2	130	900.30		4	3	3		3	1		1.00		3.32		2
2	2	131	907.58		4	4	4		3	0		0.50		1.97		2
2	2	132	914.36		2	2	2		2	1		0.50		1.14		2
2	2	133	921.14		4	3	3		3	1		1.00		2.95		2
2	2	134	928.43		3	3	3		3	1		1.00		1.68		2
2	2	135	935.71		3	4	4		4	1		0.50		4.22		2
2	2	136	942.49		2	2	2		1	0		1.00		0.85		2
2	2	137	949.77		3	3	3		3	1		1.00		1.35		2
2	2	138	957.06		1	1	1		2	0		0.50		1.15		2
2	2	139	963.84		2	2	2		2	1		1.00		1.04		2
2	2	140	971.12		3	3	3		3	1		0.50		1.22		2
2	2	141	977.90		1	1	1		2	0		0.50		0.95		2
2	2	142	984.68		1	2	2		2	1		0.50		1.25		2
2	2	143	991.47		3	4	4		3	0		0.50		1.63		2
2	2	144	998.25		3	3	3		3	1		0.50		1.07		2
2	2	145	1005.03		3	3	3		3	1		4.00		4.61		2
2	2	146	1015.31		3	4	4		3	0		0.50		0.90		2
2	2	147	1022.10		2	2	2		2	1		4.00		3.25		2
2	2	148	1032.38		3	3	3		3	1		1.00		1.73		2
2	2	149	1039.66		2	1	1		1	1		0.50		1.16		2
2	2	150	1046.44		1	1	1		2	0		1.00		1.04		2
2	2	151	1053.72		1	1	1		2	0		0.50		0.91		2
2	2	152	1060.51		1	1	1		2	0		1.00		0.92		2
2	2	153	1067.77		4	4	4		4	1		0.50		1.25		2
2	2	154	1074.55		4	3	3		4	0		1.00		1.26		2
2	2	155	1081.84		4	3	3		3	1		4.00		0.99		2
2	2	156	1092.12		1	2	2		2	1		1.00		0.95		2
2	2	157	1099.40		4	4	4		4	1		4.00		3.34		2
2	2	158	1109.68		4	4	4		4	1		1.00		1.55		2
2	2	159	1116.96		4	3	3		4	0		0.50		0.91		2
2	2	160	1123.75		2	1	1		2	0		1.00		1.93		2
2	2	161	1131.03		3	3	3		3	1		0.50		1.03		2
2	2	162	1137.81		3	3	3		3	1		0.50		0.88		2
2	2	163	1144.59		4	4	4		4	1		1.00		0.89		2
2	2	164	1151.88		2	2	2		1	0		0.50		1.04		2
2	2	165	1158.66		4	4	4		4	1		4.00		0.91		2
2	2	166	1168.94		4	4	4		3	0		1.00		1.16		2
2	2	167	1176.22		3	3	3		3	1		1.00		1.00		2
2	2	168	1183.51		1	2	2		2	1		4.00		1.57		2
2	2	169	1193.79		1	1	1		1	1		0.50		1.09		2
2	2	170	1200.57		2	1	1		2	0		1.00		1.53		2
2	2	171	1207.85		2	2	2		1	0		1.00		1.25		2
2	2	172	1215.13		2	2	2		2	1		0.50		0.86		2
2	2	173	1221.92		1	1	1		1	1		0.50		1.25		2
2	2	174	1228.70		3	3	3		3	1		1.00		1.22		2
2	2	175	1235.98		3	4	4		4	1		0.50		1.25		2
2	2	176	1242.76		4	4	4		4	1		1.00		2.88		2
2	2	177	1250.04		3	3	3		3	1		0.50		1.11		2
2	2	178	1256.83		1	1	1		2	0		4.00		4.75		2
2	2	179	1267.11		2	1	1		1	1		0.50		1.25		2
2	2	180	1273.89		4	3	3		4	0		0.50		2.98		2
