*********************************************
* Combray
* Date/Time: 20-Mar-2015 10:05:52
* Seed: 209224.7714
* Subject Number: 09
* Subject Name: kl
*********************************************

Block	Phase	Trial	RunningTime	Cue	Image	CorrResp	Resp	Accuracy	ISI	RT_from_CueOnset	ITI
1	1	1	0.52		1	1	1		1	1		0.50		1.87		2
1	1	2	6.30		2	2	2		2	1		0.50		1.88		2
1	1	3	12.08		3	4	4		4	1		0.50		2.03		2
1	1	4	17.86		4	4	4		4	1		0.50		2.22		2
1	1	5	23.65		3	3	3		3	1		0.50		2.06		2
1	1	6	29.43		1	2	2		1	0		1.00		1.00		2
1	1	7	35.71		4	4	4		4	1		0.50		1.94		2
1	1	8	41.49		3	3	3		3	1		1.00		2.57		2
1	1	9	47.78		3	4	4		4	1		1.00		2.53		2
1	1	10	54.06		1	1	1		1	1		0.50		1.84		2
1	1	11	59.84		2	2	2		2	1		0.50		1.81		2
1	1	12	65.62		3	3	3		3	1		1.00		2.68		2
1	1	13	71.91		1	2	2		2	1		1.00		2.47		2
1	1	14	78.19		2	1	1		1	1		0.50		1.95		2
1	1	15	83.97		2	1	1		1	1		1.00		2.20		2
1	1	16	90.25		2	2	2		1	0		4.00		0.64		2
1	1	17	99.53		3	3	3		3	1		1.00		2.37		2
1	1	18	105.82		4	3	3		4	0		1.00		2.10		2
1	1	19	112.10		2	2	2		2	1		0.50		1.89		2
1	1	20	117.88		4	4	4		4	1		1.00		2.37		2
1	1	21	124.16		3	3	3		3	1		0.50		1.98		2
1	1	22	129.95		4	4	4		4	1		4.00		5.44		2
1	1	23	139.23		1	1	1		1	1		1.00		2.18		2
1	1	24	145.51		1	1	1		1	1		0.50		0.82		2
1	1	25	151.29		3	3	3		3	1		1.00		1.57		2
1	1	26	157.58		4	4	4		4	1		0.50		0.75		2
1	1	27	163.36		2	1	1		2	0		0.50		1.65		2
1	1	28	169.14		4	4	4		4	1		1.00		0.92		2
1	1	29	175.42		3	4	4		4	1		0.50		1.85		2
1	1	30	181.21		2	2	2		2	1		1.00		1.65		2
1	1	31	187.49		1	1	1		1	1		0.50		0.75		2
1	1	32	193.27		2	2	2		1	0		1.00		0.65		2
1	1	33	199.55		2	2	2		2	1		1.00		0.75		2
1	1	34	205.84		1	2	2		1	0		4.00		1.19		2
1	1	35	215.12		2	1	1		2	0		0.50		0.85		2
1	1	36	220.90		1	2	2		2	1		0.50		1.09		2
1	1	37	226.68		4	4	4		4	1		0.50		0.87		2
1	1	38	232.46		3	3	3		3	1		0.50		0.87		2
1	1	39	238.25		2	2	2		1	0		1.00		1.24		2
1	1	40	244.53		1	1	1		1	1		1.00		1.09		2
1	1	41	250.81		4	3	3		4	0		0.50		0.78		2
1	1	42	256.59		4	3	3		3	1		0.50		1.18		2
1	1	43	262.38		4	4	4		3	0		1.00		0.84		2
1	1	44	268.66		1	2	2		1	0		0.50		1.10		2
1	1	45	274.44		4	4	4		3	0		0.50		1.03		2
1	1	46	280.22		2	2	2		1	0		0.50		1.04		2
1	1	47	286.01		1	1	1		1	1		0.50		1.22		2
1	1	48	291.79		2	2	2		2	1		0.50		1.25		2
1	1	49	297.57		1	1	1		1	1		0.50		0.83		2
1	1	50	303.35		3	3	3		3	1		0.50		0.95		2
1	1	51	309.14		3	4	4		3	0		1.00		0.67		2
1	1	52	315.42		3	3	3		4	0		1.00		0.75		2
1	1	53	321.70		3	4	4		3	0		0.50		0.75		2
1	1	54	327.48		2	2	2		1	0		4.00		1.25		2
1	1	55	336.77		3	3	3		3	1		0.50		1.35		2
1	1	56	342.55		2	1	1		2	0		1.00		0.98		2
1	1	57	348.83		3	3	3		4	0		0.50		1.32		2
1	1	58	354.61		4	3	3		4	0		4.00		0.95		2
1	1	59	363.89		3	3	3		3	1		0.50		1.01		2
1	1	60	369.68		1	2	2		1	0		0.50		1.05		2
1	1	61	375.46		1	1	1		2	0		1.00		0.95		2
1	1	62	381.74		3	3	3		3	1		0.50		1.07		2
1	1	63	387.52		4	4	4		4	1		1.00		0.84		2
1	1	64	393.81		3	4	4		3	0		1.00		0.96		2
1	1	65	400.09		2	1	1		1	1		0.50		1.20		2
1	1	66	405.87		1	1	1		1	1		1.00		1.04		2
1	1	67	412.15		2	1	1		1	1		0.50		1.06		2
1	1	68	417.94		3	3	3		3	1		0.50		0.90		2
1	1	69	423.72		1	1	1		1	1		4.00		0.99		2
1	1	70	433.00		2	2	2		1	0		1.00		0.81		2
1	1	71	439.28		2	1	1		1	1		4.00		0.82		2
1	1	72	448.57		1	1	1		1	1		0.50		1.25		2
1	1	73	454.35		3	3	3		3	1		4.00		0.90		2
1	1	74	463.63		4	4	4		4	1		0.50		0.70		2
1	1	75	469.41		2	1	1		1	1		0.50		0.90		2
1	1	76	475.19		1	2	2		1	0		0.50		0.81		2
1	1	77	480.98		1	2	2		1	0		0.50		0.71		2
1	1	78	486.76		4	4	4		4	1		1.00		0.75		2
1	1	79	493.04		3	3	3		3	1		0.50		2.58		2
1	1	80	498.82		3	4	4		3	0		4.00		0.87		2
1	1	81	508.11		2	2	2		1	0		1.00		0.95		2
1	1	82	514.39		4	4	4		3	0		4.00		0.71		2
1	1	83	523.67		3	3	3		4	0		1.00		0.82		2
1	1	84	529.95		4	3	3		4	0		1.00		0.65		2
1	1	85	536.24		2	1	1		1	1		1.00		0.99		2
1	1	86	542.52		1	2	2		1	0		4.00		0.85		2
1	1	87	551.80		4	4	4		4	1		1.00		0.75		2
1	1	88	558.08		1	1	1		1	1		1.00		0.78		2
1	1	89	564.36		4	4	4		4	1		0.50		0.83		2
1	1	90	570.15		4	4	4		4	1		0.50		0.75		2
1	1	91	575.93		3	3	3		3	1		4.00		0.81		2
1	1	92	585.21		4	3	3		4	0		0.50		0.85		2
1	1	93	590.99		1	2	2		1	0		1.00		0.97		2
1	1	94	597.28		4	3	3		4	0		1.00		0.93		2
1	1	95	603.56		4	4	4		4	1		1.00		1.37		2
1	1	96	609.84		2	2	2		1	0		0.50		0.74		2
1	1	97	615.62		1	1	1		1	1		1.00		1.08		2
1	1	98	621.91		4	3	3		4	0		0.50		0.77		2
1	1	99	627.69		2	2	2		2	1		0.50		0.89		2
1	1	100	633.47		1	1	1		1	1		0.50		0.68		2
1	2	101	680.50		1	2	2		1	0		1.00		0.82		2
1	2	102	687.78		4	4	4		4	1		4.00		1.02		2
1	2	103	698.06		2	1	1		1	1		0.50		0.88		2
1	2	104	704.84		3	3	3		3	1		0.50		0.94		2
1	2	105	711.63		2	1	1		1	1		0.50		1.01		2
1	2	106	718.41		1	2	2		2	1		1.00		0.72		2
1	2	107	725.69		4	4	4		4	1		1.00		0.69		2
1	2	108	732.97		2	2	2		1	0		0.50		0.94		2
1	2	109	739.75		2	2	2		1	0		1.00		0.87		2
1	2	110	747.04		3	3	3		3	1		1.00		1.40		2
1	2	111	754.32		1	1	1		1	1		1.00		1.06		2
1	2	112	761.60		3	3	3		3	1		0.50		0.86		2
1	2	113	768.38		3	4	4		3	0		1.00		0.92		2
1	2	114	775.67		3	3	3		3	1		0.50		2.42		2
1	2	115	782.45		1	1	1		1	1		0.50		1.88		2
1	2	116	789.23		2	2	2		1	0		1.00		0.81		2
1	2	117	796.51		1	1	1		1	1		1.00		2.50		2
1	2	118	803.80		3	4	4		3	0		0.50		2.10		2
1	2	119	810.58		3	4	4		3	0		0.50		1.97		2
1	2	120	817.36		4	3	3		3	1		1.00		3.12		2
1	2	121	824.64		1	2	2		2	1		0.50		1.90		2
1	2	122	831.42		1	2	2		2	1		0.50		1.92		2
1	2	123	838.21		1	2	2		2	1		4.00		3.98		2
1	2	124	848.49		4	4	4		4	1		1.00		3.42		2
1	2	125	855.77		1	2	2		2	1		0.50		1.73		2
1	2	126	862.55		3	3	3		3	1		0.50		3.17		2
1	2	127	869.33		4	4	4		4	1		0.50		2.43		2
1	2	128	876.12		2	1	1		1	1		1.00		2.85		2
1	2	129	883.40		4	4	4		4	1		0.50		0.86		2
1	2	130	890.18		4	4	4		NaN	0		0.50		NaN		2
1	2	131	896.96		4	4	4		4	1		1.00		1.75		2
1	2	132	904.25		3	3	3		3	1		0.50		0.95		2
1	2	133	911.03		4	3	3		4	0		0.50		0.85		2
1	2	134	917.81		3	3	3		3	1		1.00		3.00		2
1	2	135	925.09		4	3	3		3	1		0.50		3.15		2
1	2	136	931.88		3	3	3		NaN	0		0.50		NaN		2
1	2	137	938.66		2	2	2		1	0		0.50		1.13		2
1	2	138	945.44		1	2	2		2	1		0.50		1.87		2
1	2	139	952.22		2	2	2		1	0		1.00		1.29		2
1	2	140	959.50		1	1	1		1	1		0.50		2.23		2
1	2	141	966.29		2	1	1		1	1		1.00		2.90		2
1	2	142	973.57		1	1	1		1	1		0.50		2.02		2
1	2	143	980.35		1	1	1		1	1		1.00		1.25		2
1	2	144	987.63		4	4	4		3	0		0.50		3.48		2
1	2	145	994.42		4	4	4		4	1		1.00		4.03		2
1	2	146	1001.70		1	1	1		1	1		0.50		2.80		2
1	2	147	1008.48		3	4	4		4	1		0.50		2.30		2
1	2	148	1015.26		4	3	3		3	1		1.00		3.40		2
1	2	149	1022.54		3	4	4		4	1		4.00		6.18		2
1	2	150	1032.83		2	2	2		1	0		1.00		0.95		2
1	2	151	1040.11		2	1	1		2	0		4.00		1.02		2
1	2	152	1050.39		3	3	3		4	0		1.00		3.63		2
1	2	153	1057.67		4	3	3		3	1		0.50		2.68		2
1	2	154	1064.46		1	2	2		2	1		1.00		2.53		2
1	2	155	1071.74		1	1	1		1	1		4.00		6.10		2
1	2	156	1082.02		2	2	2		2	1		0.50		1.93		2
1	2	157	1088.80		2	2	2		2	1		4.00		4.87		2
1	2	158	1099.08		2	2	2		2	1		1.00		1.42		2
1	2	159	1106.37		4	4	4		4	1		4.00		6.07		2
1	2	160	1116.65		4	4	4		4	1		0.50		2.88		2
1	2	161	1123.43		2	2	2		2	1		1.00		0.97		2
1	2	162	1130.71		2	1	1		2	0		0.50		0.85		2
1	2	163	1137.50		1	1	1		1	1		0.50		0.90		2
1	2	164	1144.28		4	4	4		4	1		1.00		3.20		2
1	2	165	1151.56		3	3	3		3	1		0.50		3.00		2
1	2	166	1158.34		2	2	2		2	1		4.00		3.05		2
1	2	167	1168.62		1	1	1		1	1		0.50		2.97		2
1	2	168	1175.41		3	3	3		NaN	0		1.00		NaN		2
1	2	169	1182.69		4	4	4		3	0		1.00		3.37		2
1	2	170	1189.97		3	3	3		3	1		0.50		2.67		2
1	2	171	1196.75		3	3	3		3	1		4.00		4.68		2
1	2	172	1207.03		2	2	2		1	0		0.50		1.47		2
1	2	173	1213.82		3	3	3		3	1		1.00		1.10		2
1	2	174	1221.10		3	4	4		3	0		0.50		0.87		2
1	2	175	1227.88		2	1	1		1	1		0.50		2.10		2
1	2	176	1234.66		4	3	3		3	1		1.00		3.10		2
1	2	177	1241.95		4	3	3		4	0		4.00		4.59		2
1	2	178	1252.23		2	1	1		1	1		1.00		2.47		2
1	2	179	1259.51		1	1	1		1	1		0.50		2.40		2
1	2	180	1266.29		1	1	1		1	1		0.50		2.57		2
Block	Phase	Trial	RunningTime	Cue	Image	CorrResp	Resp	Accuracy	ISI	RT_from_CueOnset	ITI
2	1	1	0.52		2	2	2		2	1		0.50		2.85		2
2	1	2	6.30		3	4	4		4	1		4.00		6.02		2
2	1	3	15.58		3	4	4		4	1		0.50		1.77		2
2	1	4	21.36		1	2	2		2	1		0.50		1.94		2
2	1	5	27.15		3	3	3		3	1		0.50		1.89		2
2	1	6	32.93		1	1	1		2	0		0.50		1.63		2
2	1	7	38.71		3	3	3		3	1		1.00		2.48		2
2	1	8	44.99		1	1	1		1	1		1.00		2.39		2
2	1	9	51.28		4	4	4		4	1		0.50		1.98		2
2	1	10	57.06		1	2	2		1	0		4.00		3.40		2
2	1	11	66.34		1	1	1		1	1		1.00		2.31		2
2	1	12	72.62		2	1	1		1	1		0.50		1.90		2
2	1	13	78.41		4	3	3		3	1		4.00		5.40		2
2	1	14	87.69		3	3	3		4	0		0.50		0.95		2
2	1	15	93.47		4	4	4		4	1		0.50		1.93		2
2	1	16	99.25		4	4	4		4	1		1.00		2.42		2
2	1	17	105.53		1	2	2		2	1		1.00		2.53		2
2	1	18	111.82		2	1	1		1	1		0.50		2.05		2
2	1	19	117.60		4	4	4		4	1		0.50		2.04		2
2	1	20	123.38		2	2	2		2	1		1.00		2.28		2
2	1	21	129.66		4	4	4		4	1		1.00		2.41		2
2	1	22	135.95		4	4	4		4	1		0.50		1.83		2
2	1	23	141.73		2	1	1		1	1		0.50		1.86		2
2	1	24	147.51		2	1	1		1	1		4.00		2.51		2
2	1	25	156.79		2	2	2		1	0		0.50		1.07		2
2	1	26	162.58		1	1	1		1	1		0.50		1.73		2
2	1	27	168.36		2	2	2		2	1		1.00		2.30		2
2	1	28	174.64		1	1	1		1	1		0.50		0.97		2
2	1	29	180.42		3	3	3		3	1		1.00		3.28		2
2	1	30	186.71		4	4	4		4	1		0.50		2.34		2
2	1	31	192.49		4	4	4		3	0		1.00		2.57		2
2	1	32	198.77		2	2	2		2	1		0.50		2.26		2
2	1	33	204.55		2	2	2		2	1		0.50		1.82		2
2	1	34	210.33		4	3	3		3	1		0.50		1.89		2
2	1	35	216.12		2	2	2		2	1		0.50		2.04		2
2	1	36	221.90		4	4	4		4	1		1.00		2.24		2
2	1	37	228.18		3	3	3		3	1		4.00		5.41		2
2	1	38	237.46		2	1	1		1	1		1.00		2.44		2
2	1	39	243.75		3	3	3		3	1		0.50		2.01		2
2	1	40	249.53		1	2	2		2	1		0.50		1.99		2
2	1	41	255.31		4	3	3		3	1		1.00		2.57		2
2	1	42	261.59		3	3	3		3	1		0.50		1.92		2
2	1	43	267.38		1	2	2		2	1		1.00		3.43		2
2	1	44	273.66		3	3	3		3	1		1.00		2.50		2
2	1	45	279.94		1	2	2		2	1		0.50		1.98		2
2	1	46	285.72		2	2	2		2	1		1.00		2.28		2
2	1	47	292.01		1	1	1		1	1		1.00		2.36		2
2	1	48	298.29		4	4	4		3	0		0.50		1.47		2
2	1	49	304.07		4	4	4		4	1		0.50		0.75		2
2	1	50	309.85		1	1	1		1	1		0.50		1.86		2
2	1	51	315.64		1	2	2		1	0		0.50		1.04		2
2	1	52	321.42		2	1	1		1	1		0.50		2.01		2
2	1	53	327.20		1	2	2		2	1		1.00		0.86		2
2	1	54	333.48		1	2	2		2	1		0.50		1.03		2
2	1	55	339.27		2	1	1		1	1		0.50		1.65		2
2	1	56	345.05		1	2	2		2	1		4.00		1.03		2
2	1	57	354.33		2	2	2		2	1		0.50		1.85		2
2	1	58	360.11		2	2	2		2	1		4.00		1.02		2
2	1	59	369.39		4	3	3		4	0		1.00		0.89		2
2	1	60	375.68		3	3	3		3	1		0.50		2.23		2
2	1	61	381.46		1	1	1		1	1		1.00		1.33		2
2	1	62	387.74		3	3	3		3	1		0.50		1.95		2
2	1	63	393.52		1	1	1		1	1		0.50		2.07		2
2	1	64	399.31		4	4	4		4	1		0.50		0.94		2
2	1	65	405.09		2	2	2		2	1		1.00		1.41		2
2	1	66	411.37		4	4	4		4	1		4.00		1.15		2
2	1	67	420.65		3	3	3		3	1		1.00		2.22		2
2	1	68	426.94		3	3	3		3	1		0.50		0.79		2
2	1	69	432.72		4	4	4		4	1		0.50		1.15		2
2	1	70	438.50		4	4	4		4	1		4.00		1.04		2
2	1	71	447.78		2	1	1		2	0		1.00		1.18		2
2	1	72	454.06		1	2	2		2	1		1.00		0.50		2
2	1	73	460.35		2	1	1		1	1		1.00		0.79		2
2	1	74	466.63		2	1	1		2	0		0.50		0.95		2
2	1	75	472.41		3	4	4		4	1		0.50		2.48		2
2	1	76	478.19		4	4	4		3	0		1.00		1.21		2
2	1	77	484.48		4	4	4		4	1		1.00		0.96		2
2	1	78	490.76		2	1	1		1	1		1.00		1.22		2
2	1	79	497.04		2	2	2		1	0		4.00		0.92		2
2	1	80	506.32		3	3	3		3	1		1.00		2.61		2
2	1	81	512.61		4	3	3		4	0		1.00		1.12		2
2	1	82	518.89		1	2	2		2	1		1.00		0.98		2
2	1	83	525.17		4	4	4		3	0		0.50		1.17		2
2	1	84	530.95		3	3	3		3	1		0.50		1.22		2
2	1	85	536.74		2	1	1		1	1		0.50		1.01		2
2	1	86	542.52		3	3	3		3	1		1.00		2.45		2
2	1	87	548.80		3	3	3		3	1		1.00		2.35		2
2	1	88	555.08		1	1	1		2	0		0.50		1.45		2
2	1	89	560.87		3	4	4		3	0		1.00		1.22		2
2	1	90	567.15		3	3	3		3	1		4.00		5.65		2
2	1	91	576.43		3	3	3		3	1		0.50		1.88		2
2	1	92	582.21		4	4	4		4	1		1.00		0.75		2
2	1	93	588.49		3	3	3		3	1		0.50		0.87		2
2	1	94	594.28		4	4	4		4	1		1.00		0.93		2
2	1	95	600.56		3	3	3		3	1		1.00		0.92		2
2	1	96	606.84		1	1	1		2	0		0.50		0.87		2
2	1	97	612.61		2	1	1		1	1		1.00		0.94		2
2	1	98	618.89		1	1	1		1	1		0.50		1.25		2
2	1	99	624.67		3	4	4		3	0		0.50		1.05		2
2	1	100	630.45		1	1	1		2	0		4.00		0.88		2
2	2	101	651.68		2	1	1		1	1		0.50		2.12		2
2	2	102	658.47		3	3	3		3	1		0.50		1.68		2
2	2	103	665.25		2	2	2		1	0		1.00		2.20		2
2	2	104	672.53		1	1	1		2	0		1.00		3.35		2
2	2	105	679.81		3	3	3		3	1		0.50		2.00		2
2	2	106	686.60		2	2	2		2	1		4.00		6.62		2
2	2	107	696.88		3	3	3		3	1		1.00		2.30		2
2	2	108	704.16		4	4	4		4	1		0.50		1.06		2
2	2	109	710.94		4	4	4		4	1		4.00		1.50		2
2	2	110	721.23		1	2	2		2	1		0.50		2.97		2
2	2	111	728.01		2	2	2		1	0		0.50		3.27		2
2	2	112	734.79		2	1	1		1	1		1.00		3.82		2
2	2	113	742.07		4	4	4		4	1		0.50		1.08		2
2	2	114	748.85		1	2	2		1	0		4.00		3.46		2
2	2	115	759.14		3	3	3		3	1		0.50		1.02		2
2	2	116	765.92		2	1	1		2	0		0.50		2.07		2
2	2	117	772.70		1	2	2		2	1		0.50		2.63		2
2	2	118	779.48		4	4	4		4	1		0.50		0.89		2
2	2	119	786.26		3	3	3		3	1		1.00		2.83		2
2	2	120	793.55		2	2	2		1	0		4.00		6.43		2
2	2	121	803.83		1	1	1		1	1		0.50		3.15		2
2	2	122	810.61		4	3	3		3	1		1.00		2.58		2
2	2	123	817.89		1	1	1		2	0		0.50		3.03		2
2	2	124	824.68		4	4	4		4	1		1.00		2.58		2
2	2	125	831.96		2	2	2		2	1		1.00		4.62		2
2	2	126	839.24		1	2	2		2	1		0.50		2.00		2
2	2	127	846.02		1	2	2		2	1		1.00		2.50		2
2	2	128	853.30		4	4	4		4	1		1.00		2.67		2
2	2	129	860.59		1	1	1		2	0		0.50		1.98		2
2	2	130	867.37		3	3	3		3	1		0.50		2.02		2
2	2	131	874.15		3	3	3		3	1		1.00		2.28		2
2	2	132	881.43		2	2	2		2	1		1.00		3.40		2
2	2	133	888.72		4	4	4		4	1		1.00		2.85		2
2	2	134	896.00		2	1	1		1	1		1.00		2.63		2
2	2	135	903.28		3	3	3		3	1		0.50		1.95		2
2	2	136	910.06		2	2	2		2	1		0.50		2.38		2
2	2	137	916.83		1	1	1		1	1		0.50		3.00		2
2	2	138	923.61		1	2	2		2	1		0.50		3.38		2
2	2	139	930.39		4	4	4		4	1		4.00		5.85		2
2	2	140	940.67		1	1	1		2	0		0.50		3.32		2
2	2	141	947.46		4	4	4		4	1		0.50		2.35		2
2	2	142	954.24		3	4	4		4	1		0.50		1.93		2
2	2	143	961.02		4	3	3		3	1		1.00		2.83		2
2	2	144	968.30		4	4	4		4	1		0.50		2.30		2
2	2	145	975.09		3	4	4		4	1		0.50		2.05		2
2	2	146	981.87		3	3	3		4	0		0.50		2.40		2
2	2	147	988.65		4	3	3		3	1		1.00		2.55		2
2	2	148	995.93		1	2	2		1	0		0.50		2.18		2
2	2	149	1002.72		4	3	3		3	1		4.00		6.18		2
2	2	150	1013.00		4	4	4		4	1		1.00		2.92		2
2	2	151	1020.28		3	3	3		3	1		0.50		2.07		2
2	2	152	1027.06		4	4	4		4	1		1.00		2.60		2
2	2	153	1034.34		1	1	1		2	0		1.00		2.80		2
2	2	154	1041.63		1	2	2		2	1		1.00		3.33		2
2	2	155	1048.91		3	3	3		3	1		1.00		2.72		2
2	2	156	1056.19		1	1	1		1	1		0.50		2.18		2
2	2	157	1062.97		2	2	2		2	1		0.50		2.48		2
2	2	158	1069.75		2	1	1		2	0		1.00		3.92		2
2	2	159	1077.04		4	4	4		4	1		0.50		2.67		2
2	2	160	1083.82		2	2	2		2	1		1.00		3.93		2
2	2	161	1091.10		4	4	4		4	1		0.50		2.13		2
2	2	162	1097.88		3	3	3		3	1		4.00		6.15		2
2	2	163	1108.17		2	1	1		1	1		4.00		6.68		2
2	2	164	1118.45		1	1	1		1	1		4.00		6.27		2
2	2	165	1128.73		4	4	4		4	1		0.50		2.37		2
2	2	166	1135.51		2	1	1		2	0		1.00		3.70		2
2	2	167	1142.79		3	3	3		3	1		0.50		2.92		2
2	2	168	1149.58		3	3	3		4	0		4.00		6.08		2
2	2	169	1159.86		1	1	1		2	0		1.00		2.45		2
2	2	170	1167.14		2	1	1		1	1		0.50		2.82		2
2	2	171	1173.92		1	2	2		2	1		1.00		3.38		2
2	2	172	1181.20		3	4	4		4	1		0.50		2.17		2
2	2	173	1187.99		4	4	4		4	1		1.00		2.97		2
2	2	174	1195.27		3	3	3		3	1		1.00		2.85		2
2	2	175	1202.55		3	3	3		3	1		1.00		3.05		2
2	2	176	1209.83		3	4	4		4	1		0.50		2.58		2
2	2	177	1216.62		2	2	2		1	0		0.50		2.80		2
2	2	178	1223.40		2	1	1		1	1		0.50		2.18		2
2	2	179	1230.18		1	2	2		2	1		0.50		3.98		2
2	2	180	1236.96		2	1	1		1	1		1.00		3.12		2
