*********************************************
* Combray
* Date/Time: 24-Apr-2015 11:35:51
* Seed: 213166.7134
* Subject Number: 26
* Subject Name: ajl
*********************************************

Block	Phase	Trial	RunningTime	Cue	Image	CorrResp	Resp	Accuracy	ISI	RT_from_CueOnset	ITI
1	1	1	0.52		4	4	4		4	1		1.00		2.40		2
1	1	2	6.80		3	3	3		3	1		1.00		2.44		2
1	1	3	13.08		1	1	1		1	1		1.00		2.34		2
1	1	4	19.36		3	4	4		4	1		1.00		2.35		2
1	1	5	25.65		1	1	1		1	1		1.00		1.96		2
1	1	6	31.93		4	4	4		3	0		1.00		1.96		2
1	1	7	38.21		2	1	1		2	0		1.00		1.98		2
1	1	8	44.49		1	2	2		1	0		1.00		2.04		2
1	1	9	50.78		3	4	4		4	1		1.00		2.37		2
1	1	10	57.06		3	3	3		3	1		1.00		2.55		2
1	1	11	63.34		2	2	2		2	1		1.00		2.46		2
1	1	12	69.62		2	2	2		2	1		1.00		2.11		2
1	1	13	75.91		4	4	4		4	1		1.00		2.28		2
1	1	14	82.19		4	3	3		4	0		1.00		2.19		2
1	1	15	88.47		4	4	4		4	1		1.00		2.25		2
1	1	16	94.75		1	1	1		1	1		1.00		2.15		2
1	1	17	101.04		3	3	3		3	1		1.00		2.20		2
1	1	18	107.32		3	3	3		3	1		1.00		2.12		2
1	1	19	113.60		4	4	4		4	1		1.00		2.16		2
1	1	20	119.88		1	2	2		2	1		1.00		2.26		2
1	1	21	126.16		4	4	4		4	1		1.00		2.13		2
1	1	22	132.45		3	3	3		3	1		1.00		2.14		2
1	1	23	138.73		4	4	4		4	1		1.00		2.20		2
1	1	24	145.01		4	3	3		3	1		1.00		2.29		2
1	1	25	151.29		3	3	3		3	1		1.00		2.41		2
1	1	26	157.58		1	1	1		1	1		1.00		2.25		2
1	1	27	163.86		1	2	2		2	1		1.00		2.19		2
1	1	28	170.14		4	4	4		4	1		1.00		2.22		2
1	1	29	176.42		2	1	1		1	1		1.00		2.27		2
1	1	30	182.71		4	4	4		4	1		1.00		2.32		2
1	1	31	188.99		2	2	2		2	1		1.00		2.12		2
1	1	32	195.27		3	3	3		3	1		1.00		2.29		2
1	1	33	201.55		2	2	2		2	1		1.00		2.15		2
1	1	34	207.84		2	2	2		2	1		1.00		2.08		2
1	1	35	214.12		2	2	2		2	1		1.00		2.10		2
1	1	36	220.40		1	1	1		1	1		1.00		2.04		2
1	1	37	226.68		1	1	1		1	1		1.00		2.04		2
1	1	38	232.96		2	1	1		2	0		1.00		2.14		2
1	1	39	239.25		4	4	4		4	1		1.00		2.14		2
1	1	40	245.53		4	4	4		4	1		1.00		2.06		2
1	1	41	251.81		4	4	4		4	1		1.00		2.06		2
1	1	42	258.09		1	1	1		1	1		1.00		2.12		2
1	1	43	264.38		2	1	1		2	0		1.00		2.09		2
1	1	44	270.66		2	1	1		1	1		1.00		2.43		2
1	1	45	276.94		4	4	4		4	1		1.00		2.43		2
1	1	46	283.22		1	1	1		1	1		1.00		2.16		2
1	1	47	289.51		3	4	4		3	0		1.00		2.27		2
1	1	48	295.79		2	2	2		2	1		1.00		2.46		2
1	1	49	302.07		3	3	3		3	1		1.00		2.31		2
1	1	50	308.35		2	2	2		2	1		1.00		2.15		2
1	1	51	314.64		4	4	4		4	1		1.00		2.10		2
1	1	52	320.92		2	2	2		2	1		1.00		2.05		2
1	1	53	327.20		1	2	2		2	1		1.00		2.12		2
1	1	54	333.48		3	4	4		3	0		1.00		2.31		2
1	1	55	339.77		2	2	2		2	1		1.00		2.24		2
1	1	56	346.05		2	1	1		1	1		1.00		2.22		2
1	1	57	352.33		4	4	4		4	1		1.00		2.08		2
1	1	58	358.61		3	3	3		3	1		1.00		2.26		2
1	1	59	364.89		1	1	1		1	1		1.00		2.16		2
1	1	60	371.18		1	1	1		1	1		1.00		2.20		2
1	1	61	377.46		1	1	1		1	1		1.00		2.22		2
1	1	62	383.74		3	3	3		3	1		1.00		2.23		2
1	1	63	390.02		1	2	2		2	1		1.00		2.19		2
1	1	64	396.31		4	4	4		4	1		1.00		2.20		2
1	1	65	402.59		4	4	4		4	1		1.00		2.27		2
1	1	66	408.87		2	2	2		2	1		1.00		2.30		2
1	1	67	415.15		2	2	2		2	1		1.00		2.29		2
1	1	68	421.44		4	3	3		3	1		1.00		2.23		2
1	1	69	427.72		2	2	2		2	1		1.00		2.37		2
1	1	70	434.00		4	4	4		4	1		1.00		2.21		2
1	1	71	440.28		3	3	3		3	1		1.00		2.15		2
1	1	72	446.57		2	2	2		1	0		1.00		2.29		2
1	1	73	452.85		3	3	3		3	1		1.00		2.20		2
1	1	74	459.13		3	3	3		3	1		1.00		2.28		2
1	1	75	465.41		1	1	1		1	1		1.00		2.29		2
1	1	76	471.70		1	1	1		1	1		1.00		2.13		2
1	1	77	477.98		3	3	3		3	1		1.00		2.21		2
1	1	78	484.26		2	1	1		1	1		1.00		2.42		2
1	1	79	490.54		2	2	2		2	1		1.00		2.19		2
1	1	80	496.82		2	2	2		2	1		1.00		2.28		2
1	1	81	503.11		4	3	3		3	1		1.00		2.16		2
1	1	82	509.39		1	1	1		1	1		1.00		2.31		2
1	1	83	515.67		1	1	1		1	1		1.00		2.12		2
1	1	84	521.95		2	1	1		1	1		1.00		2.26		2
1	1	85	528.24		3	3	3		3	1		1.00		2.20		2
1	1	86	534.52		3	3	3		3	1		1.00		2.35		2
1	1	87	540.80		1	1	1		1	1		1.00		2.31		2
1	1	88	547.08		1	1	1		1	1		1.00		2.14		2
1	1	89	553.37		2	2	2		2	1		1.00		2.21		2
1	1	90	559.65		1	1	1		1	1		1.00		2.14		2
1	1	91	565.93		3	3	3		3	1		1.00		2.14		2
1	1	92	572.21		3	3	3		3	1		1.00		2.01		2
1	1	93	578.50		3	3	3		3	1		1.00		1.92		2
1	1	94	584.78		3	4	4		3	0		1.00		2.00		2
1	1	95	591.06		1	2	2		1	0		1.00		2.23		2
1	1	96	597.34		4	3	3		4	0		1.00		1.99		2
1	1	97	603.63		3	3	3		3	1		1.00		2.18		2
1	1	98	609.91		4	4	4		4	1		1.00		2.12		2
1	1	99	616.19		4	4	4		4	1		1.00		2.01		2
1	1	100	622.47		1	2	2		2	1		1.00		2.29		2
1	2	101	660.60		4	4	4		4	1		10.00		1.26		2
1	2	102	676.88		3	3	3		3	1		10.00		1.51		2
1	2	103	693.16		2	2	2		2	1		6.00		0.99		2
1	2	104	705.44		2	2	2		2	1		10.00		1.54		2
1	2	105	721.73		2	1	1		2	0		6.00		2.41		2
1	2	106	734.01		1	2	2		1	0		10.00		8.31		2
1	2	107	750.29		2	2	2		1	0		8.00		10.05		2
1	2	108	764.57		3	3	3		4	0		10.00		11.60		2
1	2	109	780.85		2	2	2		2	1		10.00		11.90		2
1	2	110	797.13		2	1	1		1	1		8.00		9.73		2
1	2	111	811.41		2	2	2		2	1		6.00		7.63		2
1	2	112	823.69		1	1	1		1	1		8.00		9.77		2
1	2	113	837.97		1	1	1		1	1		6.00		7.62		2
1	2	114	850.25		4	4	4		4	1		10.00		11.48		2
1	2	115	866.54		4	4	4		4	1		8.00		9.53		2
1	2	116	880.82		4	3	3		4	0		6.00		7.43		2
1	2	117	893.10		2	1	1		2	0		8.00		9.58		2
1	2	118	907.38		1	1	1		1	1		6.00		7.47		2
1	2	119	919.66		3	3	3		3	1		8.00		9.87		2
1	2	120	933.94		4	3	3		4	0		8.00		9.47		2
1	2	121	948.22		2	2	2		2	1		10.00		11.46		2
1	2	122	964.50		2	2	2		2	1		6.00		7.23		2
1	2	123	976.79		2	1	1		1	1		10.00		11.45		2
1	2	124	993.07		1	1	1		1	1		10.00		11.23		2
1	2	125	1009.35		1	1	1		1	1		8.00		9.40		2
1	2	126	1023.63		1	1	1		1	1		8.00		9.43		2
1	2	127	1037.91		1	1	1		1	1		6.00		7.40		2
1	2	128	1050.19		3	3	3		3	1		6.00		7.38		2
1	2	129	1062.47		4	4	4		4	1		8.00		9.17		2
1	2	130	1076.75		3	4	4		4	1		6.00		7.53		2
1	2	131	1089.04		1	1	1		1	1		8.00		9.58		2
1	2	132	1103.32		3	4	4		4	1		10.00		11.35		2
1	2	133	1119.60		1	2	2		1	0		6.00		7.17		2
1	2	134	1131.88		4	4	4		4	1		8.00		9.38		2
1	2	135	1146.16		4	4	4		4	1		6.00		7.40		2
1	2	136	1158.44		3	3	3		3	1		8.00		9.20		2
1	2	137	1172.72		1	2	2		2	1		8.00		9.68		2
1	2	138	1187.00		3	3	3		4	0		6.00		7.80		2
1	2	139	1199.29		4	4	4		4	1		6.00		7.28		2
1	2	140	1211.57		4	4	4		4	1		6.00		7.50		2
1	2	141	1223.85		3	3	3		3	1		6.00		7.52		2
1	2	142	1236.13		4	4	4		4	1		10.00		11.25		2
1	2	143	1252.41		1	1	1		2	0		6.00		7.35		2
1	2	144	1264.69		3	4	4		4	1		10.00		11.47		2
1	2	145	1280.97		4	4	4		4	1		8.00		9.37		2
1	2	146	1295.25		1	1	1		2	0		10.00		11.70		2
1	2	147	1311.54		1	1	1		1	1		6.00		7.47		2
1	2	148	1323.82		2	1	1		1	1		10.00		11.43		2
1	2	149	1340.10		1	2	2		2	1		6.00		7.60		2
1	2	150	1352.38		2	2	2		2	1		10.00		11.82		2
1	2	151	1368.66		3	3	3		4	0		10.00		11.35		2
1	2	152	1384.94		2	2	2		1	0		8.00		9.40		2
1	2	153	1399.22		1	1	1		1	1		10.00		11.48		2
1	2	154	1415.50		4	3	3		4	0		10.00		11.17		2
1	2	155	1431.78		2	2	2		1	0		8.00		9.52		2
1	2	156	1446.06		1	1	1		1	1		8.00		9.40		2
1	2	157	1460.35		1	2	2		2	1		10.00		11.56		2
1	2	158	1476.63		4	4	4		4	1		6.00		7.33		2
1	2	159	1488.91		4	4	4		4	1		6.00		7.22		2
1	2	160	1501.19		1	1	1		1	1		10.00		11.42		2
1	2	161	1517.47		2	2	2		2	1		8.00		9.25		2
1	2	162	1531.75		2	1	1		1	1		6.00		7.40		2
1	2	163	1544.03		4	4	4		4	1		8.00		9.25		2
1	2	164	1558.31		4	4	4		4	1		8.00		9.38		2
1	2	165	1572.60		2	1	1		1	1		10.00		11.42		2
1	2	166	1588.88		3	3	3		4	0		6.00		7.42		2
1	2	167	1601.16		4	4	4		4	1		10.00		11.40		2
1	2	168	1617.44		4	3	3		3	1		6.00		7.88		2
1	2	169	1629.72		3	3	3		3	1		10.00		11.97		2
1	2	170	1646.00		3	3	3		3	1		8.00		9.88		2
1	2	171	1660.28		4	4	4		4	1		10.00		11.42		2
1	2	172	1676.56		1	2	2		2	1		8.00		9.57		2
1	2	173	1690.84		3	4	4		4	1		8.00		9.40		2
1	2	174	1705.13		2	2	2		2	1		6.00		7.50		2
1	2	175	1717.41		3	3	3		3	1		8.00		9.57		2
1	2	176	1731.69		2	2	2		2	1		6.00		7.67		2
1	2	177	1743.97		3	3	3		4	0		10.00		11.82		2
1	2	178	1760.25		3	3	3		4	0		6.00		7.35		2
1	2	179	1772.53		3	3	3		4	0		8.00		9.52		2
1	2	180	1786.81		3	3	3		3	1		8.00		9.58		2
Block	Phase	Trial	RunningTime	Cue	Image	CorrResp	Resp	Accuracy	ISI	RT_from_CueOnset	ITI
2	1	1	0.52		1	2	2		2	1		1.00		2.39		2
2	1	2	6.80		2	1	1		1	1		1.00		2.34		2
2	1	3	13.08		4	3	3		3	1		1.00		2.40		2
2	1	4	19.36		2	2	2		2	1		1.00		2.28		2
2	1	5	25.65		2	1	1		1	1		1.00		2.20		2
2	1	6	31.93		3	4	4		4	1		1.00		2.20		2
2	1	7	38.21		4	4	4		4	1		1.00		2.38		2
2	1	8	44.49		1	2	2		2	1		1.00		2.09		2
2	1	9	50.78		1	1	1		2	0		1.00		2.00		2
2	1	10	57.06		1	2	2		2	1		1.00		2.10		2
2	1	11	63.34		3	3	3		4	0		1.00		2.14		2
2	1	12	69.62		3	4	4		4	1		1.00		2.09		2
2	1	13	75.91		2	2	2		2	1		1.00		2.29		2
2	1	14	82.19		2	1	1		1	1		1.00		2.11		2
2	1	15	88.47		2	1	1		1	1		1.00		2.15		2
2	1	16	94.75		4	3	3		3	1		1.00		2.51		2
2	1	17	101.03		3	4	4		4	1		1.00		2.10		2
2	1	18	107.32		4	3	3		3	1		1.00		2.12		2
2	1	19	113.60		2	2	2		2	1		1.00		2.24		2
2	1	20	119.88		4	4	4		4	1		1.00		2.18		2
2	1	21	126.16		2	2	2		2	1		1.00		2.18		2
2	1	22	132.45		1	1	1		1	1		1.00		2.23		2
2	1	23	138.73		4	4	4		4	1		1.00		2.27		2
2	1	24	145.01		3	3	3		3	1		1.00		2.32		2
2	1	25	151.29		2	2	2		2	1		1.00		2.13		2
2	1	26	157.58		4	3	3		3	1		1.00		2.23		2
2	1	27	163.86		4	3	3		3	1		1.00		2.19		2
2	1	28	170.14		1	2	2		2	1		1.00		2.08		2
2	1	29	176.42		3	4	4		4	1		1.00		2.19		2
2	1	30	182.71		1	1	1		1	1		1.00		2.16		2
2	1	31	188.99		2	2	2		2	1		1.00		2.18		2
2	1	32	195.27		1	2	2		2	1		1.00		2.11		2
2	1	33	201.55		1	2	2		2	1		1.00		2.06		2
2	1	34	207.84		2	2	2		2	1		1.00		2.24		2
2	1	35	214.12		3	3	3		3	1		1.00		2.30		2
2	1	36	220.40		3	3	3		3	1		1.00		2.23		2
2	1	37	226.68		1	1	1		2	0		1.00		2.07		2
2	1	38	232.97		1	1	1		1	1		1.00		2.25		2
2	1	39	239.25		3	3	3		3	1		1.00		2.14		2
2	1	40	245.53		3	3	3		3	1		1.00		2.28		2
2	1	41	251.81		4	4	4		4	1		1.00		2.19		2
2	1	42	258.09		3	3	3		3	1		1.00		2.08		2
2	1	43	264.38		2	1	1		2	0		1.00		1.41		2
2	1	44	270.66		4	4	4		4	1		1.00		2.36		2
2	1	45	276.94		2	1	1		1	1		1.00		2.28		2
2	1	46	283.22		1	1	1		1	1		1.00		2.22		2
2	1	47	289.51		1	2	2		2	1		1.00		2.19		2
2	1	48	295.79		2	1	1		1	1		1.00		2.18		2
2	1	49	302.07		4	3	3		3	1		1.00		2.32		2
2	1	50	308.35		3	4	4		4	1		1.00		2.07		2
2	1	51	314.64		4	4	4		4	1		1.00		2.27		2
2	1	52	320.92		4	3	3		3	1		1.00		2.23		2
2	1	53	327.20		3	3	3		3	1		1.00		2.19		2
2	1	54	333.48		4	4	4		4	1		1.00		2.22		2
2	1	55	339.77		1	2	2		1	0		1.00		2.21		2
2	1	56	346.05		1	1	1		1	1		1.00		2.23		2
2	1	57	352.33		4	3	3		3	1		1.00		2.30		2
2	1	58	358.61		3	4	4		4	1		1.00		2.22		2
2	1	59	364.89		1	2	2		2	1		1.00		2.14		2
2	1	60	371.18		4	4	4		4	1		1.00		2.30		2
2	1	61	377.46		3	4	4		3	0		1.00		2.34		2
2	1	62	383.74		4	3	3		3	1		1.00		2.17		2
2	1	63	390.02		1	1	1		1	1		1.00		2.26		2
2	1	64	396.31		1	1	1		1	1		1.00		2.17		2
2	1	65	402.59		2	1	1		1	1		1.00		2.12		2
2	1	66	408.87		3	3	3		4	0		1.00		2.18		2
2	1	67	415.15		3	3	3		3	1		1.00		2.28		2
2	1	68	421.44		4	3	3		3	1		1.00		2.26		2
2	1	69	427.72		1	1	1		1	1		1.00		2.21		2
2	1	70	434.00		1	1	1		1	1		1.00		2.27		2
2	1	71	440.28		3	4	4		3	0		1.00		2.38		2
2	1	72	446.57		2	2	2		2	1		1.00		2.18		2
2	1	73	452.85		4	3	3		3	1		1.00		2.29		2
2	1	74	459.13		3	3	3		3	1		1.00		2.19		2
2	1	75	465.41		1	1	1		1	1		1.00		2.27		2
2	1	76	471.70		2	2	2		2	1		1.00		2.28		2
2	1	77	477.98		2	1	1		1	1		1.00		2.29		2
2	1	78	484.26		3	4	4		4	1		1.00		2.36		2
2	1	79	490.54		4	4	4		4	1		1.00		2.26		2
2	1	80	496.82		4	4	4		4	1		1.00		2.19		2
2	1	81	503.11		1	1	1		1	1		1.00		2.35		2
2	1	82	509.39		1	2	2		2	1		1.00		2.17		2
2	1	83	515.67		1	1	1		1	1		1.00		2.14		2
2	1	84	521.95		2	2	2		2	1		1.00		2.29		2
2	1	85	528.24		2	1	1		1	1		1.00		2.20		2
2	1	86	534.52		3	3	3		4	0		1.00		2.18		2
2	1	87	540.80		2	2	2		2	1		1.00		2.27		2
2	1	88	547.08		1	1	1		1	1		1.00		2.17		2
2	1	89	553.37		3	4	4		4	1		1.00		2.35		2
2	1	90	559.65		2	2	2		1	0		1.00		2.23		2
2	1	91	565.93		4	3	3		3	1		1.00		2.52		2
2	1	92	572.21		4	3	3		3	1		1.00		2.34		2
2	1	93	578.50		2	2	2		1	0		1.00		2.52		2
2	1	94	584.78		2	2	2		2	1		1.00		2.28		2
2	1	95	591.06		2	2	2		2	1		1.00		2.36		2
2	1	96	597.34		4	4	4		4	1		1.00		2.43		2
2	1	97	603.63		4	4	4		4	1		1.00		2.44		2
2	1	98	609.91		3	4	4		4	1		1.00		2.23		2
2	1	99	616.19		3	4	4		4	1		1.00		2.22		2
2	1	100	622.47		3	3	3		3	1		1.00		2.14		2
2	2	101	764.94		4	3	3		3	1		6.00		8.07		2
2	2	102	777.22		2	2	2		2	1		10.00		11.43		2
2	2	103	793.50		4	3	3		3	1		6.00		7.70		2
2	2	104	805.78		3	4	4		4	1		6.00		7.42		2
2	2	105	818.06		1	1	1		1	1		8.00		9.57		2
2	2	106	832.34		4	4	4		4	1		8.00		9.37		2
2	2	107	846.62		4	4	4		4	1		10.00		11.78		2
2	2	108	862.90		1	1	1		1	1		8.00		9.37		2
2	2	109	877.18		2	2	2		2	1		6.00		7.33		2
2	2	110	889.47		1	2	2		1	0		10.00		11.10		2
2	2	111	905.75		3	4	4		4	1		10.00		11.40		2
2	2	112	922.03		4	3	3		4	0		6.00		7.38		2
2	2	113	934.31		2	2	2		2	1		8.00		9.62		2
2	2	114	948.59		3	3	3		3	1		6.00		7.38		2
2	2	115	960.87		4	3	3		3	1		6.00		7.45		2
2	2	116	973.15		1	1	1		1	1		6.00		7.35		2
2	2	117	985.43		3	3	3		3	1		10.00		11.65		2
2	2	118	1001.72		2	2	2		2	1		10.00		11.28		2
2	2	119	1018.00		1	1	1		2	0		10.00		11.30		2
2	2	120	1034.28		1	1	1		1	1		6.00		7.25		2
2	2	121	1046.56		1	1	1		1	1		6.00		7.28		2
2	2	122	1058.84		1	1	1		1	1		8.00		9.35		2
2	2	123	1073.12		2	1	1		1	1		6.00		7.37		2
2	2	124	1085.40		3	3	3		3	1		8.00		9.45		2
2	2	125	1099.68		3	3	3		3	1		6.00		7.40		2
2	2	126	1111.97		2	2	2		2	1		8.00		9.38		2
2	2	127	1126.25		2	2	2		2	1		8.00		3.23		2
2	2	128	1140.53		4	4	4		4	1		6.00		1.71		2
2	2	129	1152.81		3	4	4		3	0		6.00		1.19		2
2	2	130	1165.09		1	1	1		1	1		10.00		11.30		2
2	2	131	1181.37		2	2	2		2	1		10.00		11.13		2
2	2	132	1197.65		1	2	2		2	1		6.00		7.38		2
2	2	133	1209.93		3	3	3		3	1		10.00		11.37		2
2	2	134	1226.21		2	1	1		1	1		8.00		9.32		2
2	2	135	1240.50		1	1	1		1	1		8.00		9.32		2
2	2	136	1254.78		2	1	1		2	0		6.00		7.52		2
2	2	137	1267.06		4	3	3		4	0		10.00		11.62		2
2	2	138	1283.34		3	3	3		4	0		6.00		7.48		2
2	2	139	1295.62		3	3	3		3	1		8.00		9.53		2
2	2	140	1309.90		2	2	2		2	1		6.00		7.20		2
2	2	141	1322.18		2	1	1		1	1		10.00		11.43		2
2	2	142	1338.47		3	4	4		3	0		10.00		11.38		2
2	2	143	1354.75		4	3	3		4	0		10.00		11.57		2
2	2	144	1371.03		4	3	3		3	1		10.00		11.36		2
2	2	145	1387.31		4	4	4		4	1		8.00		9.48		2
2	2	146	1401.59		2	2	2		2	1		8.00		9.10		2
2	2	147	1415.87		3	4	4		3	0		8.00		9.40		2
2	2	148	1430.15		4	3	3		4	0		8.00		9.42		2
2	2	149	1444.43		4	4	4		4	1		6.00		7.47		2
2	2	150	1456.71		1	2	2		1	0		6.00		7.12		2
2	2	151	1469.00		2	2	2		2	1		10.00		11.33		2
2	2	152	1485.28		2	2	2		2	1		6.00		7.37		2
2	2	153	1497.56		1	2	2		2	1		8.00		9.62		2
2	2	154	1511.84		2	1	1		1	1		8.00		9.37		2
2	2	155	1526.12		1	1	1		1	1		10.00		11.23		2
2	2	156	1542.40		3	4	4		4	1		6.00		7.33		2
2	2	157	1554.68		1	2	2		2	1		8.00		9.36		2
2	2	158	1568.96		4	3	3		3	1		8.00		9.43		2
2	2	159	1583.24		3	4	4		3	0		10.00		11.50		2
2	2	160	1599.53		2	1	1		1	1		6.00		7.33		2
2	2	161	1611.81		2	1	1		1	1		10.00		11.30		2
2	2	162	1628.09		2	1	1		1	1		10.00		11.42		2
2	2	163	1644.37		2	2	2		2	1		6.00		7.23		2
2	2	164	1656.65		3	3	3		3	1		8.00		9.33		2
2	2	165	1670.93		1	1	1		1	1		6.00		7.20		2
2	2	166	1683.21		4	3	3		3	1		8.00		9.35		2
2	2	167	1697.49		1	2	2		2	1		6.00		7.45		2
2	2	168	1709.78		3	3	3		3	1		8.00		9.35		2
2	2	169	1724.06		3	4	4		4	1		8.00		9.56		2
2	2	170	1738.34		3	4	4		4	1		10.00		11.55		2
2	2	171	1754.62		4	4	4		4	1		6.00		7.55		2
2	2	172	1766.90		1	1	1		1	1		10.00		11.27		2
2	2	173	1783.18		3	4	4		4	1		8.00		9.68		2
2	2	174	1797.46		4	4	4		3	0		10.00		11.40		2
2	2	175	1813.74		4	4	4		4	1		8.00		9.33		2
2	2	176	1828.02		4	4	4		4	1		10.00		11.37		2
2	2	177	1844.31		3	3	3		3	1		10.00		1.51		2
2	2	178	1860.59		1	2	2		1	0		8.00		1.22		2
2	2	179	1874.87		4	4	4		4	1		8.00		9.32		2
2	2	180	1889.15		1	2	2		1	0		10.00		2.13		2
