*********************************************
* Combray
* Date/Time: 10-Apr-2015 16:40:25
* Seed: 209940.9211
* Subject Number: 22
* Subject Name: ep
*********************************************

Block	Phase	Trial	RunningTime	Cue	Image	CorrResp	Resp	Accuracy	ISI	RT_from_CueOnset	ITI
1	1	1	0.52		3	3	3		3	1		0.50		2.15		2
1	1	2	6.30		3	3	3		3	1		1.00		0.85		2
1	1	3	12.58		2	1	1		1	1		1.00		2.37		2
1	1	4	18.86		3	4	4		3	0		4.00		0.82		2
1	1	5	28.15		2	2	2		2	1		0.50		1.92		2
1	1	6	33.93		1	1	1		1	1		0.50		1.85		2
1	1	7	39.71		4	4	4		4	1		0.50		1.91		2
1	1	8	45.49		3	4	4		3	0		1.00		0.91		2
1	1	9	51.78		3	4	4		4	1		1.00		2.35		2
1	1	10	58.06		2	2	2		2	1		0.50		1.87		2
1	1	11	63.84		1	2	2		1	0		0.50		0.66		2
1	1	12	69.62		1	1	1		2	0		0.50		0.77		2
1	1	13	75.41		1	1	1		1	1		0.50		1.82		2
1	1	14	81.19		3	3	3		3	1		0.50		1.83		2
1	1	15	86.97		1	1	1		1	1		0.50		1.70		2
1	1	16	92.75		2	2	2		2	1		1.00		1.05		2
1	1	17	99.04		4	4	4		4	1		0.50		0.89		2
1	1	18	104.82		3	3	3		3	1		0.50		0.77		2
1	1	19	110.60		3	3	3		3	1		1.00		0.70		2
1	1	20	116.88		2	2	2		2	1		0.50		0.82		2
1	1	21	122.66		2	1	1		2	0		4.00		0.73		2
1	1	22	131.95		2	1	1		1	1		0.50		1.67		2
1	1	23	137.73		2	2	2		2	1		0.50		1.75		2
1	1	24	143.51		4	4	4		4	1		0.50		1.25		2
1	1	25	149.29		4	3	3		4	0		0.50		0.82		2
1	1	26	155.08		1	1	1		1	1		0.50		1.58		2
1	1	27	160.86		2	1	1		2	0		0.50		1.18		2
1	1	28	166.64		1	2	2		2	1		1.00		2.12		2
1	1	29	172.92		1	1	1		1	1		0.50		1.68		2
1	1	30	178.71		3	3	3		3	1		1.00		1.37		2
1	1	31	184.99		1	1	1		1	1		0.50		1.86		2
1	1	32	190.77		3	3	3		3	1		0.50		1.25		2
1	1	33	196.55		1	2	2		1	0		0.50		1.20		2
1	1	34	202.34		1	2	2		2	1		1.00		1.23		2
1	1	35	208.62		3	3	3		3	1		4.00		0.78		2
1	1	36	217.90		4	4	4		4	1		1.00		0.75		2
1	1	37	224.18		2	2	2		2	1		0.50		1.79		2
1	1	38	229.97		1	1	1		1	1		1.00		0.75		2
1	1	39	236.25		2	2	2		2	1		0.50		0.88		2
1	1	40	242.03		4	4	4		4	1		1.00		0.82		2
1	1	41	248.31		4	3	3		4	0		4.00		0.87		2
1	1	42	257.59		1	2	2		2	1		1.00		1.38		2
1	1	43	263.88		4	3	3		4	0		0.50		0.94		2
1	1	44	269.66		3	4	4		4	1		0.50		1.76		2
1	1	45	275.44		2	2	2		1	0		1.00		0.80		2
1	1	46	281.72		3	3	3		3	1		1.00		1.61		2
1	1	47	288.01		1	2	2		1	0		0.50		1.04		2
1	1	48	293.79		3	4	4		3	0		0.50		1.06		2
1	1	49	299.57		4	4	4		4	1		1.00		1.27		2
1	1	50	305.85		2	2	2		2	1		0.50		0.94		2
1	1	51	311.64		3	3	3		3	1		1.00		0.94		2
1	1	52	317.92		2	1	1		2	0		0.50		1.56		2
1	1	53	323.70		4	4	4		4	1		0.50		1.25		2
1	1	54	329.48		3	3	3		3	1		1.00		1.60		2
1	1	55	335.77		4	3	3		4	0		1.00		0.70		2
1	1	56	342.05		2	2	2		2	1		1.00		1.22		2
1	1	57	348.33		1	1	1		1	1		4.00		0.86		2
1	1	58	357.61		4	4	4		4	1		4.00		0.89		2
1	1	59	366.89		1	2	2		1	0		0.50		0.88		2
1	1	60	372.68		1	1	1		1	1		1.00		0.69		2
1	1	61	378.96		4	3	3		4	0		1.00		0.68		2
1	1	62	385.24		3	3	3		3	1		0.50		0.87		2
1	1	63	391.02		1	1	1		1	1		1.00		1.67		2
1	1	64	397.31		4	4	4		4	1		1.00		0.96		2
1	1	65	403.59		4	4	4		4	1		1.00		1.02		2
1	1	66	409.87		3	4	4		3	0		0.50		0.82		2
1	1	67	415.65		4	4	4		4	1		4.00		0.91		2
1	1	68	424.94		2	1	1		2	0		0.50		1.19		2
1	1	69	430.72		1	1	1		1	1		0.50		1.16		2
1	1	70	436.50		4	4	4		4	1		1.00		0.73		2
1	1	71	442.78		3	3	3		3	1		0.50		0.70		2
1	1	72	448.57		4	3	3		3	1		0.50		0.69		2
1	1	73	454.35		1	1	1		2	0		1.00		1.18		2
1	1	74	460.63		2	2	2		2	1		1.00		1.03		2
1	1	75	466.91		2	1	1		2	0		1.00		0.86		2
1	1	76	473.20		1	1	1		1	1		1.00		0.86		2
1	1	77	479.48		4	4	4		4	1		0.50		0.64		2
1	1	78	485.26		4	3	3		4	0		1.00		0.89		2
1	1	79	491.54		2	1	1		2	0		1.00		0.74		2
1	1	80	497.82		3	3	3		3	1		0.50		0.91		2
1	1	81	503.61		4	4	4		4	1		0.50		0.69		2
1	1	82	509.39		3	3	3		3	1		0.50		0.96		2
1	1	83	515.17		2	1	1		2	0		0.50		0.89		2
1	1	84	520.95		3	3	3		3	1		0.50		0.81		2
1	1	85	526.74		2	2	2		2	1		4.00		0.79		2
1	1	86	536.02		1	1	1		1	1		1.00		0.74		2
1	1	87	542.30		4	4	4		4	1		1.00		0.82		2
1	1	88	548.58		4	3	3		4	0		0.50		0.90		2
1	1	89	554.37		2	2	2		2	1		1.00		0.74		2
1	1	90	560.65		3	3	3		3	1		4.00		0.87		2
1	1	91	569.93		2	2	2		2	1		1.00		0.74		2
1	1	92	576.21		3	4	4		3	0		1.00		1.60		2
1	1	93	582.50		2	1	1		2	0		0.50		0.81		2
1	1	94	588.28		1	2	2		1	0		0.50		0.87		2
1	1	95	594.06		4	4	4		4	1		1.00		0.52		2
1	1	96	600.34		4	4	4		4	1		0.50		0.94		2
1	1	97	606.13		3	3	3		3	1		0.50		0.59		2
1	1	98	611.91		2	2	2		2	1		4.00		0.77		2
1	1	99	621.19		1	2	2		1	0		4.00		0.65		2
1	1	100	630.47		1	2	2		1	0		4.00		0.80		2
1	2	101	661.78		1	2	2		1	0		0.50		1.19		2
1	2	102	668.57		4	3	3		4	0		0.50		1.75		2
1	2	103	675.35		4	4	4		4	1		0.50		1.82		2
1	2	104	682.13		3	4	4		4	1		0.50		2.02		2
1	2	105	688.91		1	1	1		1	1		0.50		1.65		2
1	2	106	695.69		2	2	2		2	1		1.00		2.33		2
1	2	107	702.98		3	3	3		3	1		0.50		1.68		2
1	2	108	709.76		3	3	3		3	1		0.50		1.14		2
1	2	109	716.54		4	3	3		4	0		1.00		0.93		2
1	2	110	723.82		1	1	1		1	1		0.50		0.73		2
1	2	111	730.61		2	2	2		2	1		4.00		0.75		2
1	2	112	740.89		2	1	1		2	0		0.50		0.78		2
1	2	113	747.67		4	3	3		4	0		1.00		0.82		2
1	2	114	754.95		1	2	2		1	0		0.50		0.75		2
1	2	115	761.74		1	2	2		1	0		4.00		5.85		2
1	2	116	772.02		3	3	3		3	1		0.50		2.23		2
1	2	117	778.80		4	4	4		4	1		1.00		2.37		2
1	2	118	786.08		3	3	3		3	1		0.50		0.77		2
1	2	119	792.86		4	4	4		4	1		4.00		1.48		2
1	2	120	803.15		4	4	4		4	1		0.50		0.86		2
1	2	121	809.93		2	1	1		2	0		1.00		0.93		2
1	2	122	817.21		3	4	4		3	0		0.50		0.87		2
1	2	123	823.99		1	2	2		1	0		0.50		0.97		2
1	2	124	830.77		2	2	2		2	1		1.00		2.32		2
1	2	125	838.06		2	2	2		2	1		0.50		1.01		2
1	2	126	844.84		2	2	2		2	1		0.50		0.78		2
1	2	127	851.62		1	1	1		1	1		0.50		1.23		2
1	2	128	858.40		4	4	4		4	1		1.00		0.81		2
1	2	129	865.69		1	2	2		1	0		1.00		0.93		2
1	2	130	872.97		2	1	1		2	0		0.50		1.73		2
1	2	131	879.75		2	1	1		2	0		0.50		2.00		2
1	2	132	886.53		3	3	3		3	1		0.50		1.65		2
1	2	133	893.32		4	4	4		4	1		1.00		0.82		2
1	2	134	900.60		4	4	4		4	1		1.00		2.13		2
1	2	135	907.88		2	2	2		1	0		0.50		1.88		2
1	2	136	914.66		2	1	1		2	0		4.00		5.58		2
1	2	137	924.94		1	1	1		1	1		1.00		2.47		2
1	2	138	932.23		1	1	1		2	0		4.00		5.35		2
1	2	139	942.51		2	1	1		2	0		1.00		1.02		2
1	2	140	949.79		3	4	4		3	0		0.50		0.80		2
1	2	141	956.57		1	1	1		1	1		0.50		0.75		2
1	2	142	963.35		4	4	4		4	1		4.00		0.88		2
1	2	143	973.64		3	3	3		3	1		0.50		0.84		2
1	2	144	980.42		3	3	3		3	1		1.00		0.73		2
1	2	145	987.70		4	4	4		4	1		1.00		0.97		2
1	2	146	994.98		3	3	3		3	1		0.50		0.75		2
1	2	147	1001.77		1	1	1		1	1		1.00		1.31		2
1	2	148	1009.05		2	2	2		2	1		1.00		2.32		2
1	2	149	1016.33		4	3	3		3	1		4.00		0.73		2
1	2	150	1026.61		1	2	2		1	0		0.50		0.90		2
1	2	151	1033.39		3	4	4		3	0		0.50		1.21		2
1	2	152	1040.18		4	4	4		4	1		0.50		0.69		2
1	2	153	1046.96		3	4	4		3	0		1.00		0.65		2
1	2	154	1054.22		1	1	1		1	1		0.50		0.75		2
1	2	155	1061.01		2	1	1		2	0		0.50		0.83		2
1	2	156	1067.79		1	1	1		1	1		0.50		0.82		2
1	2	157	1074.57		3	3	3		3	1		1.00		0.73		2
1	2	158	1081.85		4	4	4		4	1		0.50		0.89		2
1	2	159	1088.64		1	1	1		1	1		0.50		0.77		2
1	2	160	1095.42		3	3	3		3	1		1.00		0.87		2
1	2	161	1102.70		2	2	2		2	1		1.00		0.81		2
1	2	162	1109.98		1	1	1		1	1		1.00		0.75		2
1	2	163	1117.26		3	3	3		3	1		1.00		0.67		2
1	2	164	1124.55		2	1	1		2	0		1.00		0.70		2
1	2	165	1131.83		1	2	2		1	0		1.00		0.72		2
1	2	166	1139.11		1	2	2		1	0		1.00		0.80		2
1	2	167	1146.39		3	3	3		3	1		1.00		0.72		2
1	2	168	1153.68		4	4	4		4	1		0.50		1.01		2
1	2	169	1160.46		2	2	2		2	1		1.00		0.94		2
1	2	170	1167.74		4	4	4		4	1		1.00		1.03		2
1	2	171	1175.02		2	2	2		2	1		4.00		0.68		2
1	2	172	1185.30		3	3	3		3	1		4.00		0.71		2
1	2	173	1195.59		2	2	2		2	1		1.00		0.70		2
1	2	174	1202.87		4	3	3		4	0		0.50		0.75		2
1	2	175	1209.65		1	1	1		1	1		0.50		0.88		2
1	2	176	1216.43		3	4	4		3	0		4.00		1.63		2
1	2	177	1226.71		4	3	3		4	0		1.00		0.80		2
1	2	178	1234.00		4	3	3		4	0		0.50		0.72		2
1	2	179	1240.78		3	3	3		3	1		0.50		0.66		2
1	2	180	1247.56		2	2	2		2	1		0.50		0.90		2
Block	Phase	Trial	RunningTime	Cue	Image	CorrResp	Resp	Accuracy	ISI	RT_from_CueOnset	ITI
2	1	1	0.52		3	3	3		3	1		1.00		2.57		2
2	1	2	6.80		1	2	2		2	1		1.00		2.57		2
2	1	3	13.08		3	3	3		3	1		0.50		1.70		2
2	1	4	18.86		2	1	1		1	1		0.50		1.85		2
2	1	5	24.65		2	1	1		1	1		0.50		1.66		2
2	1	6	30.43		4	3	3		4	0		4.00		5.32		2
2	1	7	39.71		3	3	3		3	1		1.00		2.24		2
2	1	8	45.99		3	3	3		3	1		0.50		1.82		2
2	1	9	51.78		1	1	1		1	1		0.50		1.93		2
2	1	10	57.56		4	4	4		4	1		1.00		2.40		2
2	1	11	63.84		4	4	4		4	1		0.50		1.25		2
2	1	12	69.62		1	2	2		2	1		0.50		1.93		2
2	1	13	75.39		1	2	2		2	1		1.00		0.62		2
2	1	14	81.67		2	2	2		1	0		0.50		0.53		2
2	1	15	87.45		3	3	3		3	1		0.50		0.84		2
2	1	16	93.24		2	1	1		1	1		0.50		0.75		2
2	1	17	99.02		4	4	4		3	0		1.00		0.99		2
2	1	18	105.30		1	2	2		2	1		4.00		1.30		2
2	1	19	114.58		4	4	4		4	1		0.50		1.12		2
2	1	20	120.37		1	2	2		2	1		0.50		0.91		2
2	1	21	126.15		1	1	1		2	0		1.00		0.72		2
2	1	22	132.43		3	3	3		3	1		0.50		0.83		2
2	1	23	138.21		2	2	2		1	0		0.50		0.69		2
2	1	24	144.00		1	1	1		2	0		0.50		0.75		2
2	1	25	149.78		4	4	4		4	1		0.50		0.95		2
2	1	26	155.56		4	4	4		4	1		4.00		0.92		2
2	1	27	164.84		4	3	3		4	0		1.00		0.81		2
2	1	28	171.12		2	1	1		1	1		0.50		0.77		2
2	1	29	176.91		2	2	2		1	0		0.50		0.74		2
2	1	30	182.69		2	2	2		1	0		0.50		0.80		2
2	1	31	188.47		2	2	2		1	0		0.50		0.75		2
2	1	32	194.25		4	4	4		4	1		0.50		0.85		2
2	1	33	200.04		2	1	1		1	1		0.50		0.77		2
2	1	34	205.82		3	3	3		3	1		4.00		0.77		2
2	1	35	215.10		3	3	3		3	1		0.50		0.68		2
2	1	36	220.88		1	1	1		2	0		0.50		0.82		2
2	1	37	226.67		3	4	4		3	0		0.50		0.65		2
2	1	38	232.45		2	1	1		1	1		0.50		1.12		2
2	1	39	238.23		2	2	2		1	0		4.00		0.82		2
2	1	40	247.51		1	1	1		2	0		0.50		2.13		2
2	1	41	253.30		4	4	4		4	1		1.00		1.10		2
2	1	42	259.58		4	4	4		4	1		0.50		0.75		2
2	1	43	265.36		1	1	1		2	0		0.50		1.09		2
2	1	44	271.14		3	3	3		3	1		1.00		1.05		2
2	1	45	277.42		3	4	4		3	0		0.50		1.06		2
2	1	46	283.21		3	3	3		3	1		0.50		0.94		2
2	1	47	288.99		4	4	4		4	1		0.50		1.13		2
2	1	48	294.77		1	1	1		2	0		0.50		0.67		2
2	1	49	300.55		1	2	2		2	1		0.50		0.91		2
2	1	50	306.34		3	3	3		3	1		0.50		0.77		2
2	1	51	312.12		3	3	3		3	1		0.50		0.82		2
2	1	52	317.90		2	2	2		1	0		1.00		0.79		2
2	1	53	324.18		1	1	1		1	1		0.50		1.87		2
2	1	54	329.97		1	2	2		2	1		4.00		5.32		2
2	1	55	339.25		1	1	1		2	0		1.00		0.86		2
2	1	56	345.53		4	4	4		4	1		1.00		1.65		2
2	1	57	351.81		2	2	2		1	0		0.50		0.95		2
2	1	58	357.60		4	4	4		4	1		1.00		0.85		2
2	1	59	363.88		4	4	4		4	1		0.50		0.65		2
2	1	60	369.66		3	3	3		3	1		1.00		0.86		2
2	1	61	375.94		4	4	4		4	1		1.00		0.75		2
2	1	62	382.23		2	1	1		1	1		0.50		0.73		2
2	1	63	388.01		3	3	3		3	1		0.50		1.25		2
2	1	64	393.79		4	4	4		4	1		0.50		1.10		2
2	1	65	399.57		3	3	3		3	1		1.00		0.75		2
2	1	66	405.86		1	2	2		2	1		1.00		0.78		2
2	1	67	412.14		1	2	2		2	1		1.00		0.73		2
2	1	68	418.42		2	1	1		1	1		1.00		0.80		2
2	1	69	424.70		2	1	1		1	1		1.00		0.69		2
2	1	70	430.98		4	4	4		4	1		0.50		0.82		2
2	1	71	436.77		1	1	1		2	0		1.00		0.85		2
2	1	72	443.05		4	4	4		3	0		0.50		0.90		2
2	1	73	448.83		4	4	4		4	1		1.00		0.82		2
2	1	74	455.11		3	4	4		3	0		0.50		0.69		2
2	1	75	460.90		1	2	2		2	1		0.50		0.73		2
2	1	76	466.68		4	3	3		4	0		0.50		1.25		2
2	1	77	472.46		2	2	2		1	0		1.00		0.84		2
2	1	78	478.74		4	3	3		4	0		1.00		0.82		2
2	1	79	485.03		4	3	3		4	0		1.00		1.27		2
2	1	80	491.31		2	2	2		1	0		1.00		0.78		2
2	1	81	497.59		1	1	1		2	0		4.00		0.81		2
2	1	82	506.87		2	2	2		1	0		1.00		0.81		2
2	1	83	513.16		4	4	4		4	1		1.00		1.16		2
2	1	84	519.44		2	1	1		1	1		4.00		0.75		2
2	1	85	528.72		1	1	1		2	0		0.50		0.70		2
2	1	86	534.50		3	3	3		3	1		1.00		0.85		2
2	1	87	540.78		1	2	2		2	1		0.50		0.86		2
2	1	88	546.57		3	3	3		3	1		1.00		1.19		2
2	1	89	552.85		2	1	1		1	1		1.00		0.73		2
2	1	90	559.13		1	1	1		2	0		1.00		0.72		2
2	1	91	565.41		3	4	4		3	0		1.00		0.78		2
2	1	92	571.70		3	4	4		3	0		4.00		0.79		2
2	1	93	580.98		2	1	1		1	1		1.00		0.81		2
2	1	94	587.26		4	4	4		4	1		4.00		0.83		2
2	1	95	596.54		2	1	1		1	1		1.00		0.72		2
2	1	96	602.83		3	3	3		3	1		4.00		0.75		2
2	1	97	612.11		3	3	3		3	1		0.50		0.65		2
2	1	98	617.89		2	2	2		1	0		4.00		0.88		2
2	1	99	627.17		3	3	3		3	1		1.00		0.75		2
2	1	100	633.45		1	2	2		2	1		1.00		1.04		2
2	2	101	662.57		4	3	3		4	0		1.00		1.15		2
2	2	102	669.85		2	2	2		2	1		4.00		5.73		2
2	2	103	680.13		4	4	4		4	1		4.00		6.12		2
2	2	104	690.41		4	4	4		3	0		1.00		2.77		2
2	2	105	697.69		3	3	3		3	1		0.50		1.88		2
2	2	106	704.48		2	1	1		1	1		0.50		2.10		2
2	2	107	711.26		3	3	3		3	1		1.00		1.24		2
2	2	108	718.54		1	1	1		2	0		0.50		1.57		2
2	2	109	725.32		3	3	3		3	1		1.00		2.63		2
2	2	110	732.61		4	4	4		4	1		0.50		2.20		2
2	2	111	739.39		4	4	4		4	1		0.50		1.83		2
2	2	112	746.17		1	2	2		2	1		0.50		2.37		2
2	2	113	752.95		1	2	2		2	1		0.50		1.67		2
2	2	114	759.74		2	2	2		2	1		1.00		2.68		2
2	2	115	767.02		1	1	1		2	0		1.00		0.94		2
2	2	116	774.30		4	4	4		4	1		1.00		1.01		2
2	2	117	781.58		1	1	1		2	0		1.00		1.16		2
2	2	118	788.86		4	3	3		4	0		1.00		0.89		2
2	2	119	796.15		1	2	2		2	1		0.50		0.85		2
2	2	120	802.93		3	3	3		3	1		4.00		1.25		2
2	2	121	813.21		3	4	4		3	0		0.50		1.58		2
2	2	122	819.99		1	1	1		1	1		4.00		5.75		2
2	2	123	830.27		3	3	3		3	1		1.00		2.20		2
2	2	124	837.56		3	3	3		3	1		1.00		1.02		2
2	2	125	844.84		2	1	1		1	1		0.50		0.73		2
2	2	126	851.62		1	2	2		2	1		0.50		1.30		2
2	2	127	858.40		3	3	3		3	1		0.50		2.13		2
2	2	128	865.19		2	2	2		1	0		0.50		0.70		2
2	2	129	871.97		1	1	1		2	0		0.50		0.78		2
2	2	130	878.75		2	1	1		1	1		1.00		0.80		2
2	2	131	886.03		1	1	1		2	0		0.50		0.73		2
2	2	132	892.82		3	3	3		3	1		0.50		0.74		2
2	2	133	899.60		2	2	2		1	0		4.00		0.63		2
2	2	134	909.88		4	4	4		4	1		1.00		0.90		2
2	2	135	917.16		1	1	1		2	0		0.50		1.04		2
2	2	136	923.94		3	4	4		3	0		0.50		1.11		2
2	2	137	930.73		1	2	2		2	1		1.00		0.73		2
2	2	138	938.01		4	4	4		4	1		0.50		0.86		2
2	2	139	944.79		1	1	1		2	0		1.00		0.87		2
2	2	140	952.07		4	4	4		4	1		1.00		0.89		2
2	2	141	959.36		2	1	1		1	1		1.00		0.87		2
2	2	142	966.64		2	2	2		1	0		0.50		0.74		2
2	2	143	973.42		4	4	4		4	1		0.50		1.09		2
2	2	144	980.20		3	3	3		3	1		0.50		0.69		2
2	2	145	986.98		4	4	4		4	1		0.50		0.71		2
2	2	146	993.77		1	1	1		2	0		0.50		0.87		2
2	2	147	1000.55		4	3	3		4	0		1.00		0.74		2
2	2	148	1007.83		1	2	2		2	1		4.00		0.81		2
2	2	149	1018.11		3	4	4		3	0		0.50		1.20		2
2	2	150	1024.90		3	3	3		3	1		1.00		0.73		2
2	2	151	1032.18		4	4	4		4	1		0.50		0.85		2
2	2	152	1038.96		3	3	3		3	1		4.00		5.83		2
2	2	153	1049.24		3	4	4		3	0		0.50		1.17		2
2	2	154	1056.02		2	1	1		1	1		4.00		0.80		2
2	2	155	1066.31		1	2	2		2	1		1.00		0.63		2
2	2	156	1073.59		2	1	1		1	1		1.00		2.87		2
2	2	157	1080.87		4	4	4		4	1		1.00		0.98		2
2	2	158	1088.15		4	4	4		4	1		0.50		1.30		2
2	2	159	1094.93		2	2	2		1	0		0.50		0.83		2
2	2	160	1101.72		3	3	3		3	1		0.50		1.12		2
2	2	161	1108.50		1	1	1		2	0		0.50		1.73		2
2	2	162	1115.28		4	3	3		4	0		4.00		0.78		2
2	2	163	1125.56		3	3	3		3	1		0.50		0.75		2
2	2	164	1132.35		4	4	4		4	1		4.00		1.35		2
2	2	165	1142.63		2	1	1		1	1		1.00		0.93		2
2	2	166	1149.91		3	3	3		3	1		0.50		1.27		2
2	2	167	1156.69		3	3	3		3	1		0.50		0.69		2
2	2	168	1163.47		1	2	2		2	1		0.50		1.08		2
2	2	169	1170.26		2	2	2		1	0		1.00		0.82		2
2	2	170	1177.54		2	2	2		1	0		0.50		0.97		2
2	2	171	1184.32		4	4	4		4	1		1.00		0.97		2
2	2	172	1191.60		3	3	3		3	1		1.00		0.66		2
2	2	173	1198.89		1	2	2		2	1		1.00		0.84		2
2	2	174	1206.17		2	2	2		1	0		1.00		0.75		2
2	2	175	1213.45		4	4	4		4	1		0.50		0.81		2
2	2	176	1220.23		2	2	2		1	0		1.00		1.06		2
2	2	177	1227.51		2	1	1		1	1		1.00		1.04		2
2	2	178	1234.80		2	1	1		1	1		0.50		1.04		2
2	2	179	1241.58		1	2	2		2	1		0.50		1.70		2
2	2	180	1248.35		2	1	1		1	1		0.50		1.23		2
