*********************************************
* Combray
* Date/Time: 20-Mar-2015 15:02:25
* Seed: 207467.2924
* Subject Number: 12
* Subject Name: ac
*********************************************

Block	Phase	Trial	RunningTime	Cue	Image	CorrResp	Resp	Accuracy	ISI	RT_from_CueOnset	ITI
1	1	1	0.52		3	3	3		NaN	NaN		1.00		NaN		2
1	1	2	6.80		3	3	3		3	1		4.00		5.86		2
1	1	3	16.08		1	1	1		1	1		1.00		3.03		2
1	1	4	22.36		2	2	2		2	1		0.50		2.36		2
1	1	5	28.15		4	3	3		3	1		4.00		5.95		2
1	1	6	37.43		2	1	1		1	1		1.00		2.33		2
1	1	7	43.71		3	3	3		3	1		1.00		2.77		2
1	1	8	49.99		4	4	4		4	1		0.50		2.14		2
1	1	9	55.77		2	2	2		2	1		1.00		2.38		2
1	1	10	62.06		3	3	3		3	1		4.00		5.85		2
1	1	11	71.34		4	4	4		4	1		1.00		2.21		2
1	1	12	77.62		1	1	1		1	1		0.50		1.90		2
1	1	13	83.40		1	1	1		1	1		0.50		1.42		2
1	1	14	89.19		3	3	3		3	1		1.00		2.07		2
1	1	15	95.47		1	2	2		NaN	NaN		4.00		NaN		2
1	1	16	104.75		4	4	4		4	1		0.50		1.76		2
1	1	17	110.53		3	3	3		3	1		1.00		2.72		2
1	1	18	116.82		2	1	1		1	1		1.00		2.33		2
1	1	19	123.10		3	3	3		3	1		1.00		1.75		2
1	1	20	129.38		4	4	4		4	1		1.00		1.49		2
1	1	21	135.66		1	2	2		2	1		1.00		2.24		2
1	1	22	141.95		3	4	4		3	0		0.50		1.39		2
1	1	23	147.73		2	1	1		1	1		0.50		2.42		2
1	1	24	153.51		1	2	2		2	1		1.00		2.78		2
1	1	25	159.79		2	1	1		1	1		0.50		2.68		2
1	1	26	165.58		2	2	2		2	1		0.50		2.50		2
1	1	27	171.36		2	2	2		2	1		4.00		5.76		2
1	1	28	180.64		4	4	4		4	1		1.00		2.69		2
1	1	29	186.92		2	2	2		2	1		1.00		2.56		2
1	1	30	193.20		4	4	4		4	1		1.00		2.21		2
1	1	31	199.49		4	4	4		4	1		0.50		1.46		2
1	1	32	205.27		4	3	3		4	0		1.00		1.67		2
1	1	33	211.55		1	2	2		2	1		0.50		2.22		2
1	1	34	217.33		2	1	1		1	1		0.50		2.32		2
1	1	35	223.12		1	2	2		2	1		4.00		5.92		2
1	1	36	232.40		2	1	1		1	1		1.00		2.87		2
1	1	37	238.68		1	1	1		1	1		0.50		2.44		2
1	1	38	244.46		4	4	4		4	1		0.50		2.42		2
1	1	39	250.25		1	2	2		NaN	NaN		1.00		NaN		2
1	1	40	256.53		1	2	2		2	1		0.50		2.09		2
1	1	41	262.31		1	1	1		1	1		0.50		2.17		2
1	1	42	268.09		3	4	4		4	1		4.00		6.06		2
1	1	43	277.37		4	3	3		3	1		0.50		2.17		2
1	1	44	283.16		2	1	1		1	1		0.50		2.48		2
1	1	45	288.94		3	4	4		NaN	NaN		0.50		NaN		2
1	1	46	294.72		1	1	1		1	1		0.50		2.49		2
1	1	47	300.50		4	4	4		4	1		4.00		6.21		2
1	1	48	309.79		3	3	3		3	1		0.50		2.38		2
1	1	49	315.57		4	4	4		NaN	NaN		0.50		NaN		2
1	1	50	321.35		1	1	1		1	1		4.00		6.29		2
1	1	51	330.63		1	1	1		1	1		1.00		2.46		2
1	1	52	336.92		2	2	2		2	1		1.00		3.09		2
1	1	53	343.20		1	1	1		NaN	NaN		1.00		NaN		2
1	1	54	349.48		2	1	1		NaN	NaN		0.50		NaN		2
1	1	55	355.26		4	4	4		4	1		1.00		2.42		2
1	1	56	361.55		3	3	3		NaN	NaN		0.50		NaN		2
1	1	57	367.33		3	3	3		NaN	NaN		0.50		NaN		2
1	1	58	373.11		3	3	3		3	1		0.50		1.96		2
1	1	59	378.89		3	4	4		3	0		0.50		1.25		2
1	1	60	384.68		3	3	3		3	1		0.50		2.10		2
1	1	61	390.46		4	4	4		3	0		0.50		0.63		2
1	1	62	396.24		4	4	4		4	1		0.50		2.47		2
1	1	63	402.02		2	2	2		2	1		0.50		2.53		2
1	1	64	407.81		2	2	2		1	0		0.50		2.12		2
1	1	65	413.59		3	3	3		3	1		0.50		2.63		2
1	1	66	419.37		3	3	3		3	1		0.50		2.50		2
1	1	67	425.15		4	3	3		3	1		1.00		3.37		2
1	1	68	431.44		3	3	3		3	1		0.50		2.30		2
1	1	69	437.22		2	2	2		2	1		0.50		2.37		2
1	1	70	443.00		2	2	2		NaN	NaN		0.50		NaN		2
1	1	71	448.78		4	4	4		4	1		4.00		6.16		2
1	1	72	458.06		4	3	3		3	1		1.00		3.35		2
1	1	73	464.35		1	2	2		2	1		1.00		3.24		2
1	1	74	470.63		1	1	1		1	1		0.50		2.58		2
1	1	75	476.41		1	2	2		2	1		0.50		2.13		2
1	1	76	482.19		1	2	2		NaN	NaN		0.50		NaN		2
1	1	77	487.98		2	1	1		NaN	NaN		4.00		NaN		2
1	1	78	497.26		4	4	4		NaN	NaN		0.50		NaN		2
1	1	79	503.04		1	1	1		1	1		0.50		3.12		2
1	1	80	508.82		1	1	1		NaN	NaN		1.00		NaN		2
1	1	81	515.11		2	1	1		NaN	NaN		1.00		NaN		2
1	1	82	521.39		1	2	2		2	1		0.50		2.42		2
1	1	83	527.17		3	4	4		NaN	NaN		1.00		NaN		2
1	1	84	533.45		3	3	3		3	1		0.50		2.87		2
1	1	85	539.24		1	1	1		NaN	NaN		0.50		NaN		2
1	1	86	545.02		4	4	4		NaN	NaN		1.00		NaN		2
1	1	87	551.30		2	1	1		1	1		0.50		3.03		2
1	1	88	557.08		4	4	4		NaN	NaN		1.00		NaN		2
1	1	89	563.36		4	4	4		NaN	NaN		0.50		NaN		2
1	1	90	569.15		2	1	1		NaN	NaN		0.50		NaN		2
1	1	91	574.93		2	1	1		NaN	NaN		1.00		NaN		2
1	1	92	581.21		3	3	3		NaN	NaN		0.50		NaN		2
1	1	93	587.00		4	4	4		NaN	NaN		4.00		NaN		2
1	1	94	596.28		2	2	2		2	1		1.00		2.94		2
1	1	95	602.56		2	2	2		NaN	NaN		4.00		NaN		2
1	1	96	611.84		4	4	4		NaN	NaN		0.50		NaN		2
1	1	97	617.62		3	3	3		NaN	NaN		1.00		NaN		2
1	1	98	623.91		3	3	3		NaN	NaN		1.00		NaN		2
1	1	99	630.19		3	3	3		NaN	NaN		1.00		NaN		2
1	1	100	636.47		1	2	2		NaN	NaN		1.00		NaN		2
1	2	101	669.87		1	1	1		NaN	0		0.50		NaN		2
1	2	102	676.65		4	4	4		4	1		1.00		3.48		2
1	2	103	683.93		1	2	2		NaN	0		4.00		NaN		2
1	2	104	694.21		1	1	1		1	1		4.00		6.13		2
1	2	105	704.49		3	4	4		NaN	0		0.50		NaN		2
1	2	106	711.28		4	4	4		4	1		0.50		2.40		2
1	2	107	718.06		4	3	3		4	0		4.00		6.48		2
1	2	108	728.34		2	2	2		2	1		1.00		3.33		2
1	2	109	735.62		1	2	2		NaN	0		0.50		NaN		2
1	2	110	742.40		2	1	1		NaN	0		0.50		NaN		2
1	2	111	749.19		4	4	4		NaN	0		4.00		NaN		2
1	2	112	759.47		2	2	2		NaN	0		1.00		NaN		2
1	2	113	766.75		2	1	1		NaN	0		1.00		NaN		2
1	2	114	774.03		2	1	1		NaN	0		4.00		NaN		2
1	2	115	784.31		1	2	2		NaN	0		0.50		NaN		2
1	2	116	791.10		3	3	3		NaN	0		1.00		NaN		2
1	2	117	798.38		4	4	4		NaN	0		0.50		NaN		2
1	2	118	805.16		1	1	1		NaN	0		0.50		NaN		2
1	2	119	811.94		4	4	4		NaN	0		1.00		NaN		2
1	2	120	819.23		1	1	1		NaN	0		1.00		NaN		2
1	2	121	826.51		4	4	4		NaN	0		1.00		NaN		2
1	2	122	833.79		3	4	4		NaN	0		0.50		NaN		2
1	2	123	840.57		4	3	3		NaN	0		1.00		NaN		2
1	2	124	847.86		2	2	2		NaN	0		0.50		NaN		2
1	2	125	854.64		3	3	3		NaN	0		1.00		NaN		2
1	2	126	861.92		3	3	3		NaN	0		0.50		NaN		2
1	2	127	868.70		4	4	4		NaN	0		4.00		NaN		2
1	2	128	878.98		1	1	1		NaN	0		0.50		NaN		2
1	2	129	885.77		3	3	3		NaN	0		1.00		NaN		2
1	2	130	893.05		4	4	4		NaN	0		0.50		NaN		2
1	2	131	899.83		1	2	2		NaN	0		0.50		NaN		2
1	2	132	906.61		2	1	1		NaN	0		1.00		NaN		2
1	2	133	913.90		4	4	4		3	0		0.50		3.22		2
1	2	134	920.68		3	4	4		4	1		0.50		2.67		2
1	2	135	927.46		4	4	4		4	1		0.50		2.43		2
1	2	136	934.24		2	1	1		1	1		1.00		3.87		2
1	2	137	941.52		3	3	3		NaN	0		4.00		NaN		2
1	2	138	951.81		1	1	1		NaN	0		0.50		NaN		2
1	2	139	958.59		3	4	4		NaN	0		0.50		NaN		2
1	2	140	965.37		4	4	4		NaN	0		1.00		NaN		2
1	2	141	972.65		3	3	3		NaN	0		0.50		NaN		2
1	2	142	979.44		2	1	1		NaN	0		0.50		NaN		2
1	2	143	986.22		2	1	1		NaN	0		1.00		NaN		2
1	2	144	993.50		2	1	1		NaN	0		0.50		NaN		2
1	2	145	1000.28		1	2	2		NaN	0		1.00		NaN		2
1	2	146	1007.56		4	4	4		NaN	0		1.00		NaN		2
1	2	147	1014.85		4	3	3		NaN	0		1.00		NaN		2
1	2	148	1022.13		4	4	4		NaN	0		0.50		NaN		2
1	2	149	1028.91		2	1	1		NaN	0		0.50		NaN		2
1	2	150	1035.69		3	3	3		NaN	0		4.00		NaN		2
1	2	151	1045.98		3	3	3		NaN	0		0.50		NaN		2
1	2	152	1052.76		4	4	4		NaN	0		0.50		NaN		2
1	2	153	1059.54		1	2	2		NaN	0		0.50		NaN		2
1	2	154	1066.32		1	2	2		NaN	0		1.00		NaN		2
1	2	155	1073.60		1	2	2		NaN	0		0.50		NaN		2
1	2	156	1080.39		3	3	3		NaN	0		0.50		NaN		2
1	2	157	1087.17		1	2	2		NaN	0		1.00		NaN		2
1	2	158	1094.45		2	2	2		NaN	0		0.50		NaN		2
1	2	159	1101.23		4	3	3		NaN	0		1.00		NaN		2
1	2	160	1108.52		2	2	2		NaN	0		0.50		NaN		2
1	2	161	1115.30		2	2	2		NaN	0		4.00		NaN		2
1	2	162	1125.58		1	1	1		NaN	0		0.50		NaN		2
1	2	163	1132.36		4	4	4		NaN	0		1.00		NaN		2
1	2	164	1139.64		2	1	1		NaN	0		1.00		NaN		2
1	2	165	1146.93		4	4	4		NaN	0		0.50		NaN		2
1	2	166	1153.71		2	2	2		NaN	0		4.00		NaN		2
1	2	167	1163.99		1	1	1		NaN	0		0.50		NaN		2
1	2	168	1170.77		1	1	1		NaN	0		1.00		NaN		2
1	2	169	1178.06		2	2	2		NaN	0		1.00		NaN		2
1	2	170	1185.34		1	2	2		NaN	0		0.50		NaN		2
1	2	171	1192.12		1	1	1		NaN	0		1.00		NaN		2
1	2	172	1199.40		3	3	3		NaN	0		0.50		NaN		2
1	2	173	1206.18		3	3	3		3	1		1.00		3.03		2
1	2	174	1213.47		3	3	3		4	0		0.50		2.97		2
1	2	175	1220.25		2	2	2		2	1		1.00		4.03		2
1	2	176	1227.53		3	3	3		4	0		0.50		3.20		2
1	2	177	1234.31		3	3	3		3	1		1.00		0.27		2
1	2	178	1241.60		3	3	3		3	1		0.50		1.37		2
1	2	179	1248.38		2	2	2		2	1		0.50		3.28		2
1	2	180	1255.16		3	3	3		3	1		1.00		3.28		2
Block	Phase	Trial	RunningTime	Cue	Image	CorrResp	Resp	Accuracy	ISI	RT_from_CueOnset	ITI
2	1	1	0.52		1	1	1		NaN	NaN		0.50		NaN		2
2	1	2	6.30		1	1	1		1	1		0.50		1.89		2
2	1	3	12.08		3	3	3		NaN	NaN		1.00		NaN		2
2	1	4	18.36		1	2	2		1	0		0.50		1.80		2
2	1	5	24.15		4	4	4		4	1		4.00		5.91		2
2	1	6	33.43		2	1	1		1	1		0.50		2.73		2
2	1	7	39.21		2	2	2		2	1		4.00		5.74		2
2	1	8	48.49		3	4	4		4	1		1.00		2.59		2
2	1	9	54.78		1	1	1		1	1		0.50		2.51		2
2	1	10	60.56		4	4	4		4	1		0.50		2.53		2
2	1	11	66.34		3	3	3		3	1		1.00		2.91		2
2	1	12	72.62		2	2	2		2	1		1.00		2.57		2
2	1	13	78.90		1	1	1		1	1		1.00		3.00		2
2	1	14	85.19		4	4	4		4	1		1.00		2.69		2
2	1	15	91.47		2	1	1		1	1		4.00		5.89		2
2	1	16	100.75		1	2	2		2	1		0.50		2.30		2
2	1	17	106.53		3	4	4		4	1		0.50		2.42		2
2	1	18	112.32		4	4	4		4	1		1.00		2.91		2
2	1	19	118.60		4	4	4		4	1		0.50		2.31		2
2	1	20	124.38		2	1	1		1	1		0.50		2.27		2
2	1	21	130.16		4	4	4		4	1		0.50		2.51		2
2	1	22	135.95		4	4	4		4	1		1.00		2.82		2
2	1	23	142.23		1	1	1		1	1		0.50		2.65		2
2	1	24	148.01		2	2	2		2	1		1.00		3.10		2
2	1	25	154.29		4	4	4		4	1		0.50		2.47		2
2	1	26	160.08		1	2	2		2	1		0.50		2.51		2
2	1	27	165.86		1	1	1		1	1		1.00		3.12		2
2	1	28	172.14		3	3	3		3	1		1.00		3.13		2
2	1	29	178.42		1	2	2		2	1		4.00		6.17		2
2	1	30	187.70		3	4	4		4	1		0.50		2.68		2
2	1	31	193.49		1	1	1		1	1		0.50		2.41		2
2	1	32	199.27		4	3	3		3	1		0.50		2.80		2
2	1	33	205.05		1	1	1		1	1		0.50		2.23		2
2	1	34	210.83		3	3	3		3	1		0.50		2.33		2
2	1	35	216.62		3	3	3		3	1		0.50		1.64		2
2	1	36	222.40		4	4	4		4	1		1.00		2.87		2
2	1	37	228.68		3	3	3		3	1		0.50		1.25		2
2	1	38	234.46		2	2	2		2	1		1.00		2.24		2
2	1	39	240.75		2	2	2		2	1		0.50		1.62		2
2	1	40	246.53		4	4	4		4	1		4.00		2.13		2
2	1	41	255.81		3	3	3		3	1		1.00		1.22		2
2	1	42	262.09		1	2	2		1	0		4.00		1.61		2
2	1	43	271.38		2	2	2		1	0		0.50		1.46		2
2	1	44	277.16		3	3	3		3	1		4.00		1.51		2
2	1	45	286.44		2	1	1		1	1		0.50		2.42		2
2	1	46	292.22		4	4	4		4	1		1.00		1.48		2
2	1	47	298.51		3	3	3		3	1		0.50		1.25		2
2	1	48	304.29		1	1	1		1	1		1.00		2.89		2
2	1	49	310.57		4	4	4		4	1		1.00		1.96		2
2	1	50	316.85		2	1	1		2	0		0.50		1.62		2
2	1	51	322.63		1	1	1		1	1		4.00		5.88		2
2	1	52	331.92		1	1	1		1	1		0.50		1.90		2
2	1	53	337.70		3	4	4		3	0		1.00		1.32		2
2	1	54	343.98		2	1	1		1	1		0.50		2.13		2
2	1	55	349.76		3	4	4		4	1		1.00		2.66		2
2	1	56	356.05		1	1	1		1	1		1.00		2.63		2
2	1	57	362.33		4	3	3		3	1		1.00		2.44		2
2	1	58	368.61		4	3	3		3	1		0.50		2.50		2
2	1	59	374.39		3	3	3		3	1		0.50		2.20		2
2	1	60	380.18		1	2	2		2	1		0.50		2.37		2
2	1	61	385.96		1	2	2		2	1		1.00		2.28		2
2	1	62	392.24		2	2	2		2	1		0.50		2.02		2
2	1	63	398.02		2	2	2		2	1		0.50		1.91		2
2	1	64	403.81		3	3	3		3	1		1.00		2.90		2
2	1	65	410.09		1	2	2		2	1		1.00		2.72		2
2	1	66	416.37		4	4	4		4	1		4.00		5.63		2
2	1	67	425.65		4	3	3		3	1		4.00		5.82		2
2	1	68	434.93		4	3	3		3	1		1.00		2.44		2
2	1	69	441.22		1	1	1		1	1		0.50		2.48		2
2	1	70	447.00		3	3	3		3	1		0.50		2.84		2
2	1	71	452.78		2	2	2		2	1		1.00		2.81		2
2	1	72	459.06		1	2	2		2	1		1.00		2.84		2
2	1	73	465.35		2	2	2		2	1		0.50		2.05		2
2	1	74	471.13		2	2	2		2	1		1.00		2.44		2
2	1	75	477.41		3	3	3		3	1		1.00		2.84		2
2	1	76	483.69		4	4	4		4	1		0.50		2.69		2
2	1	77	489.48		3	3	3		3	1		0.50		3.10		2
2	1	78	495.26		2	1	1		1	1		1.00		3.24		2
2	1	79	501.54		2	2	2		2	1		0.50		3.01		2
2	1	80	507.32		1	1	1		1	1		1.00		2.74		2
2	1	81	513.61		3	3	3		3	1		0.50		2.13		2
2	1	82	519.39		4	3	3		3	1		0.50		2.37		2
2	1	83	525.17		2	1	1		1	1		1.00		2.79		2
2	1	84	531.45		4	3	3		3	1		1.00		2.68		2
2	1	85	537.74		3	3	3		3	1		4.00		5.78		2
2	1	86	547.02		3	3	3		NaN	NaN		0.50		NaN		2
2	1	87	552.80		2	2	2		2	1		4.00		5.67		2
2	1	88	562.08		4	4	4		4	1		1.00		2.88		2
2	1	89	568.36		2	2	2		2	1		0.50		2.35		2
2	1	90	574.15		1	2	2		2	1		0.50		2.09		2
2	1	91	579.93		2	1	1		1	1		0.50		2.42		2
2	1	92	585.71		3	3	3		3	1		0.50		2.50		2
2	1	93	591.49		2	2	2		2	1		1.00		2.68		2
2	1	94	597.78		3	4	4		4	1		0.50		3.02		2
2	1	95	603.56		3	4	4		4	1		4.00		5.55		2
2	1	96	612.84		4	4	4		4	1		1.00		2.72		2
2	1	97	619.12		4	3	3		3	1		0.50		2.43		2
2	1	98	624.91		4	4	4		3	0		0.50		1.21		2
2	1	99	630.69		2	1	1		1	1		1.00		3.36		2
2	1	100	636.97		1	1	1		1	1		1.00		3.44		2
2	2	101	673.70		2	2	2		NaN	0		0.50		NaN		2
2	2	102	680.48		2	2	2		2	1		0.50		1.92		2
2	2	103	687.26		4	4	4		4	1		1.00		4.10		2
2	2	104	694.55		2	2	2		2	1		0.50		3.13		2
2	2	105	701.33		4	4	4		4	1		4.00		7.05		2
2	2	106	711.61		4	3	3		4	0		1.00		2.50		2
2	2	107	718.89		3	3	3		3	1		1.00		2.70		2
2	2	108	726.17		1	2	2		1	0		0.50		2.22		2
2	2	109	732.96		3	3	3		3	1		0.50		2.97		2
2	2	110	739.74		2	1	1		1	1		4.00		6.63		2
2	2	111	750.02		4	4	4		4	1		1.00		3.30		2
2	2	112	757.30		4	3	3		3	1		0.50		2.47		2
2	2	113	764.08		2	1	1		1	1		0.50		3.12		2
2	2	114	770.87		2	1	1		2	0		1.00		3.42		2
2	2	115	778.15		3	3	3		3	1		1.00		3.40		2
2	2	116	785.43		4	4	4		4	1		1.00		3.75		2
2	2	117	792.71		3	3	3		3	1		1.00		3.35		2
2	2	118	800.00		2	2	2		1	0		1.00		3.82		2
2	2	119	807.28		2	1	1		2	0		0.50		1.93		2
2	2	120	814.06		1	1	1		1	1		1.00		2.50		2
2	2	121	821.34		4	3	3		4	0		0.50		3.43		2
2	2	122	828.12		1	1	1		2	0		0.50		3.65		2
2	2	123	834.91		1	2	2		2	1		1.00		3.22		2
2	2	124	842.19		2	1	1		1	1		1.00		3.72		2
2	2	125	849.47		3	3	3		3	1		1.00		3.78		2
2	2	126	856.75		1	1	1		1	1		0.50		3.37		2
2	2	127	863.54		4	4	4		4	1		0.50		2.80		2
2	2	128	870.32		1	2	2		2	1		4.00		6.32		2
2	2	129	880.60		1	1	1		1	1		0.50		2.72		2
2	2	130	887.38		1	2	2		2	1		1.00		3.20		2
2	2	131	894.67		3	3	3		3	1		0.50		2.67		2
2	2	132	901.45		2	1	1		1	1		0.50		3.18		2
2	2	133	908.23		4	4	4		4	1		0.50		2.83		2
2	2	134	915.01		4	3	3		3	1		0.50		2.25		2
2	2	135	921.79		1	1	1		1	1		0.50		2.62		2
2	2	136	928.58		4	4	4		4	1		1.00		3.37		2
2	2	137	935.86		2	2	2		1	0		1.00		4.13		2
2	2	138	943.14		1	2	2		2	1		0.50		2.78		2
2	2	139	949.92		2	2	2		1	0		4.00		6.17		2
2	2	140	960.20		4	3	3		3	1		1.00		2.98		2
2	2	141	967.49		1	2	2		1	0		0.50		3.17		2
2	2	142	974.27		4	4	4		4	1		0.50		2.60		2
2	2	143	981.05		4	4	4		3	0		1.00		3.02		2
2	2	144	988.33		3	4	4		4	1		4.00		6.30		2
2	2	145	998.62		3	4	4		4	1		0.50		3.08		2
2	2	146	1005.40		1	1	1		2	0		0.50		3.18		2
2	2	147	1012.18		1	1	1		NaN	0		0.50		NaN		2
2	2	148	1018.96		3	3	3		3	1		0.50		3.57		2
2	2	149	1025.74		1	1	1		1	1		0.50		3.15		2
2	2	150	1032.53		1	1	1		1	1		1.00		3.82		2
2	2	151	1039.81		2	1	1		1	1		0.50		3.13		2
2	2	152	1046.59		4	3	3		3	1		1.00		3.55		2
2	2	153	1053.87		3	4	4		4	1		0.50		3.53		2
2	2	154	1060.66		3	4	4		4	1		0.50		2.48		2
2	2	155	1067.44		1	1	1		2	0		1.00		4.07		2
2	2	156	1074.72		1	2	2		2	1		0.50		3.18		2
2	2	157	1081.50		3	3	3		3	1		4.00		6.62		2
2	2	158	1091.78		1	1	1		1	1		0.50		4.07		2
2	2	159	1098.57		4	4	4		4	1		4.00		6.00		2
2	2	160	1108.85		2	2	2		2	1		1.00		4.40		2
2	2	161	1116.13		3	4	4		3	0		0.50		2.65		2
2	2	162	1122.91		2	2	2		2	1		0.50		3.13		2
2	2	163	1129.70		2	2	2		2	1		1.00		3.20		2
2	2	164	1136.98		1	1	1		1	1		4.00		6.82		2
2	2	165	1147.26		3	3	3		3	1		0.50		3.03		2
2	2	166	1154.04		3	3	3		3	1		0.50		2.80		2
2	2	167	1160.82		3	3	3		3	1		0.50		3.97		2
2	2	168	1167.61		4	4	4		4	1		0.50		3.02		2
2	2	169	1174.39		3	3	3		3	1		1.00		3.20		2
2	2	170	1181.67		2	2	2		NaN	0		1.00		NaN		2
2	2	171	1188.95		4	3	3		3	1		4.00		5.83		2
2	2	172	1199.24		4	4	4		4	1		0.50		2.50		2
2	2	173	1206.02		2	2	2		2	1		4.00		6.77		2
2	2	174	1216.30		3	3	3		3	1		0.50		3.02		2
2	2	175	1223.08		3	4	4		4	1		1.00		4.22		2
2	2	176	1230.36		2	2	2		2	1		1.00		3.57		2
2	2	177	1237.65		1	2	2		NaN	0		1.00		NaN		2
2	2	178	1244.93		4	4	4		4	1		1.00		3.12		2
2	2	179	1252.21		2	1	1		2	0		1.00		3.62		2
2	2	180	1259.49		3	3	3		3	1		0.50		2.97		2
