*********************************************
* Combray
* Date/Time: 17-Apr-2015 10:05:36
* Seed: 208072.2765
* Subject Number: 23
* Subject Name: zw
*********************************************

Block	Phase	Trial	RunningTime	Cue	Image	CorrResp	Resp	Accuracy	ISI	RT_from_CueOnset	ITI
1	1	1	0.52		1	1	1		1	1		1.00		2.69		2
1	1	2	6.80		4	3	3		3	1		1.00		2.61		2
1	1	3	13.08		3	3	3		3	1		1.00		2.57		2
1	1	4	19.36		1	1	1		1	1		1.00		2.22		2
1	1	5	25.65		3	4	4		3	0		1.00		1.03		2
1	1	6	31.93		4	3	3		3	1		1.00		2.41		2
1	1	7	38.21		1	1	1		1	1		1.00		2.21		2
1	1	8	44.49		4	3	3		3	1		1.00		3.06		2
1	1	9	50.78		1	1	1		1	1		1.00		2.19		2
1	1	10	57.06		2	2	2		2	1		1.00		2.74		2
1	1	11	63.34		1	2	2		1	0		1.00		1.14		2
1	1	12	69.62		1	1	1		1	1		1.00		2.17		2
1	1	13	75.90		3	3	3		3	1		1.00		2.23		2
1	1	14	82.19		2	2	2		2	1		1.00		2.17		2
1	1	15	88.47		4	4	4		3	0		1.00		2.30		2
1	1	16	94.75		1	2	2		1	0		1.00		0.87		2
1	1	17	101.03		3	4	4		3	0		1.00		2.26		2
1	1	18	107.32		1	1	1		1	1		1.00		2.27		2
1	1	19	113.60		2	2	2		2	1		1.00		2.31		2
1	1	20	119.88		3	3	3		3	1		1.00		2.44		2
1	1	21	126.16		3	4	4		4	1		1.00		2.33		2
1	1	22	132.45		3	3	3		3	1		1.00		2.55		2
1	1	23	138.73		1	1	1		1	1		1.00		2.60		2
1	1	24	145.01		2	1	1		2	0		1.00		0.84		2
1	1	25	151.29		1	1	1		1	1		1.00		2.19		2
1	1	26	157.58		3	4	4		4	1		1.00		2.45		2
1	1	27	163.86		4	3	3		3	1		1.00		2.42		2
1	1	28	170.14		3	4	4		4	1		1.00		2.52		2
1	1	29	176.42		4	3	3		3	1		1.00		2.48		2
1	1	30	182.71		1	1	1		1	1		1.00		2.54		2
1	1	31	188.99		4	3	3		3	1		1.00		2.43		2
1	1	32	195.27		2	2	2		2	1		1.00		2.37		2
1	1	33	201.55		2	2	2		2	1		1.00		2.35		2
1	1	34	207.83		3	4	4		4	1		1.00		2.42		2
1	1	35	214.12		1	1	1		1	1		1.00		2.36		2
1	1	36	220.40		2	2	2		2	1		1.00		2.45		2
1	1	37	226.68		1	1	1		1	1		1.00		2.23		2
1	1	38	232.96		4	3	3		3	1		1.00		2.74		2
1	1	39	239.25		4	3	3		3	1		1.00		2.57		2
1	1	40	245.53		4	4	4		4	1		1.00		2.24		2
1	1	41	251.81		2	2	2		2	1		1.00		2.50		2
1	1	42	258.09		4	4	4		4	1		1.00		2.34		2
1	1	43	264.38		2	1	1		1	1		1.00		2.46		2
1	1	44	270.66		2	1	1		1	1		1.00		2.47		2
1	1	45	276.94		1	1	1		1	1		1.00		2.39		2
1	1	46	283.22		2	2	2		2	1		1.00		1.45		2
1	1	47	289.51		4	3	3		3	1		1.00		2.27		2
1	1	48	295.79		3	3	3		4	0		1.00		0.97		2
1	1	49	302.07		3	3	3		3	1		1.00		2.37		2
1	1	50	308.35		4	3	3		4	0		1.00		0.93		2
1	1	51	314.64		2	2	2		2	1		1.00		2.23		2
1	1	52	320.92		4	4	4		4	1		1.00		2.40		2
1	1	53	327.20		3	3	3		3	1		1.00		2.86		2
1	1	54	333.48		1	1	1		1	1		1.00		2.26		2
1	1	55	339.76		4	4	4		4	1		1.00		2.41		2
1	1	56	346.05		2	2	2		2	1		1.00		2.37		2
1	1	57	352.33		3	3	3		3	1		1.00		2.62		2
1	1	58	358.61		1	1	1		1	1		1.00		2.39		2
1	1	59	364.89		1	2	2		2	1		1.00		2.43		2
1	1	60	371.18		3	3	3		3	1		1.00		2.60		2
1	1	61	377.46		2	2	2		2	1		1.00		2.43		2
1	1	62	383.74		4	3	3		3	1		1.00		2.41		2
1	1	63	390.02		1	1	1		1	1		1.00		2.30		2
1	1	64	396.31		4	4	4		4	1		1.00		2.46		2
1	1	65	402.59		3	4	4		4	1		1.00		2.71		2
1	1	66	408.87		3	4	4		4	1		1.00		2.39		2
1	1	67	415.15		1	1	1		1	1		1.00		2.27		2
1	1	68	421.44		3	3	3		3	1		1.00		2.39		2
1	1	69	427.72		4	3	3		3	1		1.00		2.47		2
1	1	70	434.00		3	4	4		4	1		1.00		2.49		2
1	1	71	440.28		2	2	2		2	1		1.00		2.32		2
1	1	72	446.57		3	4	4		4	1		1.00		2.36		2
1	1	73	452.85		4	4	4		4	1		1.00		2.35		2
1	1	74	459.13		1	1	1		1	1		1.00		2.49		2
1	1	75	465.41		3	3	3		3	1		1.00		2.64		2
1	1	76	471.70		1	1	1		1	1		1.00		2.31		2
1	1	77	477.98		2	2	2		2	1		1.00		2.56		2
1	1	78	484.26		4	3	3		3	1		1.00		1.58		2
1	1	79	490.54		2	2	2		2	1		1.00		2.23		2
1	1	80	496.82		1	2	2		2	1		1.00		2.30		2
1	1	81	503.11		3	4	4		4	1		1.00		2.95		2
1	1	82	509.39		4	4	4		4	1		1.00		2.37		2
1	1	83	515.67		4	4	4		4	1		1.00		2.26		2
1	1	84	521.95		2	2	2		2	1		1.00		2.22		2
1	1	85	528.24		2	1	1		1	1		1.00		2.38		2
1	1	86	534.52		1	2	2		2	1		1.00		2.49		2
1	1	87	540.80		3	3	3		3	1		1.00		2.40		2
1	1	88	547.08		1	1	1		1	1		1.00		2.21		2
1	1	89	553.37		1	1	1		1	1		1.00		2.41		2
1	1	90	559.65		2	1	1		1	1		1.00		2.38		2
1	1	91	565.93		4	4	4		4	1		1.00		2.33		2
1	1	92	572.21		2	2	2		2	1		1.00		2.29		2
1	1	93	578.50		2	2	2		2	1		1.00		2.49		2
1	1	94	584.78		3	3	3		3	1		1.00		3.14		2
1	1	95	591.06		2	2	2		2	1		1.00		2.30		2
1	1	96	597.34		2	2	2		2	1		1.00		2.39		2
1	1	97	603.63		2	2	2		2	1		1.00		2.34		2
1	1	98	609.91		4	4	4		4	1		1.00		2.43		2
1	1	99	616.19		3	4	4		4	1		1.00		2.33		2
1	1	100	622.47		4	4	4		4	1		1.00		2.32		2
1	2	101	694.03		4	4	4		4	1		8.00		10.68		2
1	2	102	708.31		3	3	3		3	1		8.00		9.67		2
1	2	103	722.59		2	2	2		2	1		6.00		1.29		2
1	2	104	734.87		4	3	3		3	1		8.00		10.10		2
1	2	105	749.15		4	3	3		3	1		10.00		1.33		2
1	2	106	765.43		4	4	4		3	0		10.00		1.31		2
1	2	107	781.71		2	2	2		2	1		6.00		8.53		2
1	2	108	794.00		4	4	4		4	1		8.00		9.75		2
1	2	109	808.28		1	1	1		1	1		10.00		1.16		2
1	2	110	824.56		3	4	4		3	0		6.00		1.24		2
1	2	111	836.84		2	2	2		1	0		8.00		10.13		2
1	2	112	851.12		3	3	3		3	1		6.00		8.48		2
1	2	113	863.40		2	2	2		2	1		6.00		1.15		2
1	2	114	875.68		1	1	1		1	1		6.00		1.38		2
1	2	115	887.97		4	4	4		3	0		8.00		2.02		2
1	2	116	902.25		3	3	3		3	1		6.00		1.46		2
1	2	117	914.53		2	2	2		2	1		10.00		1.27		2
1	2	118	930.81		3	3	3		3	1		6.00		7.88		2
1	2	119	943.09		2	2	2		2	1		10.00		1.20		2
1	2	120	959.37		3	4	4		4	1		6.00		7.85		2
1	2	121	971.65		1	1	1		1	1		10.00		1.19		2
1	2	122	987.93		2	2	2		2	1		8.00		10.45		2
1	2	123	1002.22		3	4	4		4	1		10.00		1.68		2
1	2	124	1018.50		1	1	1		1	1		6.00		1.26		2
1	2	125	1030.78		1	1	1		1	1		8.00		1.23		2
1	2	126	1045.06		3	4	4		4	1		8.00		2.27		2
1	2	127	1059.34		2	2	2		2	1		8.00		0.94		2
1	2	128	1073.62		2	2	2		2	1		6.00		1.85		2
1	2	129	1085.90		2	2	2		2	1		8.00		1.28		2
1	2	130	1100.18		2	2	2		2	1		8.00		1.48		2
1	2	131	1114.46		3	3	3		4	0		8.00		1.31		2
1	2	132	1128.75		1	1	1		1	1		6.00		1.27		2
1	2	133	1141.03		3	4	4		4	1		10.00		11.78		2
1	2	134	1157.31		1	1	1		1	1		8.00		1.32		2
1	2	135	1171.59		1	1	1		1	1		10.00		1.37		2
1	2	136	1187.87		1	2	2		1	0		10.00		1.01		2
1	2	137	1204.15		1	2	2		2	1		8.00		11.78		2
1	2	138	1218.43		4	3	3		3	1		6.00		8.45		2
1	2	139	1230.71		4	4	4		4	1		6.00		7.78		2
1	2	140	1243.00		3	4	4		4	1		8.00		10.07		2
1	2	141	1257.28		4	3	3		3	1		6.00		7.50		2
1	2	142	1269.56		4	3	3		3	1		10.00		12.30		2
1	2	143	1285.84		4	4	4		3	0		10.00		3.36		2
1	2	144	1302.12		1	1	1		1	1		6.00		2.28		2
1	2	145	1314.40		3	4	4		4	1		6.00		7.75		2
1	2	146	1326.68		2	2	2		2	1		10.00		1.58		2
1	2	147	1342.96		4	3	3		3	1		10.00		11.87		2
1	2	148	1359.24		3	3	3		3	1		8.00		9.90		2
1	2	149	1373.53		1	1	1		1	1		10.00		1.30		2
1	2	150	1389.81		2	1	1		2	0		6.00		1.25		2
1	2	151	1402.09		1	1	1		NaN	0		10.00		NaN		2
1	2	152	1418.37		3	4	4		4	1		8.00		10.08		2
1	2	153	1432.65		2	2	2		2	1		6.00		7.85		2
1	2	154	1444.93		1	2	2		1	0		8.00		1.98		2
1	2	155	1459.21		4	4	4		4	1		8.00		9.97		2
1	2	156	1473.49		3	3	3		3	1		10.00		11.75		2
1	2	157	1489.77		3	3	3		3	1		8.00		10.47		2
1	2	158	1504.06		1	1	1		2	0		8.00		10.17		2
1	2	159	1518.34		1	1	1		2	0		8.00		10.75		2
1	2	160	1532.62		2	1	1		2	0		10.00		3.62		2
1	2	161	1548.90		3	3	3		3	1		10.00		2.83		2
1	2	162	1565.18		4	3	3		3	1		6.00		8.08		2
1	2	163	1577.46		2	1	1		2	0		10.00		12.12		2
1	2	164	1593.74		4	4	4		4	1		6.00		8.77		2
1	2	165	1606.02		1	1	1		1	1		6.00		8.38		2
1	2	166	1618.31		4	3	3		3	1		8.00		10.22		2
1	2	167	1632.59		1	1	1		1	1		8.00		1.83		2
1	2	168	1646.87		3	4	4		3	0		10.00		8.59		2
1	2	169	1663.15		4	3	3		3	1		6.00		8.32		2
1	2	170	1675.43		1	1	1		1	1		6.00		1.62		2
1	2	171	1687.71		3	4	4		4	1		10.00		12.17		2
1	2	172	1703.99		2	2	2		2	1		10.00		12.13		2
1	2	173	1720.27		1	2	2		2	1		6.00		8.42		2
1	2	174	1732.55		3	3	3		3	1		10.00		11.67		2
1	2	175	1748.84		4	3	3		3	1		8.00		10.25		2
1	2	176	1763.12		4	4	4		4	1		10.00		12.30		2
1	2	177	1779.40		2	2	2		2	1		10.00		12.17		2
1	2	178	1795.68		4	4	4		4	1		10.00		11.78		2
1	2	179	1811.96		2	1	1		2	0		8.00		2.23		2
1	2	180	1826.24		2	2	2		2	1		6.00		7.90		2
Block	Phase	Trial	RunningTime	Cue	Image	CorrResp	Resp	Accuracy	ISI	RT_from_CueOnset	ITI
2	1	1	0.52		3	3	3		3	1		1.00		2.81		2
2	1	2	6.80		4	4	4		4	1		1.00		3.34		2
2	1	3	13.08		4	4	4		4	1		1.00		2.52		2
2	1	4	19.36		1	2	2		2	1		1.00		2.79		2
2	1	5	25.65		1	1	1		1	1		1.00		2.37		2
2	1	6	31.93		1	2	2		2	1		1.00		2.42		2
2	1	7	38.21		3	3	3		3	1		1.00		2.56		2
2	1	8	44.49		1	1	1		1	1		1.00		2.52		2
2	1	9	50.78		2	2	2		2	1		1.00		2.47		2
2	1	10	57.06		4	3	3		3	1		1.00		2.32		2
2	1	11	63.34		4	4	4		4	1		1.00		2.72		2
2	1	12	69.62		4	4	4		4	1		1.00		2.42		2
2	1	13	75.91		1	1	1		1	1		1.00		2.48		2
2	1	14	82.19		1	1	1		1	1		1.00		2.49		2
2	1	15	88.47		3	3	3		4	0		1.00		2.44		2
2	1	16	94.75		1	1	1		1	1		1.00		2.36		2
2	1	17	101.03		2	2	2		2	1		1.00		2.74		2
2	1	18	107.32		3	3	3		3	1		1.00		2.41		2
2	1	19	113.60		2	2	2		2	1		1.00		2.46		2
2	1	20	119.88		2	1	1		1	1		1.00		2.25		2
2	1	21	126.16		1	1	1		1	1		1.00		2.39		2
2	1	22	132.45		4	3	3		3	1		1.00		2.62		2
2	1	23	138.73		3	4	4		4	1		1.00		2.50		2
2	1	24	145.01		4	4	4		4	1		1.00		2.34		2
2	1	25	151.29		4	3	3		3	1		1.00		2.47		2
2	1	26	157.58		4	4	4		4	1		1.00		2.42		2
2	1	27	163.86		4	4	4		4	1		1.00		2.58		2
2	1	28	170.14		4	4	4		4	1		1.00		2.35		2
2	1	29	176.42		1	1	1		1	1		1.00		2.53		2
2	1	30	182.71		1	1	1		1	1		1.00		2.41		2
2	1	31	188.99		1	1	1		1	1		1.00		2.30		2
2	1	32	195.27		1	2	2		2	1		1.00		2.63		2
2	1	33	201.55		2	2	2		2	1		1.00		2.40		2
2	1	34	207.84		2	2	2		2	1		1.00		2.29		2
2	1	35	214.12		4	3	3		3	1		1.00		2.49		2
2	1	36	220.40		1	2	2		2	1		1.00		2.54		2
2	1	37	226.68		4	4	4		4	1		1.00		2.41		2
2	1	38	232.97		3	3	3		3	1		1.00		2.49		2
2	1	39	239.25		3	4	4		4	1		1.00		2.46		2
2	1	40	245.53		4	4	4		4	1		1.00		2.37		2
2	1	41	251.81		4	4	4		4	1		1.00		2.31		2
2	1	42	258.09		2	2	2		2	1		1.00		2.83		2
2	1	43	264.38		1	1	1		1	1		1.00		2.33		2
2	1	44	270.66		1	1	1		1	1		1.00		2.39		2
2	1	45	276.94		1	2	2		2	1		1.00		2.50		2
2	1	46	283.22		4	4	4		4	1		1.00		2.42		2
2	1	47	289.51		3	3	3		3	1		1.00		2.45		2
2	1	48	295.79		2	2	2		2	1		1.00		2.43		2
2	1	49	302.07		1	2	2		2	1		1.00		2.43		2
2	1	50	308.35		3	3	3		3	1		1.00		2.47		2
2	1	51	314.64		3	4	4		4	1		1.00		2.47		2
2	1	52	320.92		1	1	1		1	1		1.00		2.37		2
2	1	53	327.20		1	1	1		1	1		1.00		2.49		2
2	1	54	333.48		2	1	1		1	1		1.00		2.53		2
2	1	55	339.77		1	1	1		1	1		1.00		2.33		2
2	1	56	346.05		3	4	4		4	1		1.00		2.44		2
2	1	57	352.33		3	3	3		3	1		1.00		2.33		2
2	1	58	358.61		3	4	4		4	1		1.00		2.43		2
2	1	59	364.90		4	4	4		4	1		1.00		2.34		2
2	1	60	371.18		3	3	3		3	1		1.00		2.94		2
2	1	61	377.46		3	3	3		3	1		1.00		2.66		2
2	1	62	383.74		3	4	4		4	1		1.00		2.27		2
2	1	63	390.02		4	4	4		4	1		1.00		2.35		2
2	1	64	396.31		2	1	1		1	1		1.00		2.30		2
2	1	65	402.59		4	3	3		3	1		1.00		2.47		2
2	1	66	408.87		1	1	1		1	1		1.00		2.46		2
2	1	67	415.15		3	3	3		3	1		1.00		2.28		2
2	1	68	421.44		2	2	2		1	0		1.00		2.41		2
2	1	69	427.72		2	2	2		2	1		1.00		2.42		2
2	1	70	434.00		2	2	2		2	1		1.00		2.22		2
2	1	71	440.28		3	4	4		4	1		1.00		2.42		2
2	1	72	446.57		2	1	1		1	1		1.00		2.45		2
2	1	73	452.85		4	4	4		4	1		1.00		2.40		2
2	1	74	459.13		2	2	2		2	1		1.00		2.50		2
2	1	75	465.41		3	4	4		3	0		1.00		2.32		2
2	1	76	471.70		2	2	2		2	1		1.00		2.48		2
2	1	77	477.98		4	3	3		3	1		1.00		2.56		2
2	1	78	484.26		3	3	3		3	1		1.00		2.36		2
2	1	79	490.54		2	2	2		2	1		1.00		2.34		2
2	1	80	496.83		2	1	1		1	1		1.00		2.41		2
2	1	81	503.11		1	2	2		2	1		1.00		2.48		2
2	1	82	509.39		3	4	4		4	1		1.00		2.48		2
2	1	83	515.67		1	1	1		1	1		1.00		2.41		2
2	1	84	521.95		1	1	1		1	1		1.00		2.34		2
2	1	85	528.24		2	1	1		1	1		1.00		2.31		2
2	1	86	534.52		2	2	2		2	1		1.00		2.30		2
2	1	87	540.80		3	3	3		3	1		1.00		2.46		2
2	1	88	547.08		3	3	3		3	1		1.00		2.26		2
2	1	89	553.37		1	1	1		1	1		1.00		2.38		2
2	1	90	559.65		4	3	3		3	1		1.00		2.41		2
2	1	91	565.93		4	3	3		3	1		1.00		2.44		2
2	1	92	572.21		2	2	2		2	1		1.00		2.49		2
2	1	93	578.50		2	2	2		2	1		1.00		2.40		2
2	1	94	584.78		4	3	3		3	1		1.00		2.31		2
2	1	95	591.06		2	1	1		2	0		1.00		3.06		2
2	1	96	597.34		2	2	2		2	1		1.00		2.21		2
2	1	97	603.63		2	1	1		1	1		1.00		2.25		2
2	1	98	609.91		3	4	4		4	1		1.00		2.40		2
2	1	99	616.19		4	3	3		3	1		1.00		2.39		2
2	1	100	622.47		3	3	3		3	1		1.00		2.33		2
2	2	101	704.54		1	1	1		NaN	0		8.00		NaN		2
2	2	102	718.82		3	3	3		NaN	0		8.00		NaN		2
2	2	103	733.11		4	3	3		NaN	0		8.00		NaN		2
2	2	104	747.39		1	1	1		NaN	0		10.00		NaN		2
2	2	105	763.67		1	1	1		NaN	0		8.00		NaN		2
2	2	106	777.95		2	2	2		NaN	0		6.00		NaN		2
2	2	107	790.23		1	1	1		NaN	0		6.00		NaN		2
2	2	108	802.51		2	1	1		NaN	0		10.00		NaN		2
2	2	109	818.79		4	4	4		NaN	0		10.00		NaN		2
2	2	110	835.07		3	4	4		NaN	0		10.00		NaN		2
2	2	111	851.36		3	4	4		NaN	0		8.00		NaN		2
2	2	112	865.64		1	1	1		NaN	0		6.00		NaN		2
