*********************************************
* Combray
* Date/Time: 03-Jun-2015 09:20:15
* Seed: 205500.62
* Subject Number: 32
* Subject Name: uj
*********************************************

Block	Phase	Trial	RunningTime	Cue	Image	CorrResp	Resp	Accuracy	ISI	RT_from_CueOnset	ITI
1	1	1	0.53		3	3	3		3	1		1.00		2.99		2
1	1	2	6.82		4	4	4		4	1		1.00		2.47		2
1	1	3	13.10		3	3	3		3	1		1.00		1.35		2
1	1	4	19.38		1	1	1		1	1		1.00		2.65		2
1	1	5	25.66		2	1	1		2	0		1.00		1.99		2
1	1	6	31.94		3	3	3		3	1		1.00		2.50		2
1	1	7	38.23		3	3	3		3	1		1.00		2.31		2
1	1	8	44.51		4	4	4		4	1		1.00		2.33		2
1	1	9	50.79		2	2	2		1	0		1.00		2.17		2
1	1	10	57.07		2	2	2		2	1		1.00		1.97		2
1	1	11	63.36		4	4	4		4	1		1.00		1.28		2
1	1	12	69.64		3	4	4		3	0		1.00		1.99		2
1	1	13	75.92		2	2	2		2	1		1.00		1.96		2
1	1	14	82.20		2	1	1		2	0		1.00		0.90		2
1	1	15	88.49		4	4	4		4	1		1.00		2.78		2
1	1	16	94.77		3	3	3		NaN	NaN		1.00		NaN		2
1	1	17	101.05		3	3	3		3	1		1.00		2.52		2
1	1	18	107.33		4	4	4		4	1		1.00		2.93		2
1	1	19	113.62		4	4	4		4	1		1.00		2.55		2
1	1	20	119.90		3	3	3		3	1		1.00		2.93		2
1	1	21	126.18		4	4	4		4	1		1.00		2.41		2
1	1	22	132.46		4	3	3		3	1		1.00		2.61		2
1	1	23	138.75		3	4	4		4	1		1.00		2.68		2
1	1	24	145.03		3	3	3		3	1		1.00		2.70		2
1	1	25	151.31		4	4	4		4	1		1.00		2.79		2
1	1	26	157.59		4	4	4		4	1		1.00		2.39		2
1	1	27	163.88		2	2	2		2	1		1.00		2.19		2
1	1	28	170.16		4	4	4		4	1		1.00		3.10		2
1	1	29	176.44		1	1	1		1	1		1.00		2.19		2
1	1	30	182.72		3	4	4		4	1		1.00		2.46		2
1	1	31	189.00		2	1	1		2	0		1.00		1.75		2
1	1	32	195.29		1	1	1		1	1		1.00		2.36		2
1	1	33	201.57		3	4	4		4	1		1.00		2.67		2
1	1	34	207.85		1	1	1		1	1		1.00		2.40		2
1	1	35	214.13		2	2	2		2	1		1.00		2.36		2
1	1	36	220.42		1	1	1		1	1		1.00		2.36		2
1	1	37	226.70		1	2	2		2	1		1.00		2.46		2
1	1	38	232.98		2	2	2		2	1		1.00		2.60		2
1	1	39	239.26		1	1	1		1	1		1.00		2.56		2
1	1	40	245.55		3	3	3		3	1		1.00		2.76		2
1	1	41	251.83		1	2	2		2	1		1.00		2.36		2
1	1	42	258.11		1	1	1		1	1		1.00		2.36		2
1	1	43	264.39		1	1	1		1	1		1.00		2.31		2
1	1	44	270.68		4	4	4		4	1		1.00		3.10		2
1	1	45	276.96		4	4	4		4	1		1.00		2.35		2
1	1	46	283.24		4	4	4		4	1		1.00		2.59		2
1	1	47	289.52		3	3	3		4	0		1.00		3.08		2
1	1	48	295.80		2	2	2		2	1		1.00		2.62		2
1	1	49	302.09		1	1	1		1	1		1.00		2.36		2
1	1	50	308.37		2	2	2		2	1		1.00		2.69		2
1	1	51	314.65		1	1	1		1	1		1.00		2.39		2
1	1	52	320.93		4	3	3		3	1		1.00		2.93		2
1	1	53	327.22		3	3	3		3	1		1.00		2.78		2
1	1	54	333.50		1	1	1		1	1		1.00		2.72		2
1	1	55	339.78		2	1	1		1	1		1.00		2.49		2
1	1	56	346.06		4	4	4		4	1		1.00		2.72		2
1	1	57	352.35		2	2	2		2	1		1.00		2.78		2
1	1	58	358.63		4	4	4		4	1		1.00		3.38		2
1	1	59	364.91		2	2	2		2	1		1.00		2.63		2
1	1	60	371.19		4	3	3		3	1		1.00		2.75		2
1	1	61	377.48		1	1	1		1	1		1.00		2.71		2
1	1	62	383.76		4	4	4		4	1		1.00		3.32		2
1	1	63	390.04		1	1	1		1	1		1.00		2.50		2
1	1	64	396.32		1	2	2		2	1		1.00		2.76		2
1	1	65	402.61		3	3	3		3	1		1.00		3.25		2
1	1	66	408.89		3	3	3		3	1		1.00		2.66		2
1	1	67	415.17		1	2	2		1	0		1.00		2.45		2
1	1	68	421.45		1	1	1		1	1		1.00		2.53		2
1	1	69	427.74		2	1	1		1	1		1.00		2.51		2
1	1	70	434.02		1	1	1		1	1		1.00		2.58		2
1	1	71	440.30		2	1	1		1	1		1.00		2.50		2
1	1	72	446.58		4	4	4		4	1		1.00		2.69		2
1	1	73	452.86		2	2	2		2	1		1.00		2.92		2
1	1	74	459.15		3	4	4		4	1		1.00		3.53		2
1	1	75	465.43		2	1	1		1	1		1.00		2.53		2
1	1	76	471.71		1	2	2		2	1		1.00		2.99		2
1	1	77	477.99		3	3	3		3	1		1.00		2.73		2
1	1	78	484.28		3	3	3		3	1		1.00		2.52		2
1	1	79	490.56		2	2	2		2	1		1.00		2.54		2
1	1	80	496.84		1	1	1		1	1		1.00		2.45		2
1	1	81	503.12		3	3	3		3	1		1.00		2.96		2
1	1	82	509.41		2	2	2		2	1		1.00		2.79		2
1	1	83	515.69		2	2	2		2	1		1.00		2.63		2
1	1	84	521.97		2	2	2		2	1		1.00		2.82		2
1	1	85	528.25		1	2	2		2	1		1.00		2.30		2
1	1	86	534.54		4	4	4		NaN	NaN		1.00		NaN		2
1	1	87	540.82		2	2	2		2	1		1.00		2.54		2
1	1	88	547.10		1	2	2		2	1		1.00		2.44		2
1	1	89	553.38		1	1	1		1	1		1.00		2.50		2
1	1	90	559.66		4	3	3		3	1		1.00		3.30		2
1	1	91	565.95		2	1	1		1	1		1.00		2.69		2
1	1	92	572.23		3	3	3		3	1		1.00		2.97		2
1	1	93	578.51		4	4	4		4	1		1.00		3.62		2
1	1	94	584.79		4	4	4		4	1		1.00		2.76		2
1	1	95	591.08		3	3	3		3	1		1.00		2.67		2
1	1	96	597.36		3	3	3		3	1		1.00		2.69		2
1	1	97	603.64		3	3	3		3	1		1.00		3.15		2
1	1	98	609.92		1	1	1		NaN	NaN		1.00		NaN		2
1	1	99	616.21		2	2	2		2	1		1.00		2.41		2
1	1	100	622.49		4	3	3		3	1		1.00		2.37		2
1	2	101	649.67		4	4	4		4	1		8.00		11.12		2
1	2	102	663.95		2	2	2		2	1		6.00		8.55		2
1	2	103	676.23		1	2	2		1	0		6.00		9.15		2
1	2	104	688.51		2	2	2		2	1		6.00		9.10		2
1	2	105	700.79		2	2	2		1	0		10.00		13.47		2
1	2	106	717.07		4	4	4		4	1		10.00		13.02		2
1	2	107	733.36		3	3	3		3	1		8.00		10.20		2
1	2	108	747.64		3	3	3		3	1		6.00		7.97		2
1	2	109	759.92		2	2	2		2	1		6.00		8.10		2
1	2	110	772.20		4	4	4		4	1		6.00		7.88		2
1	2	111	784.48		2	2	2		2	1		8.00		10.17		2
1	2	112	798.76		3	3	3		3	1		10.00		12.77		2
1	2	113	815.04		1	1	1		1	1		10.00		13.15		2
1	2	114	831.32		2	2	2		2	1		10.00		12.08		2
1	2	115	847.60		3	4	4		4	1		8.00		10.08		2
1	2	116	861.89		1	2	2		1	0		10.00		12.88		2
1	2	117	878.17		4	4	4		4	1		8.00		10.10		2
1	2	118	892.45		1	1	1		2	0		8.00		10.55		2
1	2	119	906.73		2	1	1		1	1		8.00		11.10		2
1	2	120	921.01		1	2	2		2	1		6.00		8.13		2
1	2	121	933.29		1	1	1		2	0		10.00		12.47		2
1	2	122	949.57		2	2	2		2	1		6.00		8.00		2
1	2	123	961.85		1	1	1		NaN	0		6.00		NaN		2
1	2	124	974.14		3	3	3		3	1		10.00		12.97		2
1	2	125	990.42		1	2	2		1	0		8.00		10.18		2
1	2	126	1004.70		4	3	3		NaN	0		10.00		NaN		2
1	2	127	1020.98		1	1	1		1	1		6.00		8.43		2
1	2	128	1033.26		2	2	2		2	1		8.00		9.78		2
1	2	129	1047.54		4	4	4		NaN	0		10.00		NaN		2
1	2	130	1063.82		3	3	3		4	0		6.00		8.83		2
1	2	131	1076.10		4	4	4		3	0		6.00		9.32		2
1	2	132	1088.39		2	2	2		2	1		8.00		10.33		2
1	2	133	1102.67		4	4	4		3	0		10.00		12.33		2
1	2	134	1118.95		1	1	1		2	0		10.00		5.16		2
1	2	135	1135.23		3	4	4		2	0		10.00		13.77		2
1	2	136	1151.51		4	4	4		3	0		6.00		8.17		2
1	2	137	1163.79		3	3	3		4	0		6.00		8.75		2
1	2	138	1176.07		1	1	1		NaN	0		8.00		NaN		2
1	2	139	1190.35		2	2	2		2	1		10.00		12.55		2
1	2	140	1206.63		4	4	4		4	1		8.00		10.41		2
1	2	141	1220.92		1	1	1		2	0		6.00		7.95		2
1	2	142	1233.20		1	1	1		1	1		6.00		8.37		2
1	2	143	1245.48		2	2	2		2	1		6.00		7.92		2
1	2	144	1257.76		3	3	3		3	1		10.00		12.85		2
1	2	145	1274.04		3	3	3		3	1		8.00		9.93		2
1	2	146	1288.32		1	1	1		2	0		8.00		10.23		2
1	2	147	1302.60		1	1	1		1	1		8.00		10.08		2
1	2	148	1316.88		2	2	2		1	0		10.00		11.33		2
1	2	149	1333.16		1	2	2		1	0		8.00		10.38		2
1	2	150	1347.45		2	2	2		1	0		8.00		8.45		2
1	2	151	1361.73		3	4	4		4	1		6.00		8.53		2
1	2	152	1374.01		1	1	1		NaN	0		6.00		NaN		2
1	2	153	1386.29		2	1	1		2	0		6.00		8.47		2
1	2	154	1398.57		2	1	1		1	1		10.00		12.33		2
1	2	155	1414.85		3	3	3		3	1		6.00		8.20		2
1	2	156	1427.13		3	3	3		3	1		8.00		9.73		2
1	2	157	1441.42		1	1	1		2	0		10.00		11.88		2
1	2	158	1457.70		4	3	3		3	1		8.00		9.93		2
1	2	159	1471.98		4	4	4		3	0		10.00		11.97		2
1	2	160	1488.26		4	4	4		4	1		8.00		9.93		2
1	2	161	1502.54		4	4	4		4	1		10.00		11.83		2
1	2	162	1518.82		4	4	4		NaN	0		10.00		NaN		2
1	2	163	1535.10		3	3	3		3	1		8.00		10.28		2
1	2	164	1549.38		4	4	4		4	1		6.00		7.85		2
1	2	165	1561.66		2	1	1		2	0		10.00		13.65		2
1	2	166	1577.94		4	3	3		4	0		6.00		8.18		2
1	2	167	1590.23		2	1	1		2	0		8.00		10.32		2
1	2	168	1604.51		3	3	3		3	1		10.00		12.07		2
1	2	169	1620.79		3	3	3		3	1		8.00		10.52		2
1	2	170	1635.07		1	2	2		2	1		10.00		11.80		2
1	2	171	1651.35		3	3	3		3	1		8.00		10.18		2
1	2	172	1665.63		4	3	3		3	1		6.00		7.73		2
1	2	173	1677.91		1	1	1		NaN	0		8.00		NaN		2
1	2	174	1692.19		2	1	1		1	1		10.00		12.62		2
1	2	175	1708.48		2	1	1		2	0		6.00		7.63		2
1	2	176	1720.76		4	4	4		3	0		8.00		9.98		2
1	2	177	1735.04		3	4	4		4	1		10.00		12.13		2
1	2	178	1751.32		4	4	4		4	1		8.00		10.50		2
1	2	179	1765.60		3	3	3		3	1		6.00		8.52		2
1	2	180	1777.88		3	3	3		3	1		10.00		12.16		2
Block	Phase	Trial	RunningTime	Cue	Image	CorrResp	Resp	Accuracy	ISI	RT_from_CueOnset	ITI
2	1	1	0.52		2	2	2		2	1		1.00		2.55		2
2	1	2	6.80		2	2	2		2	1		1.00		2.83		2
2	1	3	13.08		4	3	3		3	1		1.00		2.94		2
2	1	4	19.36		4	4	4		4	1		1.00		2.63		2
2	1	5	25.65		3	3	3		3	1		1.00		3.28		2
2	1	6	31.93		4	4	4		4	1		1.00		3.22		2
2	1	7	38.21		3	3	3		3	1		1.00		2.57		2
2	1	8	44.49		4	4	4		4	1		1.00		2.85		2
2	1	9	50.78		4	3	3		3	1		1.00		2.64		2
2	1	10	57.06		2	1	1		1	1		1.00		2.94		2
2	1	11	63.34		4	3	3		3	1		1.00		2.99		2
2	1	12	69.62		3	3	3		3	1		1.00		2.79		2
2	1	13	75.89		1	1	1		1	1		1.00		2.67		2
2	1	14	82.17		2	1	1		1	1		1.00		2.86		2
2	1	15	88.45		2	1	1		1	1		1.00		2.46		2
2	1	16	94.74		1	2	2		2	1		1.00		2.91		2
2	1	17	101.02		2	1	1		1	1		1.00		2.83		2
2	1	18	107.30		2	1	1		1	1		1.00		2.59		2
2	1	19	113.58		3	3	3		3	1		1.00		3.43		2
2	1	20	119.87		4	3	3		3	1		1.00		2.96		2
2	1	21	126.15		2	1	1		1	1		1.00		2.69		2
2	1	22	132.43		2	2	2		2	1		1.00		2.98		2
2	1	23	138.71		2	2	2		2	1		1.00		2.76		2
2	1	24	144.99		3	3	3		3	1		1.00		3.06		2
2	1	25	151.28		4	4	4		4	1		1.00		2.99		2
2	1	26	157.56		2	1	1		1	1		1.00		2.75		2
2	1	27	163.84		3	4	4		4	1		1.00		3.26		2
2	1	28	170.12		4	4	4		4	1		1.00		2.81		2
2	1	29	176.41		1	2	2		2	1		1.00		3.07		2
2	1	30	182.69		3	3	3		3	1		1.00		2.86		2
2	1	31	188.97		1	2	2		2	1		1.00		2.68		2
2	1	32	195.25		3	4	4		4	1		1.00		2.96		2
2	1	33	201.54		2	1	1		1	1		1.00		3.20		2
2	1	34	207.82		3	3	3		3	1		1.00		3.06		2
2	1	35	214.10		2	2	2		2	1		1.00		2.73		2
2	1	36	220.38		1	1	1		1	1		1.00		2.87		2
2	1	37	226.67		2	2	2		2	1		1.00		3.54		2
2	1	38	232.95		3	3	3		3	1		1.00		2.97		2
2	1	39	239.23		2	2	2		2	1		1.00		2.71		2
2	1	40	245.51		2	2	2		2	1		1.00		2.88		2
2	1	41	251.80		2	2	2		2	1		1.00		2.45		2
2	1	42	258.08		4	4	4		4	1		1.00		2.89		2
2	1	43	264.36		1	2	2		2	1		1.00		2.94		2
2	1	44	270.64		1	1	1		1	1		1.00		2.98		2
2	1	45	276.93		3	3	3		3	1		1.00		2.89		2
2	1	46	283.21		1	2	2		2	1		1.00		2.63		2
2	1	47	289.49		1	1	1		1	1		1.00		3.07		2
2	1	48	295.77		1	1	1		1	1		1.00		2.65		2
2	1	49	302.05		2	1	1		1	1		1.00		2.76		2
2	1	50	308.34		4	4	4		4	1		1.00		3.31		2
2	1	51	314.62		1	2	2		2	1		1.00		2.89		2
2	1	52	320.90		3	3	3		NaN	NaN		1.00		NaN		2
2	1	53	327.18		4	3	3		3	1		1.00		2.32		2
2	1	54	333.47		1	2	2		2	1		1.00		2.45		2
2	1	55	339.75		4	4	4		4	1		1.00		2.82		2
2	1	56	346.03		4	4	4		4	1		1.00		2.49		2
2	1	57	352.31		4	4	4		4	1		1.00		2.71		2
2	1	58	358.60		2	1	1		1	1		1.00		2.71		2
2	1	59	364.88		3	4	4		4	1		1.00		2.82		2
2	1	60	371.16		3	3	3		3	1		1.00		2.91		2
2	1	61	377.44		3	3	3		3	1		1.00		3.01		2
2	1	62	383.73		1	1	1		1	1		1.00		2.91		2
2	1	63	390.01		1	2	2		2	1		1.00		2.69		2
2	1	64	396.29		3	4	4		NaN	NaN		1.00		NaN		2
2	1	65	402.57		4	4	4		4	1		1.00		2.73		2
2	1	66	408.86		1	1	1		1	1		1.00		2.78		2
2	1	67	415.14		4	3	3		3	1		1.00		2.80		2
2	1	68	421.42		1	2	2		2	1		1.00		2.63		2
2	1	69	427.70		1	1	1		1	1		1.00		2.72		2
2	1	70	433.98		3	4	4		4	1		1.00		2.81		2
2	1	71	440.27		2	1	1		1	1		1.00		2.79		2
2	1	72	446.55		1	1	1		1	1		1.00		2.65		2
2	1	73	452.83		3	3	3		3	1		1.00		2.91		2
2	1	74	459.11		4	4	4		4	1		1.00		3.21		2
2	1	75	465.40		3	4	4		4	1		1.00		2.72		2
2	1	76	471.68		1	2	2		2	1		1.00		2.80		2
2	1	77	477.96		1	1	1		1	1		1.00		2.99		2
2	1	78	484.24		3	3	3		3	1		1.00		2.80		2
2	1	79	490.53		3	4	4		4	1		1.00		2.84		2
2	1	80	496.81		4	3	3		3	1		1.00		2.67		2
2	1	81	503.09		4	4	4		4	1		1.00		2.73		2
2	1	82	509.37		1	2	2		2	1		1.00		2.59		2
2	1	83	515.66		3	4	4		4	1		1.00		3.12		2
2	1	84	521.94		4	4	4		4	1		1.00		2.58		2
2	1	85	528.22		3	4	4		4	1		1.00		2.43		2
2	1	86	534.50		1	1	1		1	1		1.00		2.72		2
2	1	87	540.79		4	3	3		3	1		1.00		3.19		2
2	1	88	547.07		4	3	3		3	1		1.00		2.67		2
2	1	89	553.35		4	3	3		3	1		1.00		2.50		2
2	1	90	559.63		3	3	3		3	1		1.00		2.47		2
2	1	91	565.91		2	2	2		2	1		1.00		2.68		2
2	1	92	572.20		2	2	2		2	1		1.00		2.61		2
2	1	93	578.48		4	4	4		4	1		1.00		3.16		2
2	1	94	584.76		2	2	2		2	1		1.00		2.59		2
2	1	95	591.04		1	1	1		1	1		1.00		2.73		2
2	1	96	597.33		2	1	1		1	1		1.00		3.18		2
2	1	97	603.61		3	4	4		4	1		1.00		3.63		2
2	1	98	609.89		2	1	1		1	1		1.00		2.57		2
2	1	99	616.17		1	1	1		1	1		1.00		2.45		2
2	1	100	622.46		1	2	2		2	1		1.00		2.74		2
2	2	101	637.02		4	3	3		3	1		8.00		10.02		2
2	2	102	651.30		2	2	2		2	1		8.00		10.07		2
2	2	103	665.58		2	1	1		1	1		6.00		7.88		2
2	2	104	677.86		4	4	4		3	0		8.00		9.70		2
2	2	105	692.15		2	2	2		1	0		8.00		9.75		2
2	2	106	706.43		1	2	2		2	1		10.00		11.67		2
2	2	107	722.71		3	4	4		4	1		10.00		11.95		2
2	2	108	738.99		4	3	3		3	1		10.00		11.83		2
2	2	109	755.27		1	2	2		2	1		10.00		11.58		2
2	2	110	771.55		1	1	1		1	1		6.00		7.72		2
2	2	111	783.83		1	1	1		1	1		10.00		11.95		2
2	2	112	800.11		3	3	3		3	1		6.00		7.73		2
2	2	113	812.39		2	1	1		1	1		6.00		7.60		2
2	2	114	824.68		4	4	4		3	0		8.00		10.22		2
2	2	115	838.96		3	3	3		4	0		8.00		9.87		2
2	2	116	853.24		1	2	2		2	1		8.00		10.08		2
2	2	117	867.52		1	1	1		1	1		10.00		11.97		2
2	2	118	883.80		3	3	3		4	0		6.00		7.73		2
2	2	119	896.08		2	1	1		1	1		10.00		11.65		2
2	2	120	912.36		2	2	2		1	0		6.00		7.65		2
2	2	121	924.64		3	4	4		3	0		8.00		9.87		2
2	2	122	938.93		2	2	2		2	1		10.00		11.67		2
2	2	123	955.21		1	1	1		1	1		8.00		10.30		2
2	2	124	969.49		4	3	3		3	1		6.00		8.12		2
2	2	125	981.77		4	3	3		4	0		10.00		12.08		2
2	2	126	998.05		1	1	1		1	1		8.00		10.05		2
2	2	127	1012.33		3	4	4		3	0		8.00		10.18		2
2	2	128	1026.61		4	4	4		4	1		8.00		10.10		2
2	2	129	1040.89		4	4	4		3	0		8.00		10.10		2
2	2	130	1055.17		2	1	1		1	1		10.00		12.23		2
2	2	131	1071.45		4	4	4		3	0		10.00		12.70		2
2	2	132	1087.74		3	4	4		4	1		10.00		12.12		2
2	2	133	1104.02		4	4	4		3	0		10.00		12.52		2
2	2	134	1120.30		2	2	2		2	1		10.00		12.13		2
2	2	135	1136.58		4	4	4		4	1		10.00		12.41		2
2	2	136	1152.86		3	3	3		3	1		6.00		8.22		2
2	2	137	1165.14		2	2	2		2	1		10.00		12.03		2
2	2	138	1181.42		2	2	2		2	1		6.00		8.18		2
2	2	139	1193.70		2	1	1		1	1		6.00		8.20		2
2	2	140	1205.98		2	1	1		1	1		10.00		12.20		2
2	2	141	1222.27		1	2	2		2	1		8.00		9.70		2
2	2	142	1236.55		3	4	4		4	1		6.00		8.58		2
2	2	143	1248.83		1	1	1		1	1		10.00		12.12		2
2	2	144	1265.11		1	2	2		2	1		8.00		10.21		2
2	2	145	1279.39		4	3	3		4	0		8.00		10.45		2
2	2	146	1293.67		4	4	4		3	0		10.00		12.31		2
2	2	147	1309.95		1	2	2		2	1		10.00		12.08		2
2	2	148	1326.23		4	3	3		4	0		6.00		8.22		2
2	2	149	1338.51		2	1	1		1	1		8.00		10.22		2
2	2	150	1352.80		3	3	3		3	1		8.00		10.35		2
2	2	151	1367.08		2	1	1		2	0		10.00		11.36		2
2	2	152	1383.36		2	2	2		2	1		6.00		8.08		2
2	2	153	1395.64		2	1	1		1	1		8.00		10.07		2
2	2	154	1409.92		4	3	3		4	0		8.00		10.23		2
2	2	155	1424.20		4	4	4		4	1		6.00		8.33		2
2	2	156	1436.48		2	1	1		1	1		8.00		10.96		2
2	2	157	1450.76		3	4	4		4	1		6.00		8.38		2
2	2	158	1463.05		1	1	1		1	1		6.00		8.20		2
2	2	159	1475.33		3	3	3		3	1		10.00		12.30		2
2	2	160	1491.61		4	4	4		4	1		10.00		12.07		2
2	2	161	1507.89		3	3	3		3	1		8.00		10.10		2
2	2	162	1522.17		4	4	4		3	0		6.00		7.92		2
2	2	163	1534.45		1	2	2		2	1		6.00		7.87		2
2	2	164	1546.73		4	3	3		3	1		6.00		8.22		2
2	2	165	1559.02		2	2	2		2	1		6.00		8.00		2
2	2	166	1571.30		3	4	4		3	0		10.00		12.48		2
2	2	167	1587.58		3	3	3		3	1		6.00		8.10		2
2	2	168	1599.86		1	2	2		2	1		6.00		7.55		2
2	2	169	1612.14		1	2	2		2	1		8.00		9.90		2
2	2	170	1626.42		3	3	3		3	1		8.00		9.95		2
2	2	171	1640.70		3	3	3		3	1		10.00		11.58		2
2	2	172	1656.98		1	2	2		2	1		6.00		7.25		2
2	2	173	1669.27		4	4	4		3	0		6.00		7.63		2
2	2	174	1681.55		1	1	1		1	1		6.00		7.55		2
2	2	175	1693.83		3	3	3		3	1		10.00		12.15		2
2	2	176	1710.11		1	1	1		1	1		8.00		10.36		2
2	2	177	1724.39		3	4	4		3	0		8.00		9.90		2
2	2	178	1738.67		2	2	2		2	1		8.00		9.90		2
2	2	179	1752.95		1	1	1		2	0		6.00		8.03		2
2	2	180	1765.23		3	3	3		3	1		10.00		12.25		2
