*********************************************
* Combray
* Date/Time: 20-Mar-2015 13:19:53
* Seed: 211613.9046
* Subject Number: 11
* Subject Name: aaf
*********************************************

Block	Phase	Trial	RunningTime	Cue	Image	CorrResp	Resp	Accuracy	ISI	RT_from_CueOnset	ITI
1	1	1	0.52		4	3	3		3	1		1.00		3.01		2
1	1	2	6.80		3	3	3		3	1		1.00		2.37		2
1	1	3	13.08		2	1	1		1	1		0.50		1.87		2
1	1	4	18.86		1	1	1		1	1		0.50		1.85		2
1	1	5	24.65		1	1	1		1	1		0.50		1.74		2
1	1	6	30.43		3	3	3		3	1		1.00		2.13		2
1	1	7	36.71		4	3	3		3	1		4.00		5.40		2
1	1	8	45.99		2	2	2		2	1		1.00		2.40		2
1	1	9	52.28		1	1	1		1	1		0.50		1.85		2
1	1	10	58.06		2	2	2		2	1		0.50		1.80		2
1	1	11	63.84		3	4	4		4	1		4.00		5.53		2
1	1	12	73.12		3	3	3		3	1		0.50		2.07		2
1	1	13	78.89		1	1	1		1	1		1.00		2.16		2
1	1	14	85.17		2	1	1		1	1		1.00		2.47		2
1	1	15	91.45		4	4	4		4	1		0.50		2.01		2
1	1	16	97.23		1	1	1		1	1		4.00		5.11		2
1	1	17	106.52		1	2	2		1	0		0.50		0.87		2
1	1	18	112.30		2	2	2		2	1		1.00		2.40		2
1	1	19	118.58		3	4	4		4	1		0.50		2.17		2
1	1	20	124.37		4	4	4		4	1		1.00		2.38		2
1	1	21	130.65		4	4	4		4	1		1.00		2.49		2
1	1	22	136.93		4	4	4		4	1		1.00		2.16		2
1	1	23	143.21		4	4	4		4	1		1.00		2.73		2
1	1	24	149.49		1	2	2		2	1		4.00		5.33		2
1	1	25	158.78		2	1	1		1	1		0.50		2.01		2
1	1	26	164.56		1	1	1		1	1		1.00		2.24		2
1	1	27	170.84		2	2	2		2	1		4.00		5.24		2
1	1	28	180.12		3	3	3		3	1		0.50		2.30		2
1	1	29	185.90		2	2	2		1	0		1.00		2.45		2
1	1	30	192.19		2	2	2		2	1		0.50		1.89		2
1	1	31	197.97		4	4	4		4	1		4.00		5.24		2
1	1	32	207.25		1	2	2		2	1		1.00		2.18		2
1	1	33	213.53		4	4	4		4	1		0.50		1.77		2
1	1	34	219.32		4	4	4		4	1		0.50		1.17		2
1	1	35	225.10		4	4	4		4	1		0.50		0.81		2
1	1	36	230.88		3	3	3		3	1		0.50		1.43		2
1	1	37	236.66		4	4	4		4	1		0.50		0.79		2
1	1	38	242.45		2	1	1		2	0		4.00		5.19		2
1	1	39	251.73		1	1	1		1	1		4.00		5.33		2
1	1	40	261.01		4	3	3		4	0		1.00		1.08		2
1	1	41	267.29		3	4	4		3	0		1.00		1.27		2
1	1	42	273.58		1	2	2		2	1		0.50		1.88		2
1	1	43	279.36		2	2	2		2	1		0.50		1.84		2
1	1	44	285.14		1	1	1		1	1		0.50		1.90		2
1	1	45	290.92		4	4	4		4	1		1.00		2.74		2
1	1	46	297.20		3	3	3		3	1		0.50		1.95		2
1	1	47	302.99		2	2	2		2	1		0.50		1.72		2
1	1	48	308.77		2	1	1		1	1		1.00		2.38		2
1	1	49	315.05		3	3	3		3	1		1.00		2.14		2
1	1	50	321.32		2	2	2		2	1		1.00		2.22		2
1	1	51	327.60		3	3	3		3	1		1.00		2.04		2
1	1	52	333.88		2	1	1		1	1		1.00		2.83		2
1	1	53	340.16		3	3	3		3	1		0.50		1.83		2
1	1	54	345.95		1	1	1		1	1		1.00		2.43		2
1	1	55	352.23		1	1	1		1	1		1.00		0.94		2
1	1	56	358.51		4	3	3		4	0		1.00		0.98		2
1	1	57	364.79		2	2	2		2	1		4.00		5.37		2
1	1	58	374.08		4	4	4		4	1		0.50		2.10		2
1	1	59	379.86		3	3	3		3	1		1.00		2.35		2
1	1	60	386.14		2	2	2		2	1		0.50		1.82		2
1	1	61	391.92		4	4	4		4	1		4.00		5.20		2
1	1	62	401.21		2	2	2		2	1		0.50		1.62		2
1	1	63	406.99		2	1	1		2	0		0.50		0.66		2
1	1	64	412.77		2	1	1		1	1		0.50		1.94		2
1	1	65	418.55		3	3	3		3	1		1.00		2.16		2
1	1	66	424.84		4	4	4		4	1		0.50		1.25		2
1	1	67	430.62		1	1	1		1	1		0.50		2.06		2
1	1	68	436.40		3	3	3		3	1		0.50		1.80		2
1	1	69	442.18		4	4	4		4	1		0.50		1.98		2
1	1	70	447.97		1	1	1		1	1		0.50		1.87		2
1	1	71	453.75		2	2	2		2	1		1.00		2.06		2
1	1	72	460.03		4	4	4		4	1		0.50		1.60		2
1	1	73	465.81		4	4	4		4	1		4.00		0.75		2
1	1	74	475.10		1	1	1		1	1		1.00		2.31		2
1	1	75	481.38		4	4	4		4	1		1.00		0.89		2
1	1	76	487.66		1	2	2		1	0		1.00		1.00		2
1	1	77	493.94		2	2	2		2	1		1.00		2.12		2
1	1	78	500.22		1	1	1		1	1		0.50		1.79		2
1	1	79	506.01		3	3	3		3	1		1.00		1.53		2
1	1	80	512.29		3	3	3		3	1		0.50		1.77		2
1	1	81	518.07		4	3	3		4	0		0.50		0.75		2
1	1	82	523.85		1	1	1		1	1		0.50		1.00		2
1	1	83	529.64		3	3	3		3	1		4.00		5.11		2
1	1	84	538.92		2	2	2		2	1		0.50		1.70		2
1	1	85	544.70		1	1	1		1	1		1.00		2.19		2
1	1	86	550.98		1	2	2		1	0		0.50		1.65		2
1	1	87	556.77		3	4	4		3	0		0.50		1.64		2
1	1	88	562.55		3	3	3		3	1		4.00		5.43		2
1	1	89	571.83		2	2	2		2	1		0.50		1.66		2
1	1	90	577.61		2	2	2		2	1		0.50		1.82		2
1	1	91	583.40		1	1	1		1	1		0.50		1.79		2
1	1	92	589.18		3	3	3		3	1		0.50		1.90		2
1	1	93	594.96		3	3	3		3	1		0.50		1.90		2
1	1	94	600.74		3	3	3		3	1		1.00		2.21		2
1	1	95	607.02		4	4	4		4	1		0.50		0.94		2
1	1	96	612.81		3	3	3		3	1		0.50		1.82		2
1	1	97	618.59		4	4	4		4	1		0.50		1.07		2
1	1	98	624.37		1	1	1		1	1		0.50		0.59		2
1	1	99	630.15		1	2	2		1	0		1.00		0.83		2
1	1	100	636.44		3	4	4		4	1		0.50		2.09		2
1	2	101	668.90		1	1	1		1	1		1.00		2.22		2
1	2	102	676.18		3	3	3		3	1		0.50		1.67		2
1	2	103	682.96		3	4	4		3	0		0.50		1.62		2
1	2	104	689.75		1	1	1		1	1		0.50		1.57		2
1	2	105	696.53		1	2	2		1	0		0.50		0.88		2
1	2	106	703.31		3	3	3		3	1		0.50		1.77		2
1	2	107	710.09		4	4	4		4	1		1.00		2.10		2
1	2	108	717.37		2	2	2		2	1		0.50		1.65		2
1	2	109	724.16		4	4	4		4	1		1.00		2.10		2
1	2	110	731.44		3	4	4		3	0		0.50		1.60		2
1	2	111	738.22		2	1	1		2	0		1.00		2.03		2
1	2	112	745.50		2	2	2		2	1		0.50		1.95		2
1	2	113	752.29		2	1	1		1	1		4.00		6.03		2
1	2	114	762.57		3	3	3		3	1		0.50		2.13		2
1	2	115	769.35		2	1	1		2	0		0.50		2.00		2
1	2	116	776.13		3	3	3		3	1		1.00		2.30		2
1	2	117	783.41		3	3	3		3	1		0.50		2.38		2
1	2	118	790.20		2	2	2		2	1		1.00		2.32		2
1	2	119	797.48		4	3	3		4	0		1.00		2.12		2
1	2	120	804.76		3	3	3		3	1		0.50		1.03		2
1	2	121	811.54		4	4	4		4	1		0.50		0.80		2
1	2	122	818.33		1	1	1		1	1		0.50		0.93		2
1	2	123	825.11		2	2	2		2	1		1.00		0.86		2
1	2	124	832.39		4	4	4		4	1		1.00		0.73		2
1	2	125	839.67		1	1	1		1	1		1.00		0.84		2
1	2	126	846.96		1	1	1		2	0		0.50		0.60		2
1	2	127	853.74		1	1	1		1	1		0.50		0.82		2
1	2	128	860.52		4	4	4		4	1		0.50		1.11		2
1	2	129	867.30		2	2	2		2	1		4.00		5.18		2
1	2	130	877.58		2	1	1		1	1		0.50		2.15		2
1	2	131	884.37		1	1	1		1	1		0.50		0.77		2
1	2	132	891.15		3	4	4		3	0		0.50		1.58		2
1	2	133	897.93		2	2	2		2	1		0.50		1.98		2
1	2	134	904.71		4	4	4		4	1		4.00		5.60		2
1	2	135	914.99		3	3	3		3	1		4.00		5.53		2
1	2	136	925.28		4	4	4		4	1		0.50		1.09		2
1	2	137	932.06		1	1	1		1	1		0.50		1.06		2
1	2	138	938.84		2	2	2		2	1		0.50		1.65		2
1	2	139	945.62		3	3	3		3	1		4.00		5.47		2
1	2	140	955.91		3	3	3		3	1		1.00		2.10		2
1	2	141	963.19		4	4	4		4	1		0.50		0.94		2
1	2	142	969.97		4	4	4		4	1		0.50		0.75		2
1	2	143	976.75		3	4	4		3	0		0.50		0.78		2
1	2	144	983.53		4	4	4		4	1		0.50		0.75		2
1	2	145	990.32		2	2	2		2	1		1.00		0.79		2
1	2	146	997.60		3	3	3		3	1		0.50		0.83		2
1	2	147	1004.38		1	2	2		1	0		0.50		0.73		2
1	2	148	1011.16		2	1	1		2	0		1.00		0.63		2
1	2	149	1018.45		2	1	1		2	0		1.00		0.77		2
1	2	150	1025.71		2	1	1		1	1		0.50		2.10		2
1	2	151	1032.49		3	3	3		3	1		1.00		2.53		2
1	2	152	1039.78		3	3	3		4	0		1.00		2.73		2
1	2	153	1047.06		3	3	3		3	1		0.50		2.00		2
1	2	154	1053.84		4	3	3		4	0		1.00		2.53		2
1	2	155	1061.12		4	4	4		4	1		1.00		0.81		2
1	2	156	1068.41		1	2	2		1	0		1.00		2.25		2
1	2	157	1075.69		2	2	2		2	1		1.00		2.63		2
1	2	158	1082.97		4	4	4		4	1		1.00		2.20		2
1	2	159	1090.25		1	1	1		1	1		1.00		2.35		2
1	2	160	1097.53		2	2	2		2	1		4.00		5.85		2
1	2	161	1107.82		3	3	3		3	1		1.00		1.29		2
1	2	162	1115.10		4	4	4		4	1		1.00		0.97		2
1	2	163	1122.38		4	4	4		4	1		0.50		0.74		2
1	2	164	1129.16		2	2	2		2	1		1.00		0.80		2
1	2	165	1136.45		3	3	3		3	1		1.00		0.77		2
1	2	166	1143.73		1	1	1		1	1		1.00		1.38		2
1	2	167	1151.01		1	1	1		1	1		0.50		0.77		2
1	2	168	1157.79		1	2	2		2	1		0.50		2.00		2
1	2	169	1164.57		4	3	3		4	0		4.00		0.82		2
1	2	170	1174.86		4	4	4		4	1		4.00		5.78		2
1	2	171	1185.14		1	1	1		1	1		4.00		1.22		2
1	2	172	1195.42		2	2	2		2	1		1.00		0.79		2
1	2	173	1202.70		1	1	1		1	1		0.50		0.78		2
1	2	174	1209.48		4	3	3		4	0		1.00		0.89		2
1	2	175	1216.77		3	3	3		3	1		0.50		0.84		2
1	2	176	1223.55		1	1	1		1	1		1.00		0.87		2
1	2	177	1230.83		4	4	4		4	1		0.50		0.92		2
1	2	178	1237.61		1	2	2		1	0		0.50		1.14		2
1	2	179	1244.40		2	2	2		2	1		0.50		0.78		2
1	2	180	1251.18		1	2	2		1	0		4.00		0.77		2
Block	Phase	Trial	RunningTime	Cue	Image	CorrResp	Resp	Accuracy	ISI	RT_from_CueOnset	ITI
2	1	1	0.52		1	2	2		2	1		0.50		1.91		2
2	1	2	6.30		3	3	3		3	1		1.00		2.33		2
2	1	3	12.58		1	1	1		1	1		4.00		5.37		2
2	1	4	21.86		4	4	4		4	1		0.50		1.87		2
2	1	5	27.65		4	4	4		4	1		0.50		0.64		2
2	1	6	33.43		2	1	1		1	1		0.50		1.86		2
2	1	7	39.21		1	1	1		1	1		0.50		1.63		2
2	1	8	44.99		4	3	3		4	0		0.50		0.99		2
2	1	9	50.78		2	2	2		2	1		1.00		2.31		2
2	1	10	57.06		1	1	1		1	1		0.50		1.74		2
2	1	11	62.84		2	2	2		2	1		1.00		2.26		2
2	1	12	69.12		3	3	3		3	1		0.50		1.78		2
2	1	13	74.91		2	2	2		2	1		0.50		1.64		2
2	1	14	80.69		1	1	1		1	1		1.00		2.41		2
2	1	15	86.97		3	3	3		3	1		0.50		1.68		2
2	1	16	92.75		2	1	1		1	1		0.50		1.99		2
2	1	17	98.54		2	1	1		1	1		0.50		1.87		2
2	1	18	104.32		3	3	3		3	1		1.00		2.22		2
2	1	19	110.60		1	1	1		1	1		1.00		2.27		2
2	1	20	116.88		2	1	1		1	1		1.00		2.28		2
2	1	21	123.16		4	4	4		4	1		0.50		1.63		2
2	1	22	128.95		4	4	4		4	1		1.00		2.04		2
2	1	23	135.23		4	3	3		4	0		1.00		0.96		2
2	1	24	141.51		3	4	4		3	0		1.00		1.00		2
2	1	25	147.79		1	1	1		1	1		1.00		2.26		2
2	1	26	154.08		4	4	4		4	1		1.00		2.29		2
2	1	27	160.36		2	2	2		2	1		1.00		2.24		2
2	1	28	166.64		4	4	4		4	1		0.50		1.65		2
2	1	29	172.42		1	2	2		2	1		1.00		2.35		2
2	1	30	178.71		2	2	2		2	1		1.00		2.25		2
2	1	31	184.99		1	1	1		1	1		0.50		1.77		2
2	1	32	190.77		2	2	2		2	1		4.00		5.28		2
2	1	33	200.05		4	4	4		4	1		1.00		2.24		2
2	1	34	206.34		2	1	1		1	1		4.00		5.55		2
2	1	35	215.62		1	1	1		1	1		0.50		1.66		2
2	1	36	221.40		3	3	3		3	1		0.50		1.06		2
2	1	37	227.18		3	3	3		3	1		0.50		0.79		2
2	1	38	232.96		3	3	3		3	1		1.00		0.74		2
2	1	39	239.25		1	1	1		1	1		0.50		1.71		2
2	1	40	245.03		3	4	4		3	0		1.00		0.73		2
2	1	41	251.31		1	1	1		1	1		1.00		2.12		2
2	1	42	257.58		3	4	4		3	0		0.50		0.73		2
2	1	43	263.36		4	3	3		4	0		1.00		1.14		2
2	1	44	269.64		2	1	1		1	1		0.50		1.84		2
2	1	45	275.43		4	4	4		4	1		4.00		5.31		2
2	1	46	284.71		1	2	2		2	1		0.50		1.78		2
2	1	47	290.49		3	4	4		3	0		4.00		0.72		2
2	1	48	299.77		2	2	2		2	1		0.50		1.90		2
2	1	49	305.55		2	1	1		1	1		0.50		1.88		2
2	1	50	311.34		4	3	3		4	0		1.00		2.23		2
2	1	51	317.62		1	1	1		1	1		0.50		1.80		2
2	1	52	323.40		4	3	3		3	1		0.50		1.85		2
2	1	53	329.18		3	4	4		4	1		0.50		2.05		2
2	1	54	334.97		2	1	1		1	1		1.00		2.36		2
2	1	55	341.25		3	4	4		4	1		1.00		2.37		2
2	1	56	347.53		1	1	1		1	1		1.00		2.27		2
2	1	57	353.81		4	3	3		3	1		0.50		1.89		2
2	1	58	359.60		3	4	4		4	1		4.00		5.41		2
2	1	59	368.88		4	3	3		3	1		0.50		1.91		2
2	1	60	374.66		4	3	3		3	1		4.00		5.20		2
2	1	61	383.94		4	3	3		3	1		0.50		1.83		2
2	1	62	389.72		2	1	1		1	1		0.50		1.73		2
2	1	63	395.51		1	2	2		2	1		0.50		1.82		2
2	1	64	401.29		4	3	3		3	1		1.00		2.35		2
2	1	65	407.57		1	2	2		2	1		0.50		1.69		2
2	1	66	413.35		4	4	4		4	1		1.00		2.28		2
2	1	67	419.64		3	4	4		4	1		0.50		1.86		2
2	1	68	425.42		2	2	2		2	1		4.00		5.48		2
2	1	69	434.70		3	3	3		3	1		1.00		2.15		2
2	1	70	440.98		3	3	3		3	1		0.50		0.79		2
2	1	71	446.77		2	2	2		1	0		0.50		1.01		2
2	1	72	452.55		3	4	4		3	0		0.50		0.73		2
2	1	73	458.33		2	2	2		2	1		0.50		1.91		2
2	1	74	464.11		4	3	3		3	1		1.00		2.18		2
2	1	75	470.40		3	3	3		3	1		4.00		0.74		2
2	1	76	479.68		2	2	2		2	1		0.50		1.80		2
2	1	77	485.46		2	2	2		2	1		0.50		1.89		2
2	1	78	491.24		1	1	1		1	1		0.50		1.65		2
2	1	79	497.02		1	2	2		2	1		4.00		4.02		2
2	1	80	506.31		2	2	2		2	1		1.00		2.42		2
2	1	81	512.59		1	2	2		2	1		4.00		5.16		2
2	1	82	521.87		3	4	4		3	0		0.50		0.92		2
2	1	83	527.65		1	1	1		1	1		0.50		1.79		2
2	1	84	533.42		2	2	2		2	1		1.00		2.23		2
2	1	85	539.70		4	3	3		3	1		1.00		2.40		2
2	1	86	545.98		2	2	2		2	1		0.50		1.61		2
2	1	87	551.77		4	4	4		4	1		0.50		1.98		2
2	1	88	557.55		1	2	2		1	0		1.00		0.98		2
2	1	89	563.83		3	3	3		3	1		1.00		0.75		2
2	1	90	570.11		3	3	3		3	1		1.00		0.64		2
2	1	91	576.40		2	1	1		2	0		1.00		1.01		2
2	1	92	582.68		1	1	1		1	1		1.00		0.78		2
2	1	93	588.96		1	2	2		2	1		0.50		1.73		2
2	1	94	594.74		3	4	4		3	0		0.50		0.72		2
2	1	95	600.53		4	4	4		4	1		0.50		1.83		2
2	1	96	606.31		4	3	3		3	1		4.00		5.26		2
2	1	97	615.59		1	2	2		1	0		1.00		1.11		2
2	1	98	621.87		3	3	3		3	1		0.50		0.90		2
2	1	99	627.66		4	4	4		4	1		0.50		0.82		2
2	1	100	633.44		3	4	4		3	0		0.50		0.68		2
2	2	101	651.02		2	2	2		2	1		4.00		1.17		2
2	2	102	661.30		3	3	3		3	1		0.50		0.60		2
2	2	103	668.08		3	3	3		3	1		1.00		0.75		2
2	2	104	675.36		4	4	4		4	1		1.00		1.01		2
2	2	105	682.65		2	2	2		2	1		1.00		0.78		2
2	2	106	689.93		1	2	2		1	0		4.00		1.09		2
2	2	107	700.21		1	2	2		2	1		1.00		2.55		2
2	2	108	707.49		4	4	4		4	1		1.00		2.42		2
2	2	109	714.78		3	4	4		3	0		1.00		0.84		2
2	2	110	722.06		4	3	3		3	1		0.50		2.02		2
2	2	111	728.84		3	3	3		3	1		1.00		2.52		2
2	2	112	736.12		1	1	1		1	1		1.00		3.02		2
2	2	113	743.40		3	4	4		3	0		0.50		1.73		2
2	2	114	750.19		4	4	4		4	1		4.00		5.67		2
2	2	115	760.47		4	4	4		4	1		0.50		1.90		2
2	2	116	767.25		3	3	3		3	1		0.50		0.75		2
2	2	117	774.03		4	4	4		4	1		1.00		0.92		2
2	2	118	781.32		2	1	1		2	0		1.00		0.87		2
2	2	119	788.58		4	3	3		4	0		1.00		0.79		2
2	2	120	795.86		2	2	2		2	1		1.00		0.86		2
2	2	121	803.15		2	2	2		2	1		0.50		1.20		2
2	2	122	809.93		3	3	3		3	1		0.50		0.62		2
2	2	123	816.71		3	4	4		3	0		0.50		0.70		2
2	2	124	823.48		4	4	4		4	1		1.00		0.72		2
2	2	125	830.76		1	1	1		1	1		0.50		1.01		2
2	2	126	837.54		2	2	2		2	1		0.50		2.13		2
2	2	127	844.32		4	4	4		4	1		0.50		1.93		2
2	2	128	851.10		3	4	4		3	0		0.50		2.15		2
2	2	129	857.89		2	2	2		2	1		4.00		0.83		2
2	2	130	868.17		3	3	3		3	1		0.50		0.84		2
2	2	131	874.95		1	1	1		1	1		0.50		2.47		2
2	2	132	881.73		3	4	4		3	0		4.00		0.75		2
2	2	133	892.02		3	3	3		3	1		1.00		2.65		2
2	2	134	899.30		3	4	4		4	1		0.50		2.68		2
2	2	135	906.08		3	3	3		3	1		0.50		2.45		2
2	2	136	912.86		4	4	4		4	1		4.00		5.40		2
2	2	137	923.14		3	4	4		4	1		0.50		2.27		2
2	2	138	929.93		3	3	3		3	1		0.50		2.15		2
2	2	139	936.71		2	1	1		2	0		4.00		6.12		2
2	2	140	946.99		2	2	2		2	1		0.50		2.42		2
2	2	141	953.77		3	3	3		3	1		4.00		1.04		2
2	2	142	964.05		4	3	3		3	1		0.50		2.05		2
2	2	143	970.84		1	2	2		1	0		1.00		0.98		2
2	2	144	978.12		4	3	3		3	1		0.50		2.47		2
2	2	145	984.90		2	1	1		1	1		0.50		2.85		2
2	2	146	991.68		1	1	1		1	1		0.50		2.38		2
2	2	147	998.47		4	4	4		3	0		0.50		2.03		2
2	2	148	1005.25		4	3	3		3	1		1.00		2.60		2
2	2	149	1012.53		2	2	2		1	0		1.00		2.83		2
2	2	150	1019.81		4	3	3		3	1		1.00		2.58		2
2	2	151	1027.09		1	1	1		1	1		0.50		2.58		2
2	2	152	1033.88		1	1	1		1	1		4.00		6.17		2
2	2	153	1044.16		1	2	2		1	0		0.50		0.70		2
2	2	154	1050.94		2	2	2		2	1		1.00		2.60		2
2	2	155	1058.22		2	1	1		1	1		0.50		2.53		2
2	2	156	1065.01		2	1	1		2	0		0.50		2.45		2
2	2	157	1071.79		2	2	2		2	1		0.50		2.38		2
2	2	158	1078.55		4	3	3		4	0		0.50		1.63		2
2	2	159	1085.34		3	4	4		3	0		0.50		0.66		2
2	2	160	1092.12		2	1	1		1	1		0.50		2.13		2
2	2	161	1098.90		1	1	1		2	0		0.50		2.52		2
2	2	162	1105.68		4	4	4		4	1		0.50		2.10		2
2	2	163	1112.47		1	1	1		2	0		0.50		2.03		2
2	2	164	1119.25		1	1	1		1	1		1.00		2.77		2
2	2	165	1126.53		1	2	2		1	0		0.50		2.27		2
2	2	166	1133.31		1	2	2		1	0		0.50		1.95		2
2	2	167	1140.09		1	2	2		1	0		0.50		2.63		2
2	2	168	1146.88		2	1	1		2	0		1.00		2.97		2
2	2	169	1154.16		2	2	2		2	1		1.00		2.90		2
2	2	170	1161.44		3	4	4		3	0		1.00		0.73		2
2	2	171	1168.72		1	1	1		2	0		0.50		2.88		2
2	2	172	1175.51		3	4	4		3	0		1.00		0.71		2
2	2	173	1182.79		4	3	3		3	1		1.00		2.55		2
2	2	174	1190.07		4	3	3		3	1		4.00		5.98		2
2	2	175	1200.35		1	1	1		1	1		0.50		2.30		2
2	2	176	1207.13		1	1	1		1	1		1.00		2.52		2
2	2	177	1214.42		4	3	3		3	1		1.00		2.53		2
2	2	178	1221.70		2	1	1		1	1		1.00		2.37		2
2	2	179	1228.98		2	2	2		1	0		1.00		2.45		2
2	2	180	1236.26		1	2	2		2	1		1.00		2.43		2
