*********************************************
* Combray
* Date/Time: 24-Mar-2015 15:02:21
* Seed: 207236.1874
* Subject Number: 15
* Subject Name: vkm
*********************************************

Block	Phase	Trial	RunningTime	Cue	Image	CorrResp	Resp	Accuracy	ISI	RT_from_CueOnset	ITI
1	1	1	0.52		1	1	1		1	1		0.50		1.90		2
1	1	2	6.30		2	1	1		1	1		0.50		1.81		2
1	1	3	12.08		3	3	3		3	1		1.00		2.50		2
1	1	4	18.36		3	4	4		3	0		0.50		1.66		2
1	1	5	24.15		1	1	1		1	1		1.00		2.33		2
1	1	6	30.43		3	4	4		4	1		1.00		2.33		2
1	1	7	36.71		4	4	4		4	1		1.00		2.36		2
1	1	8	42.99		4	3	3		3	1		1.00		2.36		2
1	1	9	49.28		4	3	3		3	1		0.50		1.74		2
1	1	10	55.06		3	4	4		4	1		1.00		2.11		2
1	1	11	61.34		3	4	4		4	1		0.50		1.84		2
1	1	12	67.12		4	3	3		3	1		4.00		1.44		2
1	1	13	76.41		2	2	2		2	1		1.00		2.20		2
1	1	14	82.69		1	1	1		1	1		1.00		2.05		2
1	1	15	88.97		4	4	4		3	0		4.00		0.87		2
1	1	16	98.25		4	4	4		4	1		1.00		1.58		2
1	1	17	104.53		4	3	3		4	0		1.00		0.96		2
1	1	18	110.82		2	2	2		2	1		0.50		1.76		2
1	1	19	116.60		4	4	4		3	0		4.00		1.78		2
1	1	20	125.88		2	2	2		2	1		1.00		1.59		2
1	1	21	132.16		1	1	1		1	1		0.50		1.25		2
1	1	22	137.95		4	4	4		4	1		0.50		1.65		2
1	1	23	143.71		2	2	2		2	1		1.00		1.11		2
1	1	24	149.99		3	3	3		3	1		0.50		1.75		2
1	1	25	155.78		1	1	1		2	0		4.00		0.79		2
1	1	26	165.06		4	4	4		4	1		0.50		1.63		2
1	1	27	170.84		1	2	2		2	1		1.00		2.29		2
1	1	28	177.12		1	1	1		2	0		0.50		0.64		2
1	1	29	182.91		2	2	2		2	1		4.00		1.19		2
1	1	30	192.19		2	2	2		1	0		0.50		1.60		2
1	1	31	197.97		4	4	4		4	1		0.50		1.25		2
1	1	32	203.75		3	3	3		3	1		1.00		1.43		2
1	1	33	210.04		1	1	1		1	1		1.00		1.16		2
1	1	34	216.32		3	3	3		3	1		4.00		0.84		2
1	1	35	225.60		2	2	2		2	1		0.50		1.75		2
1	1	36	231.38		3	4	4		3	0		4.00		0.83		2
1	1	37	240.66		4	4	4		4	1		1.00		1.22		2
1	1	38	246.95		1	1	1		1	1		4.00		1.14		2
1	1	39	256.23		1	2	2		1	0		0.50		1.85		2
1	1	40	262.01		3	3	3		3	1		1.00		0.80		2
1	1	41	268.29		4	4	4		4	1		1.00		1.14		2
1	1	42	274.58		4	4	4		3	0		1.00		0.94		2
1	1	43	280.86		2	2	2		2	1		0.50		1.25		2
1	1	44	286.64		2	1	1		2	0		0.50		1.20		2
1	1	45	292.42		1	1	1		1	1		0.50		1.17		2
1	1	46	298.21		3	3	3		3	1		0.50		0.80		2
1	1	47	303.99		1	2	2		2	1		1.00		1.42		2
1	1	48	310.27		2	2	2		1	0		0.50		1.36		2
1	1	49	316.05		4	3	3		3	1		0.50		1.23		2
1	1	50	321.84		3	4	4		3	0		0.50		1.03		2
1	1	51	327.62		4	3	3		3	1		1.00		1.39		2
1	1	52	333.90		3	3	3		3	1		0.50		1.29		2
1	1	53	339.68		3	3	3		3	1		1.00		1.06		2
1	1	54	345.96		1	1	1		1	1		1.00		2.44		2
1	1	55	352.25		2	2	2		2	1		0.50		1.14		2
1	1	56	358.03		1	1	1		1	1		1.00		1.00		2
1	1	57	364.31		2	2	2		2	1		1.00		0.85		2
1	1	58	370.59		3	4	4		3	0		1.00		0.93		2
1	1	59	376.88		3	3	3		4	0		1.00		1.04		2
1	1	60	383.16		4	4	4		3	0		0.50		1.11		2
1	1	61	388.94		3	3	3		3	1		0.50		0.97		2
1	1	62	394.72		3	3	3		3	1		1.00		0.78		2
1	1	63	401.01		2	1	1		2	0		0.50		1.17		2
1	1	64	406.79		2	2	2		1	0		1.00		1.03		2
1	1	65	413.07		1	1	1		1	1		0.50		1.05		2
1	1	66	418.85		4	4	4		4	1		1.00		1.20		2
1	1	67	425.14		2	2	2		2	1		4.00		0.95		2
1	1	68	434.42		3	3	3		3	1		0.50		1.17		2
1	1	69	440.20		1	1	1		1	1		0.50		1.05		2
1	1	70	445.98		4	3	3		4	0		0.50		0.94		2
1	1	71	451.77		2	2	2		2	1		0.50		2.44		2
1	1	72	457.55		1	2	2		1	0		4.00		0.81		2
1	1	73	466.83		4	3	3		4	0		0.50		1.19		2
1	1	74	472.61		1	1	1		2	0		0.50		1.13		2
1	1	75	478.39		2	2	2		2	1		4.00		3.71		2
1	1	76	487.68		2	1	1		2	0		1.00		1.15		2
1	1	77	493.96		3	4	4		3	0		0.50		0.94		2
1	1	78	499.74		1	1	1		1	1		0.50		1.17		2
1	1	79	505.51		3	4	4		4	1		0.50		1.25		2
1	1	80	511.29		1	1	1		1	1		0.50		0.89		2
1	1	81	517.07		2	2	2		2	1		0.50		2.01		2
1	1	82	522.85		3	3	3		4	0		4.00		0.92		2
1	1	83	532.14		2	2	2		2	1		1.00		1.41		2
1	1	84	538.42		3	3	3		3	1		0.50		0.81		2
1	1	85	544.20		4	3	3		3	1		0.50		1.90		2
1	1	86	549.98		2	2	2		2	1		1.00		1.60		2
1	1	87	556.27		4	3	3		4	0		1.00		1.38		2
1	1	88	562.55		1	1	1		1	1		1.00		0.90		2
1	1	89	568.83		3	3	3		3	1		0.50		1.09		2
1	1	90	574.61		2	2	2		2	1		0.50		1.87		2
1	1	91	580.40		1	1	1		1	1		0.50		0.85		2
1	1	92	586.18		1	1	1		1	1		0.50		0.81		2
1	1	93	591.96		1	2	2		1	0		1.00		0.82		2
1	1	94	598.24		2	1	1		2	0		1.00		2.70		2
1	1	95	604.53		3	4	4		3	0		0.50		0.85		2
1	1	96	610.31		4	4	4		4	1		1.00		2.42		2
1	1	97	616.59		2	2	2		2	1		0.50		1.92		2
1	1	98	622.37		4	4	4		4	1		0.50		1.10		2
1	1	99	628.15		1	1	1		2	0		0.50		1.18		2
1	1	100	633.94		4	4	4		4	1		1.00		1.19		2
1	2	101	665.07		2	1	1		2	0		1.00		3.22		2
1	2	102	672.35		4	4	4		4	1		1.00		2.97		2
1	2	103	679.63		2	2	2		2	1		1.00		3.22		2
1	2	104	686.91		2	2	2		2	1		0.50		2.05		2
1	2	105	693.70		1	1	1		1	1		1.00		1.97		2
1	2	106	700.98		3	3	3		3	1		0.50		2.10		2
1	2	107	707.76		4	3	3		3	1		0.50		2.17		2
1	2	108	714.54		2	2	2		2	1		1.00		1.77		2
1	2	109	721.82		1	1	1		1	1		4.00		0.77		2
1	2	110	732.11		4	4	4		4	1		1.00		1.35		2
1	2	111	739.39		3	3	3		3	1		1.00		0.61		2
1	2	112	746.67		2	2	2		2	1		0.50		0.98		2
1	2	113	753.45		1	2	2		1	0		0.50		0.69		2
1	2	114	760.24		1	1	1		1	1		0.50		0.97		2
1	2	115	767.02		4	3	3		3	1		1.00		1.46		2
1	2	116	774.30		1	1	1		1	1		1.00		0.77		2
1	2	117	781.58		4	4	4		4	1		0.50		1.37		2
1	2	118	788.36		2	2	2		2	1		0.50		2.13		2
1	2	119	795.15		4	4	4		4	1		0.50		1.05		2
1	2	120	801.93		1	1	1		1	1		0.50		0.85		2
1	2	121	808.71		2	2	2		2	1		1.00		2.73		2
1	2	122	815.99		3	3	3		3	1		1.00		1.00		2
1	2	123	823.28		4	4	4		4	1		0.50		1.25		2
1	2	124	830.06		4	3	3		4	0		0.50		0.91		2
1	2	125	836.84		2	1	1		2	0		1.00		1.61		2
1	2	126	844.12		3	3	3		3	1		1.00		0.99		2
1	2	127	851.40		3	4	4		4	1		0.50		2.10		2
1	2	128	858.19		2	1	1		2	0		1.00		2.52		2
1	2	129	865.47		2	2	2		2	1		4.00		2.19		2
1	2	130	875.75		1	1	1		1	1		4.00		5.53		2
1	2	131	886.03		3	3	3		3	1		0.50		1.25		2
1	2	132	892.81		1	2	2		1	0		0.50		1.01		2
1	2	133	899.60		1	1	1		1	1		1.00		1.06		2
1	2	134	906.88		2	1	1		1	1		4.00		6.28		2
1	2	135	917.16		3	4	4		3	0		1.00		1.75		2
1	2	136	924.44		2	2	2		2	1		0.50		1.50		2
1	2	137	931.23		3	4	4		3	0		4.00		0.99		2
1	2	138	941.51		4	4	4		4	1		4.00		5.55		2
1	2	139	951.79		2	2	2		2	1		1.00		4.02		2
1	2	140	959.07		3	3	3		3	1		0.50		2.10		2
1	2	141	965.85		3	3	3		3	1		0.50		2.35		2
1	2	142	972.64		3	3	3		3	1		0.50		2.65		2
1	2	143	979.42		4	3	3		4	0		1.00		2.70		2
1	2	144	986.70		1	1	1		1	1		0.50		2.80		2
1	2	145	993.48		3	4	4		4	1		0.50		1.93		2
1	2	146	1000.27		1	1	1		2	0		0.50		2.42		2
1	2	147	1007.05		2	2	2		2	1		0.50		3.78		2
1	2	148	1013.83		2	2	2		1	0		0.50		2.73		2
1	2	149	1020.61		3	4	4		4	1		0.50		1.98		2
1	2	150	1027.39		4	4	4		4	1		1.00		2.43		2
1	2	151	1034.68		1	1	1		1	1		0.50		2.05		2
1	2	152	1041.46		2	2	2		2	1		1.00		3.10		2
1	2	153	1048.74		4	4	4		4	1		1.00		2.18		2
1	2	154	1056.02		2	2	2		1	0		1.00		2.85		2
1	2	155	1063.31		4	3	3		4	0		4.00		5.48		2
1	2	156	1073.59		4	3	3		3	1		1.00		3.22		2
1	2	157	1080.87		4	4	4		4	1		1.00		2.58		2
1	2	158	1088.15		3	4	4		4	1		1.00		2.55		2
1	2	159	1095.44		1	2	2		2	1		0.50		3.47		2
1	2	160	1102.22		3	4	4		4	1		0.50		2.28		2
1	2	161	1109.00		2	2	2		2	1		0.50		3.32		2
1	2	162	1115.78		1	1	1		1	1		1.00		3.15		2
1	2	163	1123.06		4	4	4		4	1		1.00		2.23		2
1	2	164	1130.35		1	1	1		1	1		0.50		2.58		2
1	2	165	1137.13		1	2	2		2	1		0.50		2.65		2
1	2	166	1143.91		3	3	3		3	1		0.50		2.42		2
1	2	167	1150.69		4	4	4		4	1		4.00		5.40		2
1	2	168	1160.97		4	3	3		3	1		0.50		2.07		2
1	2	169	1167.76		3	3	3		3	1		4.00		5.50		2
1	2	170	1178.04		1	1	1		1	1		0.50		3.28		2
1	2	171	1184.82		2	2	2		2	1		4.00		6.13		2
1	2	172	1195.10		1	1	1		2	0		1.00		3.20		2
1	2	173	1202.38		2	2	2		1	0		0.50		4.23		2
1	2	174	1209.17		4	4	4		4	1		0.50		2.12		2
1	2	175	1215.95		1	1	1		2	0		1.00		3.48		2
1	2	176	1223.23		3	3	3		3	1		0.50		3.00		2
1	2	177	1230.01		3	4	4		4	1		1.00		2.75		2
1	2	178	1237.30		4	3	3		3	1		0.50		2.20		2
1	2	179	1244.08		1	1	1		2	0		0.50		3.40		2
1	2	180	1250.86		3	3	3		3	1		0.50		2.08		2
Block	Phase	Trial	RunningTime	Cue	Image	CorrResp	Resp	Accuracy	ISI	RT_from_CueOnset	ITI
2	1	1	0.52		1	1	1		1	1		0.50		1.80		2
2	1	2	6.30		3	3	3		3	1		4.00		6.01		2
2	1	3	15.58		4	3	3		3	1		1.00		2.31		2
2	1	4	21.86		3	4	4		3	0		0.50		1.23		2
2	1	5	27.65		1	1	1		1	1		0.50		1.25		2
2	1	6	33.43		1	1	1		1	1		0.50		1.07		2
2	1	7	39.21		2	2	2		2	1		0.50		1.90		2
2	1	8	44.99		1	1	1		1	1		1.00		0.79		2
2	1	9	51.28		4	3	3		3	1		0.50		0.97		2
2	1	10	57.06		2	1	1		2	0		1.00		1.09		2
2	1	11	63.34		4	3	3		3	1		4.00		0.93		2
2	1	12	72.62		4	4	4		3	0		1.00		0.91		2
2	1	13	78.90		4	4	4		3	0		0.50		0.94		2
2	1	14	84.69		3	3	3		3	1		0.50		1.93		2
2	1	15	90.47		2	1	1		2	0		0.50		1.79		2
2	1	16	96.25		4	4	4		3	0		0.50		1.60		2
2	1	17	102.03		4	4	4		4	1		1.00		0.70		2
2	1	18	108.32		4	4	4		4	1		4.00		0.65		2
2	1	19	117.60		1	1	1		1	1		0.50		0.87		2
2	1	20	123.38		4	4	4		4	1		1.00		0.71		2
2	1	21	129.66		2	2	2		2	1		1.00		2.26		2
2	1	22	135.95		4	3	3		4	0		1.00		0.90		2
2	1	23	142.23		2	1	1		2	0		0.50		1.04		2
2	1	24	148.01		3	4	4		3	0		1.00		2.44		2
2	1	25	154.29		3	3	3		4	0		1.00		0.97		2
2	1	26	160.58		1	1	1		1	1		4.00		1.14		2
2	1	27	169.86		4	3	3		3	1		1.00		2.21		2
2	1	28	176.14		3	3	3		3	1		0.50		1.77		2
2	1	29	181.92		3	3	3		3	1		1.00		2.26		2
2	1	30	188.20		2	2	2		2	1		4.00		2.20		2
2	1	31	197.49		1	1	1		1	1		1.00		0.80		2
2	1	32	203.77		4	3	3		4	0		0.50		0.67		2
2	1	33	209.55		3	4	4		3	0		0.50		1.25		2
2	1	34	215.33		2	2	2		2	1		0.50		1.87		2
2	1	35	221.12		4	3	3		3	1		1.00		0.98		2
2	1	36	227.40		3	4	4		4	1		0.50		0.90		2
2	1	37	233.18		4	4	4		3	0		0.50		1.25		2
2	1	38	238.96		4	4	4		4	1		1.00		0.68		2
2	1	39	245.25		4	3	3		4	0		1.00		0.75		2
2	1	40	251.53		1	1	1		1	1		0.50		0.83		2
2	1	41	257.31		2	2	2		2	1		1.00		1.43		2
2	1	42	263.59		1	2	2		1	0		0.50		0.79		2
2	1	43	269.38		3	3	3		3	1		1.00		1.75		2
2	1	44	275.66		1	2	2		1	0		4.00		1.19		2
2	1	45	284.94		2	2	2		1	0		0.50		1.64		2
2	1	46	290.72		4	4	4		3	0		0.50		1.25		2
2	1	47	296.51		1	1	1		2	0		1.00		1.05		2
2	1	48	302.79		2	2	2		2	1		1.00		2.41		2
2	1	49	309.07		4	3	3		4	0		4.00		1.33		2
2	1	50	318.35		4	4	4		3	0		4.00		0.72		2
2	1	51	327.63		2	2	2		2	1		0.50		1.17		2
2	1	52	333.42		2	1	1		2	0		0.50		0.93		2
2	1	53	339.20		2	1	1		2	0		1.00		0.90		2
2	1	54	345.48		3	4	4		4	1		1.00		2.53		2
2	1	55	351.76		3	4	4		4	1		1.00		0.69		2
2	1	56	358.05		3	3	3		4	0		0.50		1.08		2
2	1	57	363.83		1	2	2		1	0		1.00		0.96		2
2	1	58	370.11		1	1	1		1	1		0.50		1.25		2
2	1	59	375.89		4	4	4		4	1		0.50		1.25		2
2	1	60	381.68		2	2	2		2	1		0.50		1.16		2
2	1	61	387.46		2	2	2		2	1		4.00		2.01		2
2	1	62	396.74		2	2	2		2	1		1.00		1.25		2
2	1	63	403.02		1	2	2		1	0		1.00		1.02		2
2	1	64	409.30		3	3	3		4	0		0.50		1.22		2
2	1	65	415.09		3	4	4		3	0		0.50		0.78		2
2	1	66	420.87		2	2	2		2	1		0.50		1.21		2
2	1	67	426.65		4	3	3		4	0		0.50		0.92		2
2	1	68	432.43		4	3	3		4	0		1.00		0.97		2
2	1	69	438.72		2	1	1		2	0		4.00		0.97		2
2	1	70	448.00		2	2	2		1	0		1.00		1.46		2
2	1	71	454.28		4	3	3		3	1		0.50		1.32		2
2	1	72	460.06		2	2	2		2	1		0.50		1.18		2
2	1	73	465.85		3	4	4		3	0		0.50		1.16		2
2	1	74	471.63		2	1	1		2	0		1.00		0.99		2
2	1	75	477.91		1	1	1		1	1		0.50		1.15		2
2	1	76	483.69		4	3	3		4	0		0.50		1.34		2
2	1	77	489.48		4	4	4		3	0		0.50		0.92		2
2	1	78	495.26		3	3	3		3	1		1.00		1.43		2
2	1	79	501.54		3	4	4		3	0		0.50		0.90		2
2	1	80	507.32		1	1	1		1	1		0.50		0.90		2
2	1	81	513.11		1	1	1		1	1		1.00		0.89		2
2	1	82	519.39		3	3	3		3	1		1.00		1.31		2
2	1	83	525.67		1	1	1		1	1		4.00		0.88		2
2	1	84	534.95		1	2	2		1	0		0.50		0.78		2
2	1	85	540.73		1	1	1		1	1		1.00		1.23		2
2	1	86	547.02		3	3	3		3	1		0.50		1.25		2
2	1	87	552.80		3	3	3		3	1		1.00		0.82		2
2	1	88	559.08		1	1	1		1	1		1.00		0.77		2
2	1	89	565.36		3	4	4		3	0		0.50		0.80		2
2	1	90	571.15		2	2	2		2	1		1.00		1.20		2
2	1	91	577.43		3	4	4		3	0		4.00		0.95		2
2	1	92	586.71		2	2	2		2	1		0.50		1.22		2
2	1	93	592.49		1	1	1		1	1		0.50		0.87		2
2	1	94	598.28		2	1	1		2	0		0.50		0.92		2
2	1	95	604.06		2	2	2		2	1		0.50		0.88		2
2	1	96	609.84		1	2	2		1	0		1.00		1.02		2
2	1	97	616.12		1	2	2		1	0		0.50		0.81		2
2	1	98	621.91		3	3	3		3	1		0.50		1.08		2
2	1	99	627.69		1	1	1		1	1		0.50		0.91		2
2	1	100	633.47		3	4	4		4	1		4.00		5.71		2
2	2	101	647.95		3	4	4		3	0		0.50		0.88		2
2	2	102	654.73		2	2	2		2	1		1.00		1.36		2
2	2	103	662.02		3	4	4		3	0		4.00		0.87		2
2	2	104	672.30		1	1	1		1	1		0.50		0.93		2
2	2	105	679.08		3	3	3		4	0		0.50		2.47		2
2	2	106	685.86		4	3	3		3	1		0.50		2.13		2
2	2	107	692.65		4	4	4		3	0		0.50		1.83		2
2	2	108	699.43		2	2	2		2	1		0.50		1.25		2
2	2	109	706.21		3	3	3		4	0		0.50		3.23		2
2	2	110	712.99		3	4	4		4	1		1.00		2.55		2
2	2	111	720.27		1	1	1		1	1		1.00		2.07		2
2	2	112	727.56		1	2	2		1	0		0.50		1.57		2
2	2	113	734.34		2	2	2		2	1		4.00		6.45		2
2	2	114	744.62		4	3	3		3	1		1.00		2.37		2
2	2	115	751.90		1	2	2		2	1		0.50		2.63		2
2	2	116	758.69		1	1	1		1	1		0.50		2.35		2
2	2	117	765.47		3	3	3		4	0		1.00		3.75		2
2	2	118	772.75		1	1	1		1	1		1.00		2.82		2
2	2	119	780.03		4	4	4		3	0		1.00		2.62		2
2	2	120	787.31		2	2	2		2	1		1.00		2.37		2
2	2	121	794.60		2	1	1		2	0		1.00		3.00		2
2	2	122	801.88		4	4	4		3	0		4.00		2.98		2
2	2	123	812.16		3	4	4		4	1		0.50		2.57		2
2	2	124	818.94		3	4	4		3	0		1.00		2.77		2
2	2	125	826.22		2	2	2		2	1		0.50		2.18		2
2	2	126	833.01		3	4	4		3	0		0.50		2.38		2
2	2	127	839.79		4	3	3		3	1		1.00		3.08		2
2	2	128	847.07		1	1	1		1	1		0.50		2.10		2
2	2	129	853.86		2	2	2		2	1		0.50		2.92		2
2	2	130	860.64		2	1	1		1	1		0.50		2.18		2
2	2	131	867.42		4	4	4		3	0		0.50		2.07		2
2	2	132	874.20		4	4	4		3	0		0.50		2.92		2
2	2	133	880.98		3	4	4		4	1		0.50		3.02		2
2	2	134	887.77		1	2	2		2	1		4.00		5.72		2
2	2	135	898.05		4	4	4		3	0		4.00		5.47		2
2	2	136	908.33		2	1	1		1	1		1.00		2.88		2
2	2	137	915.61		2	2	2		2	1		0.50		2.22		2
2	2	138	922.39		4	4	4		4	1		1.00		2.78		2
2	2	139	929.68		4	3	3		3	1		4.00		5.75		2
2	2	140	939.96		2	2	2		2	1		0.50		2.70		2
2	2	141	946.74		4	3	3		3	1		1.00		3.88		2
2	2	142	954.02		2	1	1		1	1		1.00		3.05		2
2	2	143	961.31		1	2	2		2	1		0.50		2.25		2
2	2	144	968.09		1	2	2		2	1		1.00		3.12		2
2	2	145	975.37		1	1	1		1	1		0.50		1.65		2
2	2	146	982.15		4	4	4		3	0		0.50		1.88		2
2	2	147	988.93		4	3	3		3	1		0.50		2.18		2
2	2	148	995.72		4	3	3		3	1		0.50		2.75		2
2	2	149	1002.50		2	2	2		2	1		1.00		2.27		2
2	2	150	1009.78		1	1	1		1	1		4.00		5.37		2
2	2	151	1020.06		4	3	3		4	0		0.50		2.43		2
2	2	152	1026.84		3	3	3		4	0		0.50		2.33		2
2	2	153	1033.63		3	4	4		3	0		0.50		2.45		2
2	2	154	1040.41		3	4	4		4	1		0.50		2.50		2
2	2	155	1047.19		3	3	3		4	0		0.50		2.40		2
2	2	156	1053.97		3	3	3		4	0		4.00		6.03		2
2	2	157	1064.26		2	2	2		2	1		1.00		2.85		2
2	2	158	1071.54		3	3	3		3	1		1.00		2.58		2
2	2	159	1078.82		1	1	1		1	1		1.00		2.72		2
2	2	160	1086.10		4	3	3		4	0		1.00		2.63		2
2	2	161	1093.38		4	4	4		4	1		1.00		3.03		2
2	2	162	1100.67		2	1	1		1	1		0.50		2.28		2
2	2	163	1107.45		2	2	2		2	1		1.00		2.73		2
2	2	164	1114.73		4	3	3		3	1		1.00		2.50		2
2	2	165	1122.01		2	1	1		1	1		0.50		2.13		2
2	2	166	1128.80		1	1	1		1	1		0.50		1.90		2
2	2	167	1135.58		3	4	4		4	1		1.00		2.62		2
2	2	168	1142.86		1	1	1		1	1		1.00		2.95		2
2	2	169	1150.14		3	3	3		3	1		1.00		3.17		2
2	2	170	1157.42		1	1	1		1	1		1.00		2.42		2
2	2	171	1164.71		1	1	1		1	1		0.50		2.18		2
2	2	172	1171.49		3	3	3		3	1		0.50		2.38		2
2	2	173	1178.27		1	1	1		1	1		0.50		1.85		2
2	2	174	1185.05		4	4	4		4	1		1.00		2.90		2
2	2	175	1192.34		1	1	1		1	1		0.50		2.15		2
2	2	176	1199.12		1	2	2		1	0		0.50		1.87		2
2	2	177	1205.90		2	2	2		2	1		4.00		5.08		2
2	2	178	1216.18		3	3	3		3	1		0.50		2.32		2
2	2	179	1222.97		2	2	2		2	1		1.00		2.57		2
2	2	180	1230.25		2	1	1		1	1		4.00		5.93		2
