*********************************************
* Combray
* Date/Time: 27-Mar-2015 14:20:49
* Seed: 213328.1152
* Subject Number: 18
* Subject Name: djp
*********************************************

Block	Phase	Trial	RunningTime	Cue	Image	CorrResp	Resp	Accuracy	ISI	RT_from_CueOnset	ITI
1	1	1	0.52		1	2	2		1	0		1.00		1.24		2
1	1	2	6.80		2	2	2		2	1		0.50		1.98		2
1	1	3	12.58		3	4	4		3	0		0.50		2.26		2
1	1	4	18.36		3	3	3		3	1		1.00		2.16		2
1	1	5	24.65		3	4	4		3	0		1.00		2.25		2
1	1	6	30.93		2	2	2		2	1		1.00		2.41		2
1	1	7	37.21		3	3	3		3	1		1.00		2.82		2
1	1	8	43.49		2	2	2		2	1		1.00		2.46		2
1	1	9	49.78		1	2	2		2	1		1.00		2.50		2
1	1	10	56.06		2	2	2		2	1		0.50		1.72		2
1	1	11	61.84		1	2	2		2	1		1.00		2.34		2
1	1	12	68.12		3	4	4		4	1		0.50		1.92		2
1	1	13	73.91		2	2	2		2	1		0.50		1.94		2
1	1	14	79.69		2	1	1		1	1		0.50		1.98		2
1	1	15	85.47		1	2	2		2	1		0.50		1.75		2
1	1	16	91.25		2	1	1		1	1		1.00		2.47		2
1	1	17	97.54		4	4	4		4	1		1.00		2.56		2
1	1	18	103.82		2	2	2		2	1		1.00		2.46		2
1	1	19	110.10		4	3	3		3	1		0.50		2.28		2
1	1	20	115.88		4	3	3		3	1		0.50		1.85		2
1	1	21	121.66		3	3	3		3	1		0.50		1.74		2
1	1	22	127.45		4	3	3		3	1		0.50		1.74		2
1	1	23	133.23		1	1	1		1	1		0.50		2.14		2
1	1	24	139.01		2	1	1		1	1		0.50		2.23		2
1	1	25	144.80		4	3	3		3	1		4.00		5.54		2
1	1	26	154.08		1	2	2		2	1		0.50		1.94		2
1	1	27	159.86		1	1	1		1	1		0.50		1.90		2
1	1	28	165.64		2	2	2		2	1		0.50		2.03		2
1	1	29	171.42		2	1	1		1	1		1.00		2.30		2
1	1	30	177.71		3	4	4		4	1		1.00		2.61		2
1	1	31	183.99		4	4	4		4	1		0.50		1.87		2
1	1	32	189.77		1	1	1		1	1		1.00		2.33		2
1	1	33	196.05		1	2	2		2	1		4.00		5.48		2
1	1	34	205.34		3	3	3		3	1		1.00		2.84		2
1	1	35	211.62		3	4	4		4	1		0.50		2.09		2
1	1	36	217.40		2	1	1		1	1		1.00		2.28		2
1	1	37	223.68		4	4	4		4	1		1.00		2.39		2
1	1	38	229.97		2	1	1		1	1		4.00		5.29		2
1	1	39	239.25		4	4	4		4	1		0.50		1.87		2
1	1	40	245.03		1	1	1		1	1		1.00		2.32		2
1	1	41	251.31		1	2	2		2	1		4.00		5.25		2
1	1	42	260.59		3	4	4		4	1		4.00		5.33		2
1	1	43	269.88		2	2	2		2	1		0.50		2.02		2
1	1	44	275.66		3	3	3		3	1		0.50		2.06		2
1	1	45	281.44		2	2	2		2	1		1.00		2.33		2
1	1	46	287.72		3	3	3		3	1		1.00		2.44		2
1	1	47	294.01		2	2	2		2	1		4.00		5.35		2
1	1	48	303.29		4	4	4		4	1		1.00		2.42		2
1	1	49	309.57		4	3	3		3	1		1.00		2.49		2
1	1	50	315.85		3	4	4		4	1		0.50		1.95		2
1	1	51	321.63		1	1	1		1	1		0.50		1.85		2
1	1	52	327.42		3	3	3		3	1		1.00		2.52		2
1	1	53	333.70		1	1	1		1	1		0.50		1.88		2
1	1	54	339.48		3	3	3		3	1		0.50		2.05		2
1	1	55	345.26		3	3	3		3	1		1.00		2.39		2
1	1	56	351.55		3	4	4		4	1		0.50		2.12		2
1	1	57	357.33		4	4	4		4	1		0.50		2.05		2
1	1	58	363.11		3	3	3		3	1		0.50		2.24		2
1	1	59	368.89		2	1	1		1	1		0.50		1.99		2
1	1	60	374.68		2	2	2		2	1		0.50		1.91		2
1	1	61	380.46		1	1	1		1	1		1.00		2.67		2
1	1	62	386.74		2	1	1		1	1		0.50		1.76		2
1	1	63	392.52		4	4	4		4	1		1.00		2.60		2
1	1	64	398.81		1	1	1		2	0		4.00		5.19		2
1	1	65	408.09		2	1	1		1	1		1.00		2.37		2
1	1	66	414.37		1	2	2		2	1		0.50		1.85		2
1	1	67	420.15		4	4	4		4	1		0.50		2.12		2
1	1	68	425.94		1	2	2		2	1		1.00		2.35		2
1	1	69	432.22		1	1	1		1	1		0.50		1.96		2
1	1	70	438.00		2	1	1		1	1		0.50		1.96		2
1	1	71	443.78		3	3	3		3	1		0.50		2.06		2
1	1	72	449.57		1	1	1		1	1		0.50		1.96		2
1	1	73	455.35		4	4	4		4	1		4.00		5.30		2
1	1	74	464.63		4	4	4		4	1		0.50		1.88		2
1	1	75	470.41		2	1	1		1	1		0.50		1.89		2
1	1	76	476.19		4	4	4		4	1		0.50		1.95		2
1	1	77	481.98		1	2	2		2	1		0.50		1.90		2
1	1	78	487.76		4	3	3		3	1		0.50		1.99		2
1	1	79	493.54		3	3	3		3	1		0.50		2.16		2
1	1	80	499.32		4	3	3		3	1		1.00		2.50		2
1	1	81	505.61		1	1	1		1	1		0.50		2.17		2
1	1	82	511.39		4	3	3		3	1		1.00		2.29		2
1	1	83	517.67		1	1	1		1	1		1.00		2.42		2
1	1	84	523.95		2	1	1		1	1		1.00		2.38		2
1	1	85	530.24		4	4	4		4	1		0.50		2.05		2
1	1	86	536.02		4	4	4		4	1		1.00		2.40		2
1	1	87	542.30		4	3	3		3	1		0.50		2.00		2
1	1	88	548.08		1	1	1		1	1		0.50		1.78		2
1	1	89	553.87		3	3	3		3	1		4.00		5.46		2
1	1	90	563.15		1	2	2		2	1		0.50		1.96		2
1	1	91	568.93		4	4	4		4	1		4.00		5.60		2
1	1	92	578.21		2	2	2		2	1		4.00		5.80		2
1	1	93	587.49		4	4	4		4	1		1.00		2.87		2
1	1	94	593.78		4	3	3		3	1		1.00		2.38		2
1	1	95	600.06		1	2	2		2	1		1.00		2.39		2
1	1	96	606.34		2	1	1		1	1		0.50		1.83		2
1	1	97	612.12		3	3	3		3	1		0.50		1.84		2
1	1	98	617.91		3	4	4		4	1		1.00		2.39		2
1	1	99	624.19		3	3	3		3	1		4.00		5.49		2
1	1	100	633.47		3	4	4		4	1		0.50		2.00		2
1	2	101	670.72		4	4	4		4	1		1.00		3.02		2
1	2	102	678.00		1	1	1		2	0		1.00		3.77		2
1	2	103	685.28		3	3	3		3	1		0.50		2.52		2
1	2	104	692.06		1	1	1		1	1		0.50		1.60		2
1	2	105	698.84		3	3	3		3	1		0.50		2.08		2
1	2	106	705.63		1	2	2		1	0		0.50		1.57		2
1	2	107	712.41		1	2	2		2	1		0.50		1.60		2
1	2	108	719.19		4	4	4		4	1		0.50		1.62		2
1	2	109	725.97		2	1	1		1	1		1.00		2.15		2
1	2	110	733.26		2	2	2		1	0		0.50		1.55		2
1	2	111	740.04		4	3	3		3	1		1.00		3.12		2
1	2	112	747.32		3	3	3		4	0		0.50		2.07		2
1	2	113	754.10		2	2	2		2	1		0.50		2.03		2
1	2	114	760.89		1	1	1		1	1		1.00		2.15		2
1	2	115	768.17		1	1	1		1	1		1.00		2.02		2
1	2	116	775.45		3	3	3		4	0		0.50		1.93		2
1	2	117	782.23		3	4	4		4	1		0.50		2.63		2
1	2	118	789.02		4	4	4		3	0		1.00		2.17		2
1	2	119	796.30		2	1	1		1	1		4.00		6.07		2
1	2	120	806.58		4	4	4		3	0		4.00		6.17		2
1	2	121	816.86		2	1	1		2	0		1.00		2.82		2
1	2	122	824.14		2	2	2		2	1		4.00		6.10		2
1	2	123	834.42		1	1	1		2	0		0.50		2.33		2
1	2	124	841.21		1	2	2		1	0		4.00		3.18		2
1	2	125	851.49		2	1	1		2	0		1.00		3.30		2
1	2	126	858.77		3	3	3		3	1		1.00		2.87		2
1	2	127	866.05		2	1	1		2	0		0.50		2.47		2
1	2	128	872.84		1	2	2		1	0		0.50		2.22		2
1	2	129	879.62		4	4	4		4	1		1.00		2.77		2
1	2	130	886.90		3	4	4		3	0		0.50		2.62		2
1	2	131	893.68		4	4	4		4	1		0.50		2.70		2
1	2	132	900.46		1	2	2		2	1		1.00		2.95		2
1	2	133	907.75		3	4	4		4	1		0.50		2.68		2
1	2	134	914.53		2	2	2		2	1		0.50		2.87		2
1	2	135	921.31		2	1	1		2	0		1.00		3.33		2
1	2	136	928.59		2	1	1		1	1		0.50		2.12		2
1	2	137	935.38		3	3	3		3	1		0.50		2.48		2
1	2	138	942.16		4	4	4		3	0		0.50		2.18		2
1	2	139	948.92		1	1	1		1	1		0.50		2.40		2
1	2	140	955.71		3	3	3		3	1		4.00		7.02		2
1	2	141	965.99		3	3	3		4	0		0.50		2.57		2
1	2	142	972.77		3	4	4		4	1		0.50		2.40		2
1	2	143	979.55		4	4	4		4	1		4.00		6.30		2
1	2	144	989.83		2	1	1		2	0		0.50		3.17		2
1	2	145	996.62		2	2	2		2	1		1.00		3.02		2
1	2	146	1003.90		3	3	3		4	0		1.00		3.52		2
1	2	147	1011.18		4	4	4		4	1		1.00		2.77		2
1	2	148	1018.46		1	1	1		1	1		0.50		3.00		2
1	2	149	1025.25		1	2	2		2	1		0.50		3.30		2
1	2	150	1032.03		3	4	4		4	1		1.00		3.17		2
1	2	151	1039.31		2	2	2		2	1		0.50		2.58		2
1	2	152	1046.09		2	1	1		1	1		1.00		3.33		2
1	2	153	1053.37		4	3	3		3	1		1.00		2.83		2
1	2	154	1060.66		3	4	4		4	1		1.00		3.05		2
1	2	155	1067.94		3	4	4		4	1		4.00		5.72		2
1	2	156	1078.22		2	2	2		2	1		1.00		3.58		2
1	2	157	1085.50		4	3	3		3	1		0.50		2.75		2
1	2	158	1092.29		1	2	2		2	1		1.00		2.92		2
1	2	159	1099.57		4	3	3		3	1		0.50		2.93		2
1	2	160	1106.35		2	2	2		1	0		1.00		3.42		2
1	2	161	1113.63		1	1	1		1	1		0.50		3.32		2
1	2	162	1120.41		1	1	1		1	1		0.50		2.17		2
1	2	163	1127.20		1	2	2		2	1		0.50		2.05		2
1	2	164	1133.98		2	2	2		2	1		1.00		3.43		2
1	2	165	1141.26		4	3	3		3	1		0.50		2.42		2
1	2	166	1148.04		3	3	3		3	1		0.50		2.53		2
1	2	167	1154.83		3	3	3		3	1		1.00		2.70		2
1	2	168	1162.11		4	4	4		4	1		1.00		3.40		2
1	2	169	1169.39		4	3	3		3	1		0.50		3.03		2
1	2	170	1176.17		1	2	2		2	1		0.50		3.17		2
1	2	171	1182.95		1	1	1		1	1		4.00		6.83		2
1	2	172	1193.24		4	3	3		3	1		1.00		3.03		2
1	2	173	1200.52		4	4	4		4	1		1.00		2.95		2
1	2	174	1207.80		1	2	2		2	1		1.00		2.85		2
1	2	175	1215.08		2	2	2		2	1		4.00		6.07		2
1	2	176	1225.37		4	4	4		4	1		0.50		2.55		2
1	2	177	1232.15		4	3	3		3	1		4.00		5.70		2
1	2	178	1242.43		3	3	3		3	1		0.50		3.05		2
1	2	179	1249.21		3	4	4		4	1		1.00		2.62		2
1	2	180	1256.49		2	1	1		2	0		0.50		2.22		2
Block	Phase	Trial	RunningTime	Cue	Image	CorrResp	Resp	Accuracy	ISI	RT_from_CueOnset	ITI
2	1	1	0.52		2	2	2		2	1		1.00		2.35		2
2	1	2	6.80		4	3	3		3	1		1.00		2.56		2
2	1	3	13.08		3	3	3		3	1		1.00		2.41		2
2	1	4	19.36		4	4	4		4	1		1.00		2.59		2
2	1	5	25.65		3	3	3		3	1		0.50		2.07		2
2	1	6	31.43		4	4	4		4	1		1.00		2.53		2
2	1	7	37.71		1	1	1		1	1		4.00		5.40		2
2	1	8	46.99		3	3	3		3	1		0.50		1.85		2
2	1	9	52.78		2	1	1		1	1		1.00		2.51		2
2	1	10	59.06		4	4	4		4	1		0.50		2.06		2
2	1	11	64.84		1	2	2		2	1		1.00		2.45		2
2	1	12	71.12		1	1	1		1	1		0.50		1.82		2
2	1	13	76.91		4	4	4		4	1		1.00		2.45		2
2	1	14	83.19		2	2	2		1	0		0.50		1.77		2
2	1	15	88.97		2	2	2		2	1		1.00		2.35		2
2	1	16	95.25		3	4	4		4	1		4.00		5.50		2
2	1	17	104.53		4	4	4		4	1		0.50		1.92		2
2	1	18	110.32		1	1	1		1	1		0.50		2.02		2
2	1	19	116.10		4	4	4		4	1		1.00		2.49		2
2	1	20	122.38		2	1	1		1	1		0.50		2.16		2
2	1	21	128.16		3	3	3		3	1		1.00		2.49		2
2	1	22	134.45		4	4	4		4	1		4.00		5.52		2
2	1	23	143.73		3	3	3		3	1		1.00		2.97		2
2	1	24	150.01		2	1	1		1	1		4.00		5.34		2
2	1	25	159.29		3	3	3		3	1		1.00		2.37		2
2	1	26	165.58		3	4	4		4	1		0.50		2.00		2
2	1	27	171.36		4	4	4		4	1		1.00		2.37		2
2	1	28	177.64		1	1	1		1	1		1.00		2.37		2
2	1	29	183.92		1	1	1		1	1		0.50		1.82		2
2	1	30	189.71		3	3	3		3	1		0.50		2.07		2
2	1	31	195.49		3	3	3		3	1		4.00		5.63		2
2	1	32	204.77		1	1	1		1	1		0.50		1.79		2
2	1	33	210.55		2	1	1		1	1		1.00		2.41		2
2	1	34	216.83		1	2	2		2	1		0.50		1.96		2
2	1	35	222.62		4	4	4		4	1		0.50		2.05		2
2	1	36	228.40		2	1	1		1	1		1.00		2.51		2
2	1	37	234.68		4	4	4		4	1		0.50		2.51		2
2	1	38	240.46		4	4	4		4	1		4.00		5.40		2
2	1	39	249.75		1	1	1		1	1		0.50		1.83		2
2	1	40	255.53		4	4	4		4	1		1.00		2.53		2
2	1	41	261.81		2	2	2		2	1		4.00		5.46		2
2	1	42	271.09		3	4	4		4	1		1.00		2.48		2
2	1	43	277.37		1	1	1		1	1		0.50		2.29		2
2	1	44	283.16		3	3	3		3	1		1.00		2.43		2
2	1	45	289.44		2	2	2		2	1		0.50		1.86		2
2	1	46	295.22		3	3	3		3	1		1.00		2.43		2
2	1	47	301.50		1	1	1		1	1		1.00		2.39		2
2	1	48	307.79		1	1	1		1	1		0.50		2.20		2
2	1	49	313.57		1	2	2		2	1		0.50		2.31		2
2	1	50	319.35		2	2	2		2	1		4.00		5.50		2
2	1	51	328.63		2	2	2		2	1		1.00		2.39		2
2	1	52	334.92		3	3	3		3	1		1.00		2.62		2
2	1	53	341.20		4	4	4		4	1		0.50		2.08		2
2	1	54	346.98		2	2	2		2	1		1.00		2.46		2
2	1	55	353.26		2	1	1		1	1		0.50		1.92		2
2	1	56	359.05		1	2	2		2	1		1.00		2.48		2
2	1	57	365.33		3	3	3		3	1		0.50		1.88		2
2	1	58	371.11		4	4	4		4	1		1.00		2.56		2
2	1	59	377.39		3	3	3		3	1		0.50		1.89		2
2	1	60	383.18		1	2	2		2	1		4.00		5.57		2
2	1	61	392.46		4	3	3		3	1		4.00		5.11		2
2	1	62	401.74		1	1	1		1	1		0.50		1.96		2
2	1	63	407.52		3	3	3		3	1		0.50		2.03		2
2	1	64	413.30		1	1	1		1	1		0.50		1.89		2
2	1	65	419.09		3	3	3		3	1		0.50		2.03		2
2	1	66	424.87		1	1	1		1	1		1.00		2.48		2
2	1	67	431.15		4	4	4		3	0		0.50		1.91		2
2	1	68	436.93		4	3	3		3	1		1.00		2.37		2
2	1	69	443.22		3	4	4		4	1		0.50		1.97		2
2	1	70	449.00		2	2	2		2	1		0.50		1.90		2
2	1	71	454.78		1	1	1		1	1		0.50		2.00		2
2	1	72	460.56		2	2	2		2	1		0.50		1.92		2
2	1	73	466.35		3	3	3		3	1		1.00		2.58		2
2	1	74	472.63		2	2	2		2	1		0.50		1.85		2
2	1	75	478.41		4	3	3		3	1		1.00		2.64		2
2	1	76	484.69		2	2	2		2	1		0.50		2.04		2
2	1	77	490.48		3	4	4		4	1		0.50		1.95		2
2	1	78	496.26		4	4	4		4	1		0.50		1.86		2
2	1	79	502.04		1	1	1		1	1		1.00		2.43		2
2	1	80	508.32		2	1	1		1	1		0.50		1.77		2
2	1	81	514.11		3	3	3		3	1		0.50		2.06		2
2	1	82	519.89		1	2	2		2	1		1.00		2.43		2
2	1	83	526.17		4	4	4		4	1		4.00		5.49		2
2	1	84	535.45		3	3	3		3	1		4.00		5.86		2
2	1	85	544.73		4	4	4		4	1		0.50		2.12		2
2	1	86	550.52		2	2	2		2	1		0.50		2.41		2
2	1	87	556.30		1	1	1		1	1		4.00		5.53		2
2	1	88	565.58		3	3	3		3	1		0.50		2.10		2
2	1	89	571.36		4	4	4		4	1		0.50		1.85		2
2	1	90	577.15		4	4	4		4	1		0.50		2.15		2
2	1	91	582.93		2	2	2		2	1		1.00		2.50		2
2	1	92	589.21		2	2	2		2	1		0.50		1.89		2
2	1	93	594.99		2	1	1		1	1		0.50		1.86		2
2	1	94	600.78		3	3	3		3	1		0.50		1.81		2
2	1	95	606.56		2	2	2		2	1		0.50		1.96		2
2	1	96	612.34		1	1	1		1	1		1.00		2.87		2
2	1	97	618.62		1	1	1		1	1		1.00		2.41		2
2	1	98	624.91		1	2	2		2	1		0.50		1.96		2
2	1	99	630.69		4	3	3		3	1		0.50		1.91		2
2	1	100	636.47		2	2	2		2	1		1.00		2.39		2
2	2	101	663.73		3	3	3		3	1		0.50		2.22		2
2	2	102	670.52		1	1	1		2	0		1.00		2.40		2
2	2	103	677.80		1	1	1		1	1		0.50		2.30		2
2	2	104	684.58		3	3	3		3	1		1.00		3.23		2
2	2	105	691.86		4	4	4		4	1		1.00		2.63		2
2	2	106	699.14		4	3	3		3	1		1.00		2.63		2
2	2	107	706.43		2	2	2		2	1		0.50		2.48		2
2	2	108	713.21		4	4	4		4	1		0.50		2.13		2
2	2	109	719.99		2	1	1		2	0		1.00		2.92		2
2	2	110	727.27		4	4	4		4	1		1.00		2.57		2
2	2	111	734.56		3	3	3		3	1		1.00		2.82		2
2	2	112	741.84		4	4	4		4	1		0.50		2.60		2
2	2	113	748.62		2	1	1		2	0		0.50		2.42		2
2	2	114	755.40		1	1	1		1	1		0.50		2.32		2
2	2	115	762.19		4	4	4		4	1		1.00		2.53		2
2	2	116	769.47		4	4	4		4	1		0.50		1.92		2
2	2	117	776.25		3	3	3		3	1		0.50		2.15		2
2	2	118	783.03		3	4	4		4	1		0.50		2.50		2
2	2	119	789.81		3	3	3		3	1		1.00		2.98		2
2	2	120	797.10		1	1	1		1	1		0.50		1.88		2
2	2	121	803.88		4	4	4		4	1		4.00		5.40		2
2	2	122	814.16		1	1	1		1	1		1.00		2.12		2
2	2	123	821.44		3	3	3		4	0		0.50		2.40		2
2	2	124	828.22		2	2	2		1	0		1.00		2.47		2
2	2	125	835.51		1	2	2		1	0		0.50		1.67		2
2	2	126	842.29		2	2	2		2	1		0.50		2.27		2
2	2	127	849.07		2	2	2		1	0		0.50		2.27		2
2	2	128	855.85		3	4	4		4	1		0.50		2.17		2
2	2	129	862.64		1	1	1		1	1		0.50		1.90		2
2	2	130	869.42		1	2	2		1	0		0.50		2.35		2
2	2	131	876.20		3	3	3		3	1		0.50		2.08		2
2	2	132	882.98		3	3	3		3	1		0.50		2.22		2
2	2	133	889.77		1	2	2		1	0		1.00		3.35		2
2	2	134	897.05		2	1	1		1	1		1.00		3.27		2
2	2	135	904.33		1	1	1		1	1		0.50		3.07		2
2	2	136	911.11		2	2	2		2	1		1.00		3.43		2
2	2	137	918.39		4	4	4		4	1		0.50		1.62		2
2	2	138	925.18		1	1	1		2	0		0.50		2.42		2
2	2	139	931.96		1	2	2		1	0		4.00		5.88		2
2	2	140	942.24		3	4	4		4	1		0.50		2.62		2
2	2	141	949.02		3	3	3		3	1		1.00		2.88		2
2	2	142	956.31		2	2	2		2	1		0.50		2.57		2
2	2	143	963.09		2	1	1		1	1		1.00		2.10		2
2	2	144	970.37		4	4	4		4	1		1.00		1.66		2
2	2	145	977.65		4	4	4		4	1		0.50		1.13		2
2	2	146	984.43		3	3	3		3	1		1.00		2.55		2
2	2	147	991.72		1	1	1		1	1		1.00		3.18		2
2	2	148	999.00		4	4	4		4	1		0.50		1.16		2
2	2	149	1005.78		2	2	2		1	0		1.00		3.85		2
2	2	150	1013.06		4	4	4		4	1		0.50		1.17		2
2	2	151	1019.85		1	1	1		2	0		1.00		2.62		2
2	2	152	1027.13		1	1	1		1	1		4.00		5.93		2
2	2	153	1037.41		2	2	2		2	1		1.00		2.75		2
2	2	154	1044.69		4	4	4		4	1		1.00		1.60		2
2	2	155	1051.97		2	1	1		1	1		0.50		1.95		2
2	2	156	1058.76		3	3	3		3	1		4.00		5.00		2
2	2	157	1069.04		2	2	2		1	0		4.00		4.61		2
2	2	158	1079.32		4	4	4		4	1		4.00		4.75		2
2	2	159	1089.60		3	3	3		3	1		0.50		1.87		2
2	2	160	1096.38		1	2	2		2	1		0.50		2.52		2
2	2	161	1103.17		3	3	3		3	1		4.00		4.41		2
2	2	162	1113.45		3	3	3		3	1		0.50		1.25		2
2	2	163	1120.23		1	1	1		1	1		0.50		2.10		2
2	2	164	1127.01		2	2	2		1	0		1.00		3.08		2
2	2	165	1134.30		4	3	3		4	0		1.00		1.73		2
2	2	166	1141.58		1	2	2		2	1		0.50		2.37		2
2	2	167	1148.36		2	2	2		2	1		4.00		5.10		2
2	2	168	1158.64		4	3	3		3	1		1.00		2.85		2
2	2	169	1165.92		1	1	1		1	1		1.00		4.05		2
2	2	170	1173.21		2	2	2		2	1		1.00		2.08		2
2	2	171	1180.49		1	1	1		1	1		0.50		1.82		2
2	2	172	1187.27		2	1	1		2	0		4.00		4.67		2
2	2	173	1197.55		4	3	3		3	1		4.00		4.75		2
2	2	174	1207.83		3	4	4		4	1		0.50		1.52		2
2	2	175	1214.62		3	3	3		4	0		1.00		1.66		2
2	2	176	1221.90		2	1	1		1	1		0.50		1.37		2
2	2	177	1228.68		3	3	3		3	1		0.50		1.97		2
2	2	178	1235.46		2	2	2		1	0		0.50		1.25		2
2	2	179	1242.25		4	4	4		4	1		1.00		1.75		2
2	2	180	1249.53		4	4	4		3	0		0.50		1.22		2
