*********************************************
* Combray
* Date/Time: 12-Jan-2015 13:24:35
* Seed: 209075.1611
* Subject Number: 04
* Subject Name: baf
*********************************************

Block	Phase	Trial	RunningTime	Cue	Image	CorrResp	Resp	Accuracy	ISI	RT_from_CueOnset	ITI
1	1	1	0.52		4	3	3		3	1		0.50		2.05		2
1	1	2	6.30		3	4	4		4	1		0.50		2.05		2
1	1	3	12.08		2	2	2		2	1		0.50		1.77		2
1	1	4	17.86		1	1	1		1	1		0.50		1.73		2
1	1	5	23.65		2	2	2		2	1		4.00		0.88		2
1	1	6	32.93		4	3	3		NaN	NaN		4.00		NaN		2
1	1	7	42.21		4	4	4		4	1		0.50		2.08		2
1	1	8	47.99		4	4	4		4	1		0.50		0.94		2
1	1	9	53.78		4	4	4		4	1		1.00		2.11		2
1	1	10	60.06		3	3	3		3	1		1.00		2.46		2
1	1	11	66.34		4	4	4		4	1		4.00		0.94		2
1	1	12	75.62		2	1	1		1	1		1.00		2.29		2
1	1	13	81.90		2	2	2		1	0		4.00		0.96		2
1	1	14	91.19		4	4	4		4	1		0.50		0.90		2
1	1	15	96.97		2	1	1		2	0		4.00		5.28		2
1	1	16	106.25		2	2	2		2	1		1.00		2.25		2
1	1	17	112.53		1	1	1		1	1		1.00		2.47		2
1	1	18	118.82		4	4	4		4	1		0.50		1.00		2
1	1	19	124.60		3	3	3		3	1		4.00		5.40		2
1	1	20	133.88		3	3	3		3	1		0.50		0.94		2
1	1	21	139.66		4	4	4		4	1		1.00		1.03		2
1	1	22	145.94		3	3	3		3	1		1.00		0.86		2
1	1	23	152.23		1	1	1		1	1		4.00		5.15		2
1	1	24	161.51		1	1	1		1	1		0.50		0.93		2
1	1	25	167.29		3	4	4		3	0		1.00		1.07		2
1	1	26	173.57		3	3	3		3	1		1.00		2.59		2
1	1	27	179.86		1	1	1		1	1		0.50		2.01		2
1	1	28	185.64		4	4	4		4	1		1.00		2.83		2
1	1	29	191.92		1	2	2		2	1		0.50		2.00		2
1	1	30	197.70		2	2	2		2	1		1.00		2.08		2
1	1	31	203.99		3	3	3		3	1		0.50		1.73		2
1	1	32	209.77		4	4	4		4	1		0.50		0.69		2
1	1	33	215.55		2	2	2		2	1		0.50		1.65		2
1	1	34	221.33		1	2	2		2	1		0.50		1.84		2
1	1	35	227.12		4	4	4		4	1		1.00		0.94		2
1	1	36	233.40		4	4	4		4	1		4.00		0.97		2
1	1	37	242.68		3	3	3		3	1		1.00		2.33		2
1	1	38	248.96		4	3	3		4	0		1.00		0.90		2
1	1	39	255.24		1	1	1		1	1		0.50		1.91		2
1	1	40	261.03		2	1	1		1	1		0.50		2.01		2
1	1	41	266.81		1	1	1		1	1		0.50		1.77		2
1	1	42	272.59		4	4	4		4	1		0.50		1.73		2
1	1	43	278.37		1	1	1		1	1		0.50		1.86		2
1	1	44	284.16		4	4	4		4	1		0.50		2.06		2
1	1	45	289.94		1	1	1		1	1		0.50		1.82		2
1	1	46	295.72		3	3	3		3	1		1.00		2.11		2
1	1	47	302.00		4	4	4		4	1		1.00		2.43		2
1	1	48	308.29		2	1	1		1	1		0.50		1.86		2
1	1	49	314.07		3	3	3		3	1		0.50		1.64		2
1	1	50	319.85		4	4	4		4	1		1.00		2.03		2
1	1	51	326.13		1	2	2		2	1		1.00		2.31		2
1	1	52	332.42		4	3	3		4	0		1.00		2.42		2
1	1	53	338.70		2	2	2		2	1		0.50		1.86		2
1	1	54	344.48		1	2	2		2	1		1.00		2.34		2
1	1	55	350.76		2	1	1		1	1		1.00		2.47		2
1	1	56	357.05		2	2	2		2	1		1.00		2.27		2
1	1	57	363.33		2	2	2		2	1		0.50		1.95		2
1	1	58	369.11		3	3	3		3	1		4.00		5.34		2
1	1	59	378.39		4	4	4		4	1		0.50		2.32		2
1	1	60	384.18		3	3	3		3	1		1.00		2.32		2
1	1	61	390.46		3	4	4		3	0		0.50		1.89		2
1	1	62	396.24		2	1	1		1	1		0.50		1.93		2
1	1	63	402.02		3	3	3		3	1		1.00		2.58		2
1	1	64	408.30		3	3	3		3	1		0.50		1.88		2
1	1	65	414.09		1	1	1		1	1		1.00		2.26		2
1	1	66	420.37		1	1	1		1	1		1.00		2.40		2
1	1	67	426.65		3	3	3		3	1		0.50		1.64		2
1	1	68	432.43		4	4	4		4	1		1.00		2.46		2
1	1	69	438.70		1	1	1		1	1		1.00		2.41		2
1	1	70	444.98		1	2	2		2	1		1.00		2.27		2
1	1	71	451.26		3	3	3		3	1		0.50		2.15		2
1	1	72	457.05		1	2	2		2	1		0.50		1.74		2
1	1	73	462.83		4	4	4		4	1		0.50		1.68		2
1	1	74	468.61		2	2	2		2	1		1.00		2.28		2
1	1	75	474.89		2	2	2		2	1		1.00		2.07		2
1	1	76	481.18		2	1	1		1	1		0.50		2.01		2
1	1	77	486.96		1	1	1		1	1		0.50		2.06		2
1	1	78	492.74		2	2	2		2	1		0.50		1.77		2
1	1	79	498.52		2	1	1		1	1		1.00		2.42		2
1	1	80	504.81		2	2	2		2	1		0.50		1.59		2
1	1	81	510.59		3	4	4		4	1		4.00		5.83		2
1	1	82	519.87		1	1	1		1	1		1.00		2.36		2
1	1	83	526.15		3	3	3		3	1		0.50		2.21		2
1	1	84	531.94		4	4	4		4	1		1.00		2.40		2
1	1	85	538.22		2	2	2		2	1		0.50		2.42		2
1	1	86	544.00		3	3	3		3	1		1.00		2.34		2
1	1	87	550.28		3	3	3		3	1		0.50		1.71		2
1	1	88	556.07		2	2	2		2	1		0.50		1.91		2
1	1	89	561.85		4	4	4		4	1		0.50		1.79		2
1	1	90	567.63		2	2	2		2	1		0.50		2.54		2
1	1	91	573.41		2	2	2		2	1		1.00		2.19		2
1	1	92	579.70		1	1	1		1	1		1.00		2.46		2
1	1	93	585.98		3	3	3		3	1		0.50		1.91		2
1	1	94	591.76		3	4	4		4	1		0.50		2.02		2
1	1	95	597.54		1	1	1		2	0		0.50		1.95		2
1	1	96	603.33		1	1	1		1	1		0.50		1.87		2
1	1	97	609.11		3	3	3		3	1		0.50		2.17		2
1	1	98	614.89		1	1	1		1	1		4.00		5.45		2
1	1	99	624.17		1	2	2		2	1		4.00		5.28		2
1	1	100	633.45		4	3	3		4	0		1.00		1.48		2
1	2	101	672.18		1	1	1		2	0		1.00		3.77		2
1	2	102	679.46		1	2	2		1	0		0.50		2.15		2
1	2	103	686.25		4	4	4		4	1		0.50		2.62		2
1	2	104	693.03		1	1	1		1	1		1.00		2.87		2
1	2	105	700.31		2	2	2		2	1		1.00		2.17		2
1	2	106	707.58		4	3	3		3	1		1.00		2.77		2
1	2	107	714.86		2	2	2		2	1		1.00		2.05		2
1	2	108	722.14		3	3	3		3	1		0.50		1.82		2
1	2	109	728.92		1	1	1		1	1		4.00		5.70		2
1	2	110	739.20		1	1	1		1	1		0.50		2.50		2
1	2	111	745.99		3	4	4		4	1		0.50		3.08		2
1	2	112	752.77		4	4	4		4	1		1.00		2.98		2
1	2	113	760.05		3	3	3		3	1		1.00		2.45		2
1	2	114	767.33		3	3	3		3	1		1.00		3.07		2
1	2	115	774.62		4	4	4		4	1		0.50		2.27		2
1	2	116	781.40		4	4	4		4	1		1.00		2.72		2
1	2	117	788.68		4	4	4		4	1		0.50		2.17		2
1	2	118	795.46		1	2	2		2	1		4.00		5.50		2
1	2	119	805.75		4	4	4		4	1		1.00		2.67		2
1	2	120	813.03		4	4	4		4	1		4.00		5.47		2
1	2	121	823.31		2	2	2		2	1		4.00		5.93		2
1	2	122	833.59		1	1	1		1	1		1.00		2.32		2
1	2	123	840.87		3	3	3		3	1		0.50		1.92		2
1	2	124	847.65		3	4	4		3	0		0.50		1.93		2
1	2	125	854.44		2	1	1		2	0		4.00		5.32		2
1	2	126	864.72		4	4	4		4	1		0.50		3.03		2
1	2	127	871.50		3	3	3		3	1		0.50		2.17		2
1	2	128	878.28		3	3	3		3	1		0.50		2.07		2
1	2	129	885.07		1	2	2		2	1		1.00		2.68		2
1	2	130	892.35		2	1	1		2	0		0.50		2.10		2
1	2	131	899.13		1	2	2		1	0		0.50		3.30		2
1	2	132	905.91		4	4	4		4	1		4.00		5.82		2
1	2	133	916.19		1	1	1		1	1		0.50		1.98		2
1	2	134	922.98		2	2	2		2	1		0.50		2.95		2
1	2	135	929.76		2	2	2		2	1		0.50		2.07		2
1	2	136	936.54		4	4	4		4	1		1.00		2.20		2
1	2	137	943.82		3	3	3		3	1		4.00		5.38		2
1	2	138	954.11		2	2	2		2	1		0.50		2.98		2
1	2	139	960.89		2	2	2		2	1		1.00		2.45		2
1	2	140	968.17		3	3	3		4	0		1.00		3.72		2
1	2	141	975.45		4	3	3		3	1		1.00		2.97		2
1	2	142	982.73		3	3	3		3	1		0.50		1.98		2
1	2	143	989.52		2	2	2		2	1		1.00		2.83		2
1	2	144	996.80		1	1	1		1	1		0.50		2.17		2
1	2	145	1003.58		3	3	3		3	1		1.00		3.02		2
1	2	146	1010.86		2	2	2		2	1		1.00		2.22		2
1	2	147	1018.15		3	3	3		NaN	0		1.00		NaN		2
1	2	148	1025.43		3	4	4		4	1		0.50		2.97		2
1	2	149	1032.21		2	1	1		1	1		1.00		2.95		2
1	2	150	1039.49		3	4	4		4	1		0.50		2.07		2
1	2	151	1046.27		3	3	3		3	1		0.50		2.30		2
1	2	152	1053.06		2	2	2		2	1		0.50		1.62		2
1	2	153	1059.84		4	4	4		4	1		0.50		1.95		2
1	2	154	1066.62		2	2	2		2	1		4.00		5.18		2
1	2	155	1076.90		4	3	3		3	1		1.00		3.53		2
1	2	156	1084.19		4	4	4		4	1		0.50		1.70		2
1	2	157	1090.97		3	3	3		3	1		1.00		2.33		2
1	2	158	1098.25		2	1	1		2	0		0.50		2.27		2
1	2	159	1105.03		1	1	1		1	1		0.50		1.95		2
1	2	160	1111.82		1	2	2		2	1		0.50		2.05		2
1	2	161	1118.60		2	2	2		2	1		0.50		1.92		2
1	2	162	1125.38		4	3	3		3	1		4.00		6.43		2
1	2	163	1135.66		4	4	4		4	1		0.50		2.52		2
1	2	164	1142.44		3	3	3		3	1		0.50		2.20		2
1	2	165	1149.23		1	1	1		1	1		1.00		2.25		2
1	2	166	1156.51		1	1	1		1	1		0.50		2.13		2
1	2	167	1163.29		3	3	3		3	1		4.00		5.33		2
1	2	168	1173.57		4	4	4		4	1		1.00		2.88		2
1	2	169	1180.85		3	3	3		3	1		0.50		2.23		2
1	2	170	1187.64		4	4	4		4	1		0.50		2.12		2
1	2	171	1194.42		1	1	1		2	0		0.50		2.03		2
1	2	172	1201.20		4	4	4		4	1		1.00		2.67		2
1	2	173	1208.48		1	1	1		1	1		1.00		2.68		2
1	2	174	1215.77		1	1	1		1	1		0.50		2.52		2
1	2	175	1222.55		2	2	2		2	1		1.00		2.60		2
1	2	176	1229.83		2	1	1		2	0		1.00		2.23		2
1	2	177	1237.11		1	2	2		1	0		0.50		2.05		2
1	2	178	1243.89		2	1	1		2	0		0.50		2.38		2
1	2	179	1250.68		2	1	1		2	0		1.00		2.08		2
1	2	180	1257.96		1	1	1		1	1		0.50		2.42		2
Block	Phase	Trial	RunningTime	Cue	Image	CorrResp	Resp	Accuracy	ISI	RT_from_CueOnset	ITI
2	1	1	0.52		2	2	2		2	1		1.00		2.48		2
2	1	2	6.80		2	1	1		2	0		0.50		1.59		2
2	1	3	12.58		3	3	3		3	1		1.00		2.46		2
2	1	4	18.86		1	2	2		2	1		0.50		1.92		2
2	1	5	24.65		3	4	4		4	1		0.50		2.35		2
2	1	6	30.43		2	2	2		2	1		0.50		1.72		2
2	1	7	36.21		3	4	4		4	1		4.00		5.80		2
2	1	8	45.49		2	2	2		2	1		4.00		5.19		2
2	1	9	54.78		4	4	4		3	0		4.00		5.48		2
2	1	10	64.06		4	3	3		3	1		1.00		2.91		2
2	1	11	70.34		3	4	4		4	1		0.50		2.54		2
2	1	12	76.12		1	2	2		2	1		1.00		2.53		2
2	1	13	82.40		4	4	4		4	1		0.50		2.62		2
2	1	14	88.19		1	1	1		1	1		1.00		2.27		2
2	1	15	94.47		3	4	4		4	1		1.00		2.55		2
2	1	16	100.75		4	3	3		3	1		0.50		1.90		2
2	1	17	106.53		2	1	1		1	1		0.50		1.95		2
2	1	18	112.32		3	3	3		3	1		0.50		2.26		2
2	1	19	118.10		2	2	2		2	1		0.50		2.15		2
2	1	20	123.88		1	2	2		2	1		0.50		1.68		2
2	1	21	129.66		2	2	2		2	1		1.00		2.41		2
2	1	22	135.95		4	4	4		4	1		0.50		2.37		2
2	1	23	141.73		3	4	4		4	1		0.50		2.41		2
2	1	24	147.49		3	4	4		4	1		1.00		2.38		2
2	1	25	153.78		3	4	4		4	1		0.50		2.01		2
2	1	26	159.56		4	3	3		3	1		0.50		1.90		2
2	1	27	165.34		4	4	4		4	1		1.00		2.48		2
2	1	28	171.62		4	4	4		4	1		1.00		2.73		2
2	1	29	177.91		4	3	3		3	1		1.00		2.86		2
2	1	30	184.19		3	3	3		3	1		4.00		5.44		2
2	1	31	193.47		4	3	3		3	1		0.50		1.89		2
2	1	32	199.25		1	1	1		1	1		1.00		2.39		2
2	1	33	205.54		3	3	3		3	1		1.00		2.53		2
2	1	34	211.82		3	3	3		3	1		0.50		1.84		2
2	1	35	217.60		4	4	4		4	1		0.50		2.16		2
2	1	36	223.38		2	2	2		2	1		0.50		1.87		2
2	1	37	229.17		2	2	2		2	1		0.50		1.94		2
2	1	38	234.95		1	1	1		1	1		0.50		2.05		2
2	1	39	240.73		3	3	3		3	1		0.50		2.05		2
2	1	40	246.51		4	3	3		3	1		4.00		5.70		2
2	1	41	255.79		4	3	3		3	1		1.00		2.36		2
2	1	42	262.08		4	4	4		4	1		4.00		5.46		2
2	1	43	271.36		2	2	2		2	1		4.00		5.48		2
2	1	44	280.64		2	2	2		2	1		1.00		2.49		2
2	1	45	286.92		4	3	3		3	1		1.00		2.61		2
2	1	46	293.21		4	4	4		4	1		0.50		2.76		2
2	1	47	298.99		4	4	4		4	1		0.50		1.93		2
2	1	48	304.77		1	2	2		2	1		0.50		1.68		2
2	1	49	310.55		3	4	4		4	1		0.50		1.85		2
2	1	50	316.34		1	1	1		1	1		1.00		2.44		2
2	1	51	322.62		4	4	4		4	1		0.50		2.15		2
2	1	52	328.40		3	3	3		3	1		0.50		1.85		2
2	1	53	334.18		1	2	2		2	1		1.00		2.38		2
2	1	54	340.47		4	4	4		4	1		0.50		2.12		2
2	1	55	346.25		1	1	1		1	1		0.50		1.90		2
2	1	56	352.03		3	3	3		3	1		0.50		1.98		2
2	1	57	357.81		2	1	1		1	1		0.50		1.74		2
2	1	58	363.60		1	1	1		1	1		1.00		2.40		2
2	1	59	369.88		2	1	1		1	1		1.00		2.60		2
2	1	60	376.16		1	2	2		2	1		0.50		1.99		2
2	1	61	381.94		1	1	1		1	1		1.00		2.47		2
2	1	62	388.22		2	1	1		1	1		1.00		2.37		2
2	1	63	394.51		3	3	3		3	1		1.00		2.52		2
2	1	64	400.79		4	3	3		3	1		1.00		2.54		2
2	1	65	407.07		2	2	2		2	1		1.00		2.42		2
2	1	66	413.35		3	3	3		3	1		0.50		2.51		2
2	1	67	419.14		4	3	3		3	1		0.50		1.95		2
2	1	68	424.92		1	1	1		1	1		0.50		2.24		2
2	1	69	430.70		1	1	1		1	1		1.00		2.48		2
2	1	70	436.98		3	4	4		4	1		0.50		2.17		2
2	1	71	442.77		1	2	2		2	1		0.50		2.07		2
2	1	72	448.55		1	1	1		1	1		0.50		1.92		2
2	1	73	454.33		1	1	1		1	1		0.50		1.84		2
2	1	74	460.11		4	3	3		3	1		1.00		2.29		2
2	1	75	466.40		1	1	1		1	1		4.00		5.45		2
2	1	76	475.68		2	1	1		1	1		0.50		1.87		2
2	1	77	481.46		1	1	1		1	1		0.50		2.18		2
2	1	78	487.24		4	3	3		3	1		4.00		6.12		2
2	1	79	496.52		2	2	2		2	1		1.00		2.98		2
2	1	80	502.81		1	2	2		2	1		1.00		2.31		2
2	1	81	509.09		2	2	2		2	1		1.00		2.57		2
2	1	82	515.37		2	1	1		1	1		0.50		1.94		2
2	1	83	521.15		1	1	1		1	1		0.50		2.08		2
2	1	84	526.94		1	2	2		2	1		4.00		5.26		2
2	1	85	536.22		2	1	1		1	1		4.00		4.75		2
2	1	86	545.50		1	2	2		2	1		4.00		1.35		2
2	1	87	554.78		3	3	3		3	1		1.00		2.42		2
2	1	88	561.07		1	1	1		2	0		0.50		1.03		2
2	1	89	566.85		3	3	3		3	1		1.00		2.40		2
2	1	90	573.13		2	2	2		2	1		0.50		1.85		2
2	1	91	578.91		3	4	4		4	1		0.50		2.62		2
2	1	92	584.69		3	3	3		3	1		1.00		2.50		2
2	1	93	590.98		3	4	4		4	1		1.00		3.06		2
2	1	94	597.26		4	3	3		3	1		0.50		3.16		2
2	1	95	603.04		2	2	2		2	1		0.50		2.60		2
2	1	96	608.82		4	4	4		4	1		1.00		2.60		2
2	1	97	615.11		2	1	1		1	1		1.00		2.48		2
2	1	98	621.39		2	1	1		1	1		0.50		1.96		2
2	1	99	627.17		3	4	4		4	1		4.00		5.65		2
2	1	100	636.45		2	2	2		2	1		0.50		2.00		2
2	2	101	674.66		1	1	1		2	0		0.50		2.38		2
2	2	102	681.45		3	3	3		3	1		0.50		2.70		2
2	2	103	688.23		4	3	3		3	1		0.50		2.00		2
2	2	104	695.01		1	1	1		1	1		1.00		3.10		2
2	2	105	702.29		3	4	4		3	0		0.50		2.65		2
2	2	106	709.08		2	2	2		2	1		0.50		2.70		2
2	2	107	715.86		3	3	3		3	1		0.50		2.50		2
2	2	108	722.64		4	4	4		4	1		1.00		3.35		2
2	2	109	729.92		2	1	1		1	1		1.00		2.80		2
2	2	110	737.21		1	1	1		1	1		0.50		2.18		2
2	2	111	743.99		2	1	1		1	1		0.50		2.27		2
2	2	112	750.77		4	3	3		3	1		4.00		5.98		2
2	2	113	761.05		1	1	1		2	0		1.00		2.75		2
2	2	114	768.33		3	3	3		3	1		0.50		2.15		2
2	2	115	775.12		4	4	4		4	1		0.50		2.45		2
2	2	116	781.90		2	1	1		2	0		0.50		3.32		2
2	2	117	788.68		2	2	2		2	1		1.00		2.82		2
2	2	118	795.96		2	2	2		1	0		4.00		6.33		2
2	2	119	806.24		3	4	4		3	0		0.50		3.15		2
2	2	120	813.03		3	4	4		4	1		4.00		6.10		2
2	2	121	823.31		1	2	2		2	1		0.50		2.27		2
2	2	122	830.09		4	3	3		3	1		0.50		2.08		2
2	2	123	836.87		3	4	4		3	0		1.00		2.63		2
2	2	124	844.16		1	2	2		2	1		0.50		2.38		2
2	2	125	850.94		4	4	4		4	1		0.50		2.48		2
2	2	126	857.72		3	3	3		3	1		0.50		2.53		2
2	2	127	864.50		3	4	4		3	0		1.00		3.07		2
2	2	128	871.78		4	3	3		4	0		1.00		2.98		2
2	2	129	879.07		3	4	4		4	1		0.50		2.22		2
2	2	130	885.85		4	3	3		3	1		0.50		2.52		2
2	2	131	892.63		2	2	2		2	1		1.00		2.73		2
2	2	132	899.91		1	2	2		2	1		1.00		2.47		2
2	2	133	907.20		3	4	4		3	0		0.50		3.03		2
2	2	134	913.98		1	2	2		1	0		1.00		2.62		2
2	2	135	921.26		1	1	1		1	1		0.50		2.50		2
2	2	136	928.04		4	3	3		3	1		1.00		3.52		2
2	2	137	935.33		4	4	4		3	0		4.00		6.42		2
2	2	138	945.61		1	1	1		1	1		1.00		3.28		2
2	2	139	952.89		4	4	4		4	1		0.50		2.93		2
2	2	140	959.67		1	2	2		2	1		0.50		2.92		2
2	2	141	966.45		1	1	1		1	1		0.50		2.27		2
2	2	142	973.24		3	4	4		4	1		0.50		2.95		2
2	2	143	980.02		4	3	3		3	1		1.00		3.27		2
2	2	144	987.30		1	1	1		1	1		0.50		2.52		2
2	2	145	994.08		2	2	2		2	1		4.00		7.33		2
2	2	146	1004.36		3	4	4		4	1		1.00		4.23		2
2	2	147	1011.65		2	1	1		1	1		0.50		2.82		2
2	2	148	1018.43		4	3	3		4	0		0.50		3.42		2
2	2	149	1025.21		3	4	4		3	0		0.50		2.93		2
2	2	150	1031.99		2	2	2		2	1		0.50		3.37		2
2	2	151	1038.78		1	2	2		2	1		4.00		5.82		2
2	2	152	1049.06		4	4	4		4	1		1.00		2.80		2
2	2	153	1056.34		1	1	1		2	0		0.50		2.13		2
2	2	154	1063.12		2	2	2		2	1		1.00		2.50		2
2	2	155	1070.41		2	1	1		2	0		1.00		2.87		2
2	2	156	1077.69		2	2	2		2	1		0.50		2.23		2
2	2	157	1084.47		3	3	3		4	0		1.00		4.25		2
2	2	158	1091.75		4	4	4		3	0		4.00		5.70		2
2	2	159	1102.03		4	4	4		4	1		1.00		3.63		2
2	2	160	1109.32		2	1	1		2	0		4.00		5.83		2
2	2	161	1119.60		2	2	2		2	1		1.00		3.43		2
2	2	162	1126.88		4	4	4		4	1		0.50		2.38		2
2	2	163	1133.66		1	1	1		1	1		4.00		5.90		2
2	2	164	1143.94		4	4	4		4	1		1.00		3.32		2
2	2	165	1151.23		2	2	2		2	1		1.00		2.65		2
2	2	166	1158.51		4	3	3		3	1		1.00		2.73		2
2	2	167	1165.79		3	3	3		3	1		0.50		2.10		2
2	2	168	1172.57		1	1	1		1	1		0.50		2.80		2
2	2	169	1179.36		3	3	3		3	1		4.00		6.08		2
2	2	170	1189.64		2	2	2		2	1		0.50		2.55		2
2	2	171	1196.42		3	3	3		3	1		1.00		2.65		2
2	2	172	1203.70		1	1	1		2	0		0.50		2.15		2
2	2	173	1210.48		1	2	2		2	1		0.50		2.32		2
2	2	174	1217.27		2	2	2		2	1		1.00		2.45		2
2	2	175	1224.55		1	2	2		2	1		1.00		3.35		2
2	2	176	1231.83		3	3	3		3	1		0.50		2.78		2
2	2	177	1238.61		2	1	1		1	1		0.50		2.37		2
2	2	178	1245.40		3	3	3		3	1		1.00		3.03		2
2	2	179	1252.68		4	3	3		3	1		1.00		2.58		2
2	2	180	1259.96		2	1	1		1	1		1.00		2.78		2
