*********************************************
* Combray
* Date/Time: 27-Mar-2015 12:41:49
* Seed: 214105.9067
* Subject Number: 17
* Subject Name: mc
*********************************************

Block	Phase	Trial	RunningTime	Cue	Image	CorrResp	Resp	Accuracy	ISI	RT_from_CueOnset	ITI
1	1	1	0.52		2	2	2		NaN	NaN		4.00		NaN		2
1	1	2	9.80		2	2	2		NaN	NaN		1.00		NaN		2
1	1	3	16.08		2	1	1		2	0		1.00		1.17		2
1	1	4	22.36		1	1	1		NaN	NaN		0.50		NaN		2
1	1	5	28.15		2	1	1		1	1		0.50		1.30		2
1	1	6	33.93		1	2	2		2	1		0.50		2.23		2
1	1	7	39.71		3	3	3		NaN	NaN		0.50		NaN		2
1	1	8	45.49		4	4	4		3	0		0.50		0.62		2
1	1	9	51.28		1	1	1		NaN	NaN		1.00		NaN		2
1	1	10	57.56		2	1	1		1	1		1.00		3.31		2
1	1	11	63.84		4	3	3		3	1		1.00		2.73		2
1	1	12	70.12		2	2	2		2	1		0.50		1.92		2
1	1	13	75.91		1	2	2		2	1		4.00		5.54		2
1	1	14	85.19		3	4	4		3	0		0.50		2.02		2
1	1	15	90.97		3	4	4		3	0		1.00		1.75		2
1	1	16	97.25		4	4	4		NaN	NaN		0.50		NaN		2
1	1	17	103.03		3	3	3		3	1		1.00		2.58		2
1	1	18	109.32		1	2	2		2	1		1.00		2.72		2
1	1	19	115.60		1	2	2		2	1		1.00		2.51		2
1	1	20	121.88		1	1	1		1	1		0.50		1.94		2
1	1	21	127.66		1	2	2		2	1		0.50		1.93		2
1	1	22	133.45		1	1	1		2	0		0.50		1.57		2
1	1	23	139.23		4	3	3		3	1		0.50		2.09		2
1	1	24	145.01		4	4	4		4	1		1.00		2.80		2
1	1	25	151.29		3	3	3		3	1		1.00		2.93		2
1	1	26	157.58		4	4	4		4	1		1.00		2.86		2
1	1	27	163.86		3	3	3		3	1		0.50		2.69		2
1	1	28	169.64		2	2	2		2	1		1.00		2.73		2
1	1	29	175.92		1	2	2		2	1		1.00		2.60		2
1	1	30	182.21		4	4	4		4	1		0.50		1.91		2
1	1	31	187.99		3	4	4		4	1		0.50		1.96		2
1	1	32	193.77		1	2	2		2	1		1.00		2.50		2
1	1	33	200.05		3	3	3		3	1		0.50		3.25		2
1	1	34	205.84		1	1	1		1	1		4.00		5.59		2
1	1	35	215.12		2	2	2		2	1		0.50		2.07		2
1	1	36	220.90		2	1	1		1	1		0.50		2.03		2
1	1	37	226.68		3	3	3		4	0		1.00		2.53		2
1	1	38	232.96		3	3	3		3	1		1.00		2.41		2
1	1	39	239.25		1	1	1		1	1		0.50		2.22		2
1	1	40	245.03		2	1	1		1	1		1.00		2.43		2
1	1	41	251.31		2	2	2		2	1		1.00		2.66		2
1	1	42	257.59		1	2	2		2	1		0.50		2.40		2
1	1	43	263.38		4	3	3		NaN	NaN		1.00		NaN		2
1	1	44	269.66		2	2	2		2	1		0.50		2.02		2
1	1	45	275.44		4	3	3		3	1		4.00		5.86		2
1	1	46	284.72		4	4	4		4	1		4.00		5.55		2
1	1	47	294.01		4	4	4		4	1		0.50		2.03		2
1	1	48	299.79		4	4	4		4	1		4.00		5.48		2
1	1	49	309.07		4	4	4		4	1		0.50		1.89		2
1	1	50	314.85		4	4	4		4	1		4.00		5.43		2
1	1	51	324.13		3	3	3		3	1		0.50		2.27		2
1	1	52	329.92		3	4	4		4	1		4.00		5.77		2
1	1	53	339.20		2	2	2		2	1		0.50		2.35		2
1	1	54	344.98		2	1	1		1	1		0.50		1.97		2
1	1	55	350.76		1	1	1		1	1		1.00		2.43		2
1	1	56	357.05		3	3	3		3	1		1.00		2.87		2
1	1	57	363.33		1	1	1		1	1		0.50		2.01		2
1	1	58	369.11		4	4	4		4	1		1.00		2.79		2
1	1	59	375.39		4	4	4		4	1		0.50		1.80		2
1	1	60	381.18		4	4	4		4	1		1.00		2.78		2
1	1	61	387.46		2	1	1		1	1		0.50		2.89		2
1	1	62	393.24		1	1	1		1	1		1.00		2.38		2
1	1	63	399.52		2	1	1		1	1		1.00		2.54		2
1	1	64	405.81		3	3	3		3	1		4.00		6.12		2
1	1	65	415.09		2	2	2		2	1		0.50		2.24		2
1	1	66	420.87		3	3	3		3	1		0.50		2.47		2
1	1	67	426.65		1	1	1		1	1		0.50		2.08		2
1	1	68	432.43		1	1	1		1	1		0.50		1.97		2
1	1	69	438.22		1	2	2		2	1		0.50		2.02		2
1	1	70	444.00		3	3	3		3	1		0.50		2.13		2
1	1	71	449.78		1	2	2		2	1		1.00		2.86		2
1	1	72	456.06		3	3	3		3	1		1.00		2.90		2
1	1	73	462.35		2	1	1		1	1		4.00		5.48		2
1	1	74	471.63		1	1	1		1	1		0.50		1.83		2
1	1	75	477.41		2	2	2		2	1		1.00		2.48		2
1	1	76	483.69		3	3	3		3	1		0.50		2.39		2
1	1	77	489.48		1	1	1		NaN	NaN		1.00		NaN		2
1	1	78	495.76		3	3	3		3	1		1.00		3.58		2
1	1	79	502.04		4	4	4		4	1		0.50		2.09		2
1	1	80	507.82		4	4	4		4	1		0.50		2.16		2
1	1	81	513.61		4	4	4		4	1		1.00		2.87		2
1	1	82	519.89		2	2	2		2	1		4.00		5.57		2
1	1	83	529.17		4	4	4		4	1		0.50		2.01		2
1	1	84	534.95		2	1	1		1	1		0.50		2.08		2
1	1	85	540.74		2	2	2		2	1		0.50		2.07		2
1	1	86	546.52		4	3	3		3	1		1.00		2.47		2
1	1	87	552.80		3	4	4		4	1		0.50		1.90		2
1	1	88	558.58		3	3	3		3	1		1.00		2.50		2
1	1	89	564.86		2	1	1		1	1		0.50		1.73		2
1	1	90	570.65		4	4	4		4	1		1.00		2.71		2
1	1	91	576.93		3	3	3		3	1		0.50		2.14		2
1	1	92	582.71		1	2	2		NaN	NaN		0.50		NaN		2
1	1	93	588.49		1	2	2		2	1		4.00		5.59		2
1	1	94	597.78		2	1	1		1	1		0.50		2.05		2
1	1	95	603.56		2	1	1		1	1		1.00		2.41		2
1	1	96	609.84		3	3	3		3	1		0.50		1.91		2
1	1	97	615.62		3	3	3		3	1		0.50		2.16		2
1	1	98	621.41		3	3	3		3	1		4.00		5.69		2
1	1	99	630.69		4	4	4		4	1		0.50		2.17		2
1	1	100	636.47		4	4	4		4	1		1.00		2.47		2
1	2	101	684.85		3	3	3		3	1		0.50		2.70		2
1	2	102	691.63		1	2	2		2	1		4.00		5.90		2
1	2	103	701.91		3	4	4		4	1		0.50		2.38		2
1	2	104	708.69		4	4	4		4	1		1.00		2.67		2
1	2	105	715.98		1	2	2		2	1		0.50		3.12		2
1	2	106	722.76		4	4	4		4	1		1.00		2.73		2
1	2	107	730.04		1	1	1		1	1		1.00		4.05		2
1	2	108	737.32		2	1	1		1	1		0.50		3.47		2
1	2	109	744.10		1	1	1		1	1		0.50		3.72		2
1	2	110	750.89		4	3	3		3	1		4.00		5.73		2
1	2	111	761.17		1	2	2		2	1		1.00		2.82		2
1	2	112	768.45		1	1	1		1	1		1.00		3.65		2
1	2	113	775.73		3	3	3		3	1		1.00		2.68		2
1	2	114	783.02		2	2	2		2	1		1.00		3.18		2
1	2	115	790.30		3	3	3		3	1		0.50		2.55		2
1	2	116	797.08		4	4	4		4	1		0.50		2.57		2
1	2	117	803.86		1	1	1		1	1		0.50		2.15		2
1	2	118	810.64		4	3	3		3	1		1.00		2.90		2
1	2	119	817.93		3	3	3		3	1		4.00		5.55		2
1	2	120	828.21		4	4	4		4	1		0.50		2.10		2
1	2	121	834.99		4	4	4		4	1		0.50		2.28		2
1	2	122	841.77		1	2	2		2	1		1.00		3.13		2
1	2	123	849.06		3	3	3		3	1		1.00		2.83		2
1	2	124	856.34		1	2	2		2	1		0.50		3.15		2
1	2	125	863.12		4	4	4		4	1		0.50		2.10		2
1	2	126	869.90		4	3	3		3	1		1.00		2.73		2
1	2	127	877.18		2	1	1		1	1		1.00		3.27		2
1	2	128	884.47		3	4	4		3	0		0.50		1.88		2
1	2	129	891.25		3	3	3		3	1		1.00		2.78		2
1	2	130	898.53		1	1	1		2	0		4.00		6.23		2
1	2	131	908.81		2	2	2		2	1		0.50		2.75		2
1	2	132	915.59		1	1	1		1	1		1.00		2.83		2
1	2	133	922.88		3	3	3		3	1		0.50		2.43		2
1	2	134	929.66		4	4	4		4	1		0.50		2.27		2
1	2	135	936.44		3	3	3		3	1		0.50		2.37		2
1	2	136	943.22		3	3	3		3	1		0.50		2.53		2
1	2	137	950.01		1	2	2		2	1		1.00		3.35		2
1	2	138	957.29		4	4	4		4	1		0.50		2.48		2
1	2	139	964.07		4	4	4		4	1		0.50		2.82		2
1	2	140	970.85		4	4	4		4	1		4.00		5.63		2
1	2	141	981.14		3	3	3		3	1		1.00		3.98		2
1	2	142	988.42		3	3	3		3	1		0.50		2.25		2
1	2	143	995.20		4	4	4		4	1		0.50		2.12		2
1	2	144	1001.98		1	2	2		2	1		0.50		2.68		2
1	2	145	1008.76		2	2	2		2	1		0.50		3.20		2
1	2	146	1015.55		4	4	4		4	1		4.00		5.93		2
1	2	147	1025.83		4	4	4		4	1		1.00		2.58		2
1	2	148	1033.11		2	2	2		2	1		0.50		2.50		2
1	2	149	1039.89		2	2	2		2	1		1.00		3.52		2
1	2	150	1047.18		2	1	1		1	1		1.00		3.78		2
1	2	151	1054.46		2	1	1		2	0		1.00		3.77		2
1	2	152	1061.74		1	1	1		1	1		0.50		2.42		2
1	2	153	1068.52		4	4	4		4	1		1.00		2.52		2
1	2	154	1075.80		3	3	3		3	1		4.00		6.08		2
1	2	155	1086.09		2	2	2		2	1		4.00		7.37		2
1	2	156	1096.37		2	1	1		2	0		1.00		2.83		2
1	2	157	1103.65		4	4	4		4	1		1.00		2.58		2
1	2	158	1110.93		2	2	2		2	1		1.00		3.98		2
1	2	159	1118.21		2	1	1		1	1		0.50		4.20		2
1	2	160	1125.00		2	1	1		2	0		0.50		3.50		2
1	2	161	1131.78		1	2	2		2	1		0.50		2.30		2
1	2	162	1138.56		3	3	3		3	1		1.00		3.32		2
1	2	163	1145.84		3	4	4		4	1		0.50		2.30		2
1	2	164	1152.63		1	1	1		1	1		0.50		2.65		2
1	2	165	1159.41		3	3	3		3	1		0.50		2.70		2
1	2	166	1166.19		2	1	1		1	1		4.00		6.35		2
1	2	167	1176.47		1	2	2		2	1		0.50		3.10		2
1	2	168	1183.25		4	4	4		4	1		1.00		2.80		2
1	2	169	1190.54		2	1	1		1	1		0.50		3.60		2
1	2	170	1197.32		2	1	1		2	0		1.00		3.83		2
1	2	171	1204.60		3	4	4		4	1		0.50		2.07		2
1	2	172	1211.38		2	2	2		2	1		0.50		2.65		2
1	2	173	1218.17		4	3	3		3	1		1.00		3.12		2
1	2	174	1225.45		3	3	3		3	1		1.00		2.70		2
1	2	175	1232.73		1	1	1		1	1		0.50		4.15		2
1	2	176	1239.51		1	2	2		2	1		0.50		2.30		2
1	2	177	1246.29		1	1	1		1	1		0.50		2.53		2
1	2	178	1253.08		2	2	2		2	1		1.00		2.98		2
1	2	179	1260.36		3	3	3		3	1		0.50		2.28		2
1	2	180	1267.14		2	2	2		2	1		4.00		6.23		2
Block	Phase	Trial	RunningTime	Cue	Image	CorrResp	Resp	Accuracy	ISI	RT_from_CueOnset	ITI
2	1	1	0.52		2	2	2		2	1		1.00		3.13		2
2	1	2	6.80		2	2	2		2	1		1.00		2.39		2
2	1	3	13.08		3	3	3		3	1		0.50		2.12		2
2	1	4	18.86		1	1	1		1	1		1.00		2.87		2
2	1	5	25.15		2	2	2		2	1		1.00		2.77		2
2	1	6	31.43		2	2	2		2	1		4.00		5.42		2
2	1	7	40.71		3	3	3		4	0		1.00		2.63		2
2	1	8	46.99		2	1	1		1	1		0.50		2.32		2
2	1	9	52.78		1	1	1		1	1		0.50		2.22		2
2	1	10	58.56		4	4	4		4	1		0.50		2.35		2
2	1	11	64.34		3	4	4		4	1		0.50		1.94		2
2	1	12	70.12		1	1	1		1	1		0.50		2.30		2
2	1	13	75.91		2	2	2		2	1		0.50		1.98		2
2	1	14	81.69		3	3	3		3	1		0.50		2.84		2
2	1	15	87.47		4	3	3		3	1		0.50		1.94		2
2	1	16	93.25		4	4	4		4	1		0.50		2.07		2
2	1	17	99.03		3	3	3		3	1		4.00		5.61		2
2	1	18	108.32		3	3	3		3	1		1.00		2.69		2
2	1	19	114.60		4	3	3		3	1		0.50		2.04		2
2	1	20	120.38		3	4	4		3	0		1.00		2.76		2
2	1	21	126.66		4	4	4		4	1		1.00		2.63		2
2	1	22	132.95		4	3	3		3	1		1.00		2.87		2
2	1	23	139.23		4	4	4		4	1		0.50		2.68		2
2	1	24	145.01		1	1	1		1	1		0.50		2.33		2
2	1	25	150.79		1	2	2		2	1		0.50		2.50		2
2	1	26	156.58		3	3	3		3	1		0.50		2.26		2
2	1	27	162.36		2	1	1		1	1		1.00		2.76		2
2	1	28	168.64		1	1	1		1	1		0.50		2.20		2
2	1	29	174.42		4	3	3		3	1		0.50		2.33		2
2	1	30	180.21		1	2	2		1	0		0.50		2.19		2
2	1	31	185.99		4	4	4		4	1		1.00		2.97		2
2	1	32	192.27		3	3	3		3	1		0.50		2.48		2
2	1	33	198.05		4	4	4		4	1		1.00		2.53		2
2	1	34	204.34		3	3	3		3	1		1.00		3.11		2
2	1	35	210.62		1	1	1		1	1		4.00		5.86		2
2	1	36	219.90		3	3	3		3	1		1.00		2.39		2
2	1	37	226.18		1	2	2		2	1		1.00		2.60		2
2	1	38	232.47		1	2	2		2	1		1.00		3.49		2
2	1	39	238.75		1	1	1		1	1		1.00		2.82		2
2	1	40	245.03		2	2	2		2	1		1.00		2.48		2
2	1	41	251.31		1	1	1		1	1		0.50		2.16		2
2	1	42	257.09		4	4	4		4	1		0.50		2.10		2
2	1	43	262.88		2	2	2		2	1		0.50		1.97		2
2	1	44	268.66		4	3	3		3	1		0.50		3.03		2
2	1	45	274.44		3	4	4		4	1		0.50		0.66		2
2	1	46	280.22		4	3	3		3	1		0.50		2.35		2
2	1	47	286.01		4	4	4		4	1		4.00		5.68		2
2	1	48	295.29		2	1	1		1	1		1.00		2.91		2
2	1	49	301.57		2	1	1		1	1		0.50		2.14		2
2	1	50	307.35		3	4	4		4	1		0.50		1.94		2
2	1	51	313.14		2	2	2		2	1		1.00		2.59		2
2	1	52	319.42		4	3	3		3	1		1.00		2.95		2
2	1	53	325.70		4	4	4		NaN	NaN		0.50		NaN		2
2	1	54	331.48		3	3	3		3	1		0.50		2.00		2
2	1	55	337.27		2	1	1		1	1		0.50		2.23		2
2	1	56	343.05		1	1	1		1	1		4.00		5.67		2
2	1	57	352.33		4	4	4		3	0		4.00		5.25		2
2	1	58	361.61		2	2	2		2	1		4.00		5.56		2
2	1	59	370.89		1	1	1		1	1		1.00		2.44		2
2	1	60	377.18		2	1	1		1	1		1.00		2.72		2
2	1	61	383.46		1	1	1		1	1		1.00		2.87		2
2	1	62	389.74		2	1	1		1	1		0.50		2.34		2
2	1	63	395.52		1	2	2		2	1		4.00		6.20		2
2	1	64	404.81		3	4	4		NaN	NaN		0.50		NaN		2
2	1	65	410.59		2	1	1		1	1		4.00		5.78		2
2	1	66	419.87		1	1	1		1	1		0.50		2.15		2
2	1	67	425.65		3	4	4		4	1		1.00		2.71		2
2	1	68	431.93		1	1	1		1	1		0.50		2.19		2
2	1	69	437.70		1	1	1		1	1		0.50		2.55		2
2	1	70	443.48		1	2	2		2	1		1.00		2.48		2
2	1	71	449.77		3	4	4		4	1		1.00		2.76		2
2	1	72	456.05		2	2	2		2	1		0.50		2.43		2
2	1	73	461.83		2	2	2		2	1		0.50		2.17		2
2	1	74	467.61		4	3	3		3	1		4.00		6.16		2
2	1	75	476.89		4	4	4		4	1		1.00		2.47		2
2	1	76	483.18		3	4	4		4	1		0.50		2.33		2
2	1	77	488.96		2	2	2		2	1		0.50		2.08		2
2	1	78	494.74		1	1	1		1	1		0.50		2.60		2
2	1	79	500.52		2	2	2		2	1		0.50		2.66		2
2	1	80	506.31		3	4	4		4	1		0.50		2.26		2
2	1	81	512.09		2	2	2		2	1		0.50		2.09		2
2	1	82	517.87		1	1	1		1	1		1.00		2.67		2
2	1	83	524.15		4	4	4		4	1		1.00		3.69		2
2	1	84	530.44		3	4	4		4	1		4.00		5.42		2
2	1	85	539.72		3	3	3		3	1		1.00		3.33		2
2	1	86	546.00		1	1	1		1	1		0.50		2.38		2
2	1	87	551.78		3	3	3		3	1		1.00		2.91		2
2	1	88	558.07		4	3	3		3	1		1.00		2.86		2
2	1	89	564.35		2	2	2		2	1		0.50		2.27		2
2	1	90	570.13		1	2	2		2	1		0.50		2.09		2
2	1	91	575.91		3	3	3		3	1		0.50		2.51		2
2	1	92	581.70		2	2	2		2	1		1.00		2.50		2
2	1	93	587.98		4	3	3		3	1		1.00		2.96		2
2	1	94	594.26		4	4	4		4	1		1.00		2.66		2
2	1	95	600.54		3	3	3		3	1		0.50		2.17		2
2	1	96	606.33		1	1	1		1	1		1.00		2.85		2
2	1	97	612.61		4	4	4		4	1		1.00		3.71		2
2	1	98	618.89		4	4	4		4	1		0.50		2.76		2
2	1	99	624.67		3	3	3		3	1		4.00		5.48		2
2	1	100	633.95		2	2	2		2	1		0.50		2.88		2
2	2	101	644.77		1	2	2		2	1		0.50		2.25		2
2	2	102	651.55		2	2	2		1	0		4.00		7.00		2
2	2	103	661.83		1	2	2		2	1		0.50		2.38		2
2	2	104	668.62		2	2	2		NaN	0		1.00		NaN		2
2	2	105	675.90		1	1	1		1	1		0.50		2.05		2
2	2	106	682.68		3	3	3		3	1		0.50		2.87		2
2	2	107	689.46		2	1	1		1	1		1.00		2.85		2
2	2	108	696.74		2	1	1		1	1		0.50		2.27		2
2	2	109	703.53		2	2	2		2	1		0.50		2.28		2
2	2	110	710.31		3	4	4		4	1		1.00		3.22		2
2	2	111	717.59		3	4	4		4	1		0.50		2.53		2
2	2	112	724.37		2	2	2		2	1		0.50		2.38		2
2	2	113	731.16		3	4	4		4	1		0.50		2.73		2
2	2	114	737.92		3	4	4		3	0		1.00		4.28		2
2	2	115	745.20		2	2	2		2	1		1.00		3.02		2
2	2	116	752.49		1	2	2		2	1		1.00		3.62		2
2	2	117	759.77		2	2	2		1	0		0.50		2.72		2
2	2	118	766.55		2	1	1		1	1		0.50		2.68		2
2	2	119	773.33		2	2	2		2	1		1.00		3.00		2
2	2	120	780.62		4	4	4		4	1		0.50		2.63		2
2	2	121	787.40		1	1	1		2	0		1.00		2.80		2
2	2	122	794.68		3	3	3		3	1		1.00		2.97		2
2	2	123	801.96		4	4	4		4	1		1.00		3.30		2
2	2	124	809.24		4	3	3		3	1		0.50		2.55		2
2	2	125	816.03		2	1	1		1	1		0.50		2.43		2
2	2	126	822.81		1	1	1		1	1		0.50		2.47		2
2	2	127	829.59		2	2	2		1	0		0.50		2.32		2
2	2	128	836.37		3	3	3		3	1		4.00		6.20		2
2	2	129	846.66		1	1	1		1	1		4.00		6.27		2
2	2	130	856.94		4	4	4		4	1		1.00		3.25		2
2	2	131	864.22		3	3	3		3	1		0.50		3.43		2
2	2	132	871.00		4	4	4		3	0		1.00		4.15		2
2	2	133	878.28		3	3	3		4	0		0.50		2.35		2
2	2	134	885.07		1	1	1		1	1		0.50		2.38		2
2	2	135	891.85		3	3	3		3	1		0.50		4.05		2
2	2	136	898.63		4	3	3		3	1		1.00		3.02		2
2	2	137	905.91		2	1	1		1	1		1.00		3.05		2
2	2	138	913.20		4	3	3		3	1		1.00		3.48		2
2	2	139	920.48		1	1	1		1	1		1.00		3.13		2
2	2	140	927.76		3	4	4		NaN	0		0.50		NaN		2
2	2	141	934.54		1	2	2		2	1		0.50		2.12		2
2	2	142	941.32		3	3	3		4	0		0.50		2.60		2
2	2	143	948.11		2	2	2		2	1		4.00		6.60		2
2	2	144	958.39		1	2	2		2	1		4.00		5.50		2
2	2	145	968.67		1	1	1		1	1		0.50		2.53		2
2	2	146	975.45		4	4	4		3	0		4.00		5.85		2
2	2	147	985.73		3	4	4		3	0		1.00		4.05		2
2	2	148	993.02		4	3	3		3	1		0.50		3.05		2
2	2	149	999.80		3	3	3		4	0		1.00		3.28		2
2	2	150	1007.08		4	3	3		4	0		0.50		3.30		2
2	2	151	1013.86		4	4	4		4	1		1.00		3.37		2
2	2	152	1021.15		2	2	2		2	1		0.50		2.48		2
2	2	153	1027.93		4	3	3		4	0		0.50		3.73		2
2	2	154	1034.71		4	4	4		NaN	0		1.00		NaN		2
2	2	155	1041.99		4	4	4		4	1		0.50		2.47		2
2	2	156	1048.77		1	2	2		2	1		0.50		2.43		2
2	2	157	1055.56		4	3	3		4	0		4.00		6.97		2
2	2	158	1065.84		1	1	1		1	1		1.00		3.15		2
2	2	159	1073.12		2	1	1		1	1		1.00		2.70		2
2	2	160	1080.40		1	1	1		1	1		0.50		2.25		2
2	2	161	1087.19		4	3	3		3	1		1.00		3.13		2
2	2	162	1094.47		4	4	4		4	1		4.00		6.25		2
2	2	163	1104.75		4	4	4		4	1		1.00		4.02		2
2	2	164	1112.03		1	1	1		1	1		1.00		3.05		2
2	2	165	1119.31		3	3	3		3	1		0.50		2.75		2
2	2	166	1126.10		2	2	2		2	1		1.00		2.82		2
2	2	167	1133.38		2	1	1		2	0		4.00		5.67		2
2	2	168	1143.66		3	3	3		3	1		0.50		2.48		2
2	2	169	1150.44		1	1	1		1	1		0.50		3.18		2
2	2	170	1157.23		3	3	3		3	1		1.00		3.48		2
2	2	171	1164.51		3	4	4		4	1		4.00		7.02		2
2	2	172	1174.79		4	4	4		4	1		0.50		2.78		2
2	2	173	1181.57		3	4	4		4	1		0.50		2.35		2
2	2	174	1188.35		1	1	1		1	1		0.50		2.85		2
2	2	175	1195.14		4	4	4		4	1		0.50		2.83		2
2	2	176	1201.92		3	3	3		4	0		0.50		2.67		2
2	2	177	1208.70		2	2	2		2	1		1.00		3.03		2
2	2	178	1215.98		2	2	2		2	1		1.00		2.87		2
2	2	179	1223.27		1	1	1		1	1		0.50		2.53		2
2	2	180	1230.05		1	1	1		1	1		1.00		3.18		2
