*********************************************
* Combray
* Date/Time: 23-Apr-2015 16:54:46
* Seed: 215197.0801
* Subject Number: 25
* Subject Name: tw
*********************************************

Block	Phase	Trial	RunningTime	Cue	Image	CorrResp	Resp	Accuracy	ISI	RT_from_CueOnset	ITI
1	1	1	0.52		1	1	1		1	1		1.00		3.01		2
1	1	2	6.80		4	4	4		3	0		1.00		2.67		2
1	1	3	13.08		1	1	1		1	1		1.00		2.30		2
1	1	4	19.36		1	2	2		2	1		1.00		2.33		2
1	1	5	25.65		2	2	2		2	1		1.00		2.64		2
1	1	6	31.93		1	2	2		2	1		1.00		2.46		2
1	1	7	38.20		2	2	2		2	1		1.00		2.17		2
1	1	8	44.48		2	2	2		2	1		1.00		2.18		2
1	1	9	50.76		1	1	1		1	1		1.00		2.35		2
1	1	10	57.04		4	3	3		3	1		1.00		2.82		2
1	1	11	63.32		3	4	4		4	1		1.00		2.36		2
1	1	12	69.61		4	4	4		4	1		1.00		2.68		2
1	1	13	75.89		3	3	3		4	0		1.00		2.25		2
1	1	14	82.17		3	4	4		3	0		1.00		1.43		2
1	1	15	88.45		4	4	4		4	1		1.00		2.78		2
1	1	16	94.74		1	1	1		1	1		1.00		2.53		2
1	1	17	101.02		1	1	1		1	1		1.00		2.37		2
1	1	18	107.30		4	3	3		3	1		1.00		2.63		2
1	1	19	113.58		2	2	2		2	1		1.00		2.08		2
1	1	20	119.87		3	4	4		4	1		1.00		2.23		2
1	1	21	126.15		3	3	3		3	1		1.00		2.13		2
1	1	22	132.43		2	2	2		2	1		1.00		1.99		2
1	1	23	138.71		2	1	1		2	0		1.00		1.07		2
1	1	24	144.99		2	2	2		2	1		1.00		1.06		2
1	1	25	151.28		4	4	4		3	0		1.00		0.92		2
1	1	26	157.56		1	2	2		2	1		1.00		2.36		2
1	1	27	163.84		1	1	1		1	1		1.00		2.19		2
1	1	28	170.12		4	3	3		4	0		1.00		2.09		2
1	1	29	176.41		3	3	3		3	1		1.00		1.75		2
1	1	30	182.69		4	4	4		4	1		1.00		2.06		2
1	1	31	188.97		2	2	2		2	1		1.00		1.11		2
1	1	32	195.25		1	1	1		1	1		1.00		1.03		2
1	1	33	201.54		1	1	1		1	1		1.00		1.06		2
1	1	34	207.82		3	3	3		3	1		1.00		1.75		2
1	1	35	214.10		1	1	1		1	1		1.00		0.96		2
1	1	36	220.38		3	4	4		3	0		1.00		1.66		2
1	1	37	226.67		4	3	3		4	0		1.00		1.17		2
1	1	38	232.95		4	4	4		3	0		1.00		1.03		2
1	1	39	239.23		4	3	3		4	0		1.00		1.30		2
1	1	40	245.51		4	4	4		3	0		1.00		2.22		2
1	1	41	251.80		3	3	3		3	1		1.00		2.13		2
1	1	42	258.08		1	2	2		1	0		1.00		1.14		2
1	1	43	264.36		1	1	1		1	1		1.00		2.38		2
1	1	44	270.64		1	1	1		1	1		1.00		2.21		2
1	1	45	276.92		1	1	1		1	1		1.00		2.14		2
1	1	46	283.21		2	2	2		2	1		1.00		1.39		2
1	1	47	289.49		3	3	3		3	1		1.00		3.05		2
1	1	48	295.77		3	3	3		3	1		1.00		0.89		2
1	1	49	302.05		3	4	4		3	0		1.00		0.94		2
1	1	50	308.34		1	1	1		1	1		1.00		2.23		2
1	1	51	314.62		4	4	4		4	1		1.00		2.85		2
1	1	52	320.90		4	4	4		4	1		1.00		2.65		2
1	1	53	327.18		2	2	2		2	1		1.00		1.15		2
1	1	54	333.47		1	1	1		1	1		1.00		1.21		2
1	1	55	339.75		2	2	2		2	1		1.00		1.08		2
1	1	56	346.03		4	3	3		3	1		1.00		3.68		2
1	1	57	352.31		4	4	4		3	0		1.00		2.21		2
1	1	58	358.60		4	4	4		4	1		1.00		2.17		2
1	1	59	364.88		3	4	4		4	1		1.00		2.48		2
1	1	60	371.16		3	3	3		3	1		1.00		2.62		2
1	1	61	377.44		1	1	1		1	1		1.00		2.24		2
1	1	62	383.73		3	4	4		4	1		1.00		3.21		2
1	1	63	390.01		3	3	3		3	1		1.00		2.42		2
1	1	64	396.29		3	3	3		3	1		1.00		2.38		2
1	1	65	402.57		1	2	2		1	0		1.00		1.17		2
1	1	66	408.85		4	4	4		4	1		1.00		3.19		2
1	1	67	415.14		3	3	3		NaN	NaN		1.00		NaN		2
1	1	68	421.42		3	4	4		4	1		1.00		2.48		2
1	1	69	427.70		4	4	4		4	1		1.00		2.77		2
1	1	70	433.98		2	2	2		2	1		1.00		2.55		2
1	1	71	440.27		3	3	3		3	1		1.00		3.06		2
1	1	72	446.55		1	1	1		1	1		1.00		2.24		2
1	1	73	452.83		2	2	2		2	1		1.00		2.09		2
1	1	74	459.11		2	2	2		2	1		1.00		2.11		2
1	1	75	465.40		1	1	1		1	1		1.00		1.67		2
1	1	76	471.68		4	3	3		3	1		1.00		2.71		2
1	1	77	477.96		2	1	1		2	0		1.00		1.25		2
1	1	78	484.24		2	2	2		2	1		1.00		2.38		2
1	1	79	490.53		3	3	3		NaN	NaN		1.00		NaN		2
1	1	80	496.81		3	3	3		NaN	NaN		1.00		NaN		2
1	1	81	503.09		1	1	1		1	1		1.00		2.24		2
1	1	82	509.37		4	3	3		3	1		1.00		2.39		2
1	1	83	515.66		2	1	1		1	1		1.00		2.39		2
1	1	84	521.94		3	4	4		2	4		0.00		1.00		1
1	1	85	528.22		2	2	2		2	1		1.00		2.43		2
1	1	86	534.50		2	1	1		1	1		1.00		2.25		2
1	1	87	540.79		2	2	2		2	1		1.00		2.50		2
1	1	88	547.07		4	3	3		3	1		1.00		2.74		2
1	1	89	553.35		2	2	2		2	1		1.00		2.61		2
1	1	90	559.63		1	1	1		1	1		1.00		2.38		2
1	1	91	565.91		4	4	4		4	1		1.00		2.79		2
1	1	92	572.20		3	3	3		3	1		1.00		2.60		2
1	1	93	578.48		4	3	3		3	1		1.00		2.53		2
1	1	94	584.76		2	2	2		2	1		1.00		2.76		2
1	1	95	591.04		2	2	2		2	1		1.00		2.64		2
1	1	96	597.33		2	1	1		1	1		1.00		2.44		2
1	1	97	603.61		1	1	1		1	1		1.00		2.40		2
1	1	98	609.89		2	2	2		2	1		1.00		2.34		2
1	1	99	616.17		3	4	4		4	1		1.00		2.66		2
1	1	100	622.46		4	4	4		4	1		1.00		2.63		2
1	2	101	680.13		4	3	3		4	0		8.00		10.52		2
1	2	102	694.41		3	4	4		4	1		6.00		7.78		2
1	2	103	706.69		2	1	1		2	0		8.00		9.63		2
1	2	104	720.97		2	2	2		2	1		6.00		1.07		2
1	2	105	733.26		4	4	4		3	0		8.00		2.06		2
1	2	106	747.54		2	2	2		2	1		6.00		1.10		2
1	2	107	759.82		3	3	3		3	1		8.00		9.93		2
1	2	108	774.10		2	1	1		2	0		10.00		1.13		2
1	2	109	790.38		2	2	2		2	1		10.00		1.14		2
1	2	110	806.66		1	1	1		1	1		8.00		1.21		2
1	2	111	820.94		2	2	2		2	1		6.00		1.94		2
1	2	112	833.22		1	1	1		1	1		6.00		1.02		2
1	2	113	845.51		2	2	2		2	1		10.00		0.89		2
1	2	114	861.79		3	3	3		3	1		8.00		3.17		2
1	2	115	876.07		2	2	2		2	1		6.00		1.02		2
1	2	116	888.35		1	2	2		1	0		8.00		1.04		2
1	2	117	902.63		3	4	4		4	1		8.00		10.10		2
1	2	118	916.91		2	2	2		2	1		8.00		1.32		2
1	2	119	931.19		3	3	3		3	1		6.00		1.70		2
1	2	120	943.47		3	3	3		3	1		6.00		8.02		2
1	2	121	955.76		4	4	4		4	1		6.00		7.78		2
1	2	122	968.04		3	3	3		3	1		10.00		1.67		2
1	2	123	984.32		3	4	4		4	1		10.00		2.50		2
1	2	124	1000.60		1	1	1		1	1		6.00		1.07		2
1	2	125	1012.88		2	2	2		2	1		6.00		1.23		2
1	2	126	1025.16		3	4	4		3	0		8.00		9.80		2
1	2	127	1039.44		1	1	1		1	1		10.00		11.57		2
1	2	128	1055.72		4	3	3		3	1		10.00		12.08		2
1	2	129	1072.00		2	2	2		2	1		10.00		1.97		2
1	2	130	1088.29		4	3	3		3	1		6.00		8.08		2
1	2	131	1100.57		1	2	2		1	0		10.00		1.02		2
1	2	132	1116.85		4	3	3		3	1		6.00		2.73		2
1	2	133	1129.13		1	1	1		1	1		6.00		8.03		2
1	2	134	1141.41		3	3	3		4	0		8.00		1.81		2
1	2	135	1155.69		4	4	4		3	0		6.00		2.39		2
1	2	136	1167.97		4	3	3		3	1		6.00		8.82		2
1	2	137	1180.25		4	4	4		4	1		10.00		12.08		2
1	2	138	1196.54		4	4	4		4	1		8.00		10.05		2
1	2	139	1210.82		3	4	4		4	1		8.00		2.09		2
1	2	140	1225.10		3	4	4		4	1		6.00		7.70		2
1	2	141	1237.38		2	2	2		2	1		8.00		1.85		2
1	2	142	1251.66		3	4	4		4	1		10.00		1.05		2
1	2	143	1267.94		4	3	3		3	1		8.00		10.53		2
1	2	144	1282.22		1	1	1		1	1		10.00		12.42		2
1	2	145	1298.50		1	1	1		1	1		8.00		0.98		2
1	2	146	1312.79		1	2	2		1	0		8.00		0.80		2
1	2	147	1327.07		1	1	1		1	1		8.00		0.75		2
1	2	148	1341.35		4	3	3		3	1		8.00		9.68		2
1	2	149	1355.63		1	1	1		1	1		10.00		1.00		2
1	2	150	1371.91		1	1	1		1	1		10.00		0.85		2
1	2	151	1388.19		3	3	3		4	0		10.00		3.79		2
1	2	152	1404.47		2	2	2		2	1		10.00		1.46		2
1	2	153	1420.75		1	1	1		1	1		6.00		0.88		2
1	2	154	1433.03		1	1	1		1	1		10.00		1.01		2
1	2	155	1449.31		4	4	4		3	0		8.00		2.49		2
1	2	156	1463.60		2	1	1		2	0		10.00		3.67		2
1	2	157	1479.88		2	2	2		2	1		8.00		1.49		2
1	2	158	1494.16		3	3	3		4	0		10.00		1.35		2
1	2	159	1510.44		2	2	2		2	1		8.00		1.47		2
1	2	160	1524.72		4	4	4		3	0		10.00		2.11		2
1	2	161	1541.00		4	3	3		3	1		10.00		12.72		2
1	2	162	1557.28		4	4	4		3	0		10.00		8.16		2
1	2	163	1573.56		1	1	1		1	1		8.00		1.01		2
1	2	164	1587.84		3	4	4		4	1		10.00		1.24		2
1	2	165	1604.12		2	2	2		2	1		8.00		1.58		2
1	2	166	1618.41		1	1	1		1	1		8.00		1.03		2
1	2	167	1632.69		3	3	3		4	0		6.00		1.40		2
1	2	168	1644.97		2	2	2		2	1		10.00		1.14		2
1	2	169	1661.25		1	2	2		1	0		6.00		1.12		2
1	2	170	1673.53		3	3	3		3	1		6.00		7.95		2
1	2	171	1685.81		1	1	1		1	1		6.00		1.20		2
1	2	172	1698.09		4	4	4		4	1		6.00		8.58		2
1	2	173	1710.38		3	3	3		3	1		8.00		1.91		2
1	2	174	1724.66		2	2	2		2	1		6.00		1.62		2
1	2	175	1736.94		1	1	1		1	1		6.00		1.21		2
1	2	176	1749.22		4	4	4		4	1		8.00		10.22		2
1	2	177	1763.50		4	4	4		4	1		8.00		1.03		2
1	2	178	1777.78		2	1	1		2	0		6.00		1.43		2
1	2	179	1790.06		4	4	4		4	1		10.00		1.47		2
1	2	180	1806.34		3	3	3		3	1		10.00		1.35		2
Block	Phase	Trial	RunningTime	Cue	Image	CorrResp	Resp	Accuracy	ISI	RT_from_CueOnset	ITI
2	1	1	0.52		1	1	1		1	1		1.00		2.31		2
2	1	2	6.80		2	2	2		2	1		1.00		2.35		2
2	1	3	13.08		1	2	2		2	1		1.00		2.13		2
2	1	4	19.36		2	2	2		2	1		1.00		2.45		2
2	1	5	25.65		1	2	2		2	1		1.00		2.04		2
2	1	6	31.93		4	4	4		4	1		1.00		2.74		2
2	1	7	38.21		4	4	4		4	1		1.00		1.15		2
2	1	8	44.49		1	1	1		1	1		1.00		2.16		2
2	1	9	50.78		2	1	1		1	1		1.00		2.36		2
2	1	10	57.06		1	2	2		1	0		1.00		0.87		2
2	1	11	63.34		3	4	4		4	1		1.00		2.56		2
2	1	12	69.62		3	3	3		3	1		1.00		2.48		2
2	1	13	75.91		1	2	2		2	1		1.00		2.32		2
2	1	14	82.19		2	2	2		2	1		1.00		2.08		2
2	1	15	88.47		3	4	4		3	0		1.00		2.24		2
2	1	16	94.75		2	1	1		1	1		1.00		2.34		2
2	1	17	101.03		1	1	1		1	1		1.00		2.44		2
2	1	18	107.32		1	2	2		2	1		1.00		2.35		2
2	1	19	113.60		3	3	3		3	1		1.00		1.59		2
2	1	20	119.88		2	1	1		2	0		1.00		1.75		2
2	1	21	126.16		4	4	4		4	1		1.00		1.25		2
2	1	22	132.45		2	1	1		1	1		1.00		2.34		2
2	1	23	138.73		3	3	3		3	1		1.00		1.75		2
2	1	24	145.01		4	4	4		4	1		1.00		1.02		2
2	1	25	151.29		3	3	3		3	1		1.00		2.58		2
2	1	26	157.58		1	1	1		1	1		1.00		2.75		2
2	1	27	163.86		1	1	1		1	1		1.00		2.66		2
2	1	28	170.14		3	4	4		4	1		1.00		2.82		2
2	1	29	176.42		3	4	4		NaN	NaN		1.00		NaN		2
2	1	30	182.71		4	3	3		4	0		1.00		1.13		2
2	1	31	188.99		4	4	4		4	1		1.00		0.87		2
2	1	32	195.27		2	1	1		1	1		1.00		2.23		2
2	1	33	201.55		4	4	4		4	1		1.00		1.28		2
2	1	34	207.84		3	3	3		3	1		1.00		1.44		2
2	1	35	214.12		1	1	1		1	1		1.00		2.40		2
2	1	36	220.40		4	4	4		4	1		1.00		1.62		2
2	1	37	226.68		4	4	4		4	1		1.00		0.86		2
2	1	38	232.96		3	3	3		3	1		1.00		2.60		2
2	1	39	239.25		3	4	4		3	0		1.00		0.86		2
2	1	40	245.53		2	1	1		1	1		1.00		2.54		2
2	1	41	251.81		1	1	1		2	0		1.00		1.53		2
2	1	42	258.09		2	1	1		1	1		1.00		2.31		2
2	1	43	264.38		1	1	1		1	1		1.00		2.66		2
2	1	44	270.66		4	4	4		4	1		1.00		1.56		2
2	1	45	276.94		2	2	2		2	1		1.00		3.09		2
2	1	46	283.22		4	3	3		4	0		1.00		0.95		2
2	1	47	289.51		2	2	2		2	1		1.00		2.54		2
2	1	48	295.79		1	1	1		1	1		1.00		2.47		2
2	1	49	302.07		2	1	1		1	1		1.00		2.48		2
2	1	50	308.35		3	3	3		3	1		1.00		2.39		2
2	1	51	314.62		1	2	2		2	1		1.00		2.35		2
2	1	52	320.90		4	4	4		4	1		1.00		1.07		2
2	1	53	327.18		1	2	2		2	1		1.00		2.62		2
2	1	54	333.47		4	3	3		4	0		1.00		0.92		2
2	1	55	339.75		2	2	2		2	1		1.00		2.43		2
2	1	56	346.03		3	3	3		3	1		1.00		2.64		2
2	1	57	352.31		2	2	2		2	1		1.00		2.71		2
2	1	58	358.60		3	3	3		3	1		1.00		1.08		2
2	1	59	364.88		4	3	3		4	0		1.00		1.16		2
2	1	60	371.16		4	4	4		3	0		1.00		0.90		2
2	1	61	377.44		1	2	2		2	1		1.00		2.44		2
2	1	62	383.73		1	1	1		1	1		1.00		2.46		2
2	1	63	390.01		4	4	4		4	1		1.00		2.45		2
2	1	64	396.29		3	3	3		3	1		1.00		1.06		2
2	1	65	402.57		2	1	1		1	1		1.00		2.35		2
2	1	66	408.85		1	2	2		2	1		1.00		2.67		2
2	1	67	415.14		4	3	3		3	1		1.00		2.58		2
2	1	68	421.42		2	2	2		2	1		1.00		2.51		2
2	1	69	427.70		3	4	4		3	0		1.00		0.95		2
2	1	70	433.98		1	2	2		2	1		1.00		2.51		2
2	1	71	440.27		4	3	3		3	1		1.00		2.86		2
2	1	72	446.55		4	3	3		3	1		1.00		2.44		2
2	1	73	452.83		4	4	4		3	0		1.00		2.46		2
2	1	74	459.11		2	2	2		2	1		1.00		2.47		2
2	1	75	465.40		4	3	3		3	1		1.00		2.97		2
2	1	76	471.68		4	4	4		4	1		1.00		2.48		2
2	1	77	477.96		2	2	2		2	1		1.00		2.54		2
2	1	78	484.24		1	1	1		1	1		1.00		2.43		2
2	1	79	490.53		3	3	3		3	1		1.00		1.35		2
2	1	80	496.81		3	3	3		3	1		1.00		1.34		2
2	1	81	503.09		3	4	4		3	0		1.00		0.99		2
2	1	82	509.37		2	1	1		1	1		1.00		2.33		2
2	1	83	515.66		1	1	1		1	1		1.00		2.39		2
2	1	84	521.94		1	1	1		1	1		1.00		2.40		2
2	1	85	528.22		3	3	3		3	1		1.00		2.30		2
2	1	86	534.50		2	1	1		1	1		1.00		2.58		2
2	1	87	540.79		3	3	3		3	1		1.00		2.17		2
2	1	88	547.07		3	3	3		3	1		1.00		1.01		2
2	1	89	553.35		1	2	2		2	1		1.00		2.65		2
2	1	90	559.63		3	3	3		3	1		1.00		2.27		2
2	1	91	565.91		4	4	4		4	1		1.00		2.42		2
2	1	92	572.20		4	4	4		4	1		1.00		0.87		2
2	1	93	578.48		3	3	3		3	1		1.00		2.15		2
2	1	94	584.76		2	1	1		1	1		1.00		2.29		2
2	1	95	591.04		3	3	3		3	1		1.00		1.15		2
2	1	96	597.33		1	2	2		2	1		1.00		1.50		2
2	1	97	603.61		2	2	2		1	0		1.00		0.68		2
2	1	98	609.89		4	4	4		4	1		1.00		1.26		2
2	1	99	616.17		2	1	1		1	1		1.00		2.35		2
2	1	100	622.46		2	2	2		1	0		1.00		1.56		2
2	2	101	643.84		3	3	3		3	1		10.00		6.58		2
2	2	102	660.12		3	3	3		3	1		8.00		1.07		2
2	2	103	674.40		4	3	3		4	0		6.00		1.12		2
2	2	104	686.68		1	1	1		2	0		6.00		1.44		2
2	2	105	698.96		3	3	3		3	1		8.00		1.27		2
2	2	106	713.24		2	2	2		2	1		10.00		11.88		2
2	2	107	729.52		1	2	2		1	0		8.00		10.70		2
2	2	108	743.80		3	3	3		3	1		10.00		2.24		2
2	2	109	760.09		2	1	1		1	1		10.00		11.95		2
2	2	110	776.37		2	2	2		2	1		6.00		7.52		2
2	2	111	788.65		3	4	4		3	0		6.00		1.65		2
2	2	112	800.93		4	4	4		4	1		6.00		8.35		2
2	2	113	813.21		1	2	2		2	1		8.00		9.93		2
2	2	114	827.49		4	4	4		4	1		6.00		3.04		2
2	2	115	839.77		4	3	3		4	0		8.00		1.39		2
2	2	116	854.05		3	3	3		3	1		6.00		1.74		2
2	2	117	866.34		3	4	4		4	1		10.00		12.75		2
2	2	118	882.62		1	2	2		2	1		6.00		8.17		2
2	2	119	894.90		4	3	3		4	0		10.00		4.24		2
2	2	120	911.18		1	2	2		2	1		10.00		12.08		2
2	2	121	927.46		3	3	3		3	1		6.00		2.67		2
2	2	122	939.74		3	3	3		4	0		6.00		2.16		2
2	2	123	952.02		4	4	4		4	1		8.00		9.92		2
2	2	124	966.30		2	2	2		2	1		6.00		7.95		2
2	2	125	978.59		4	4	4		4	1		8.00		9.68		2
2	2	126	992.87		4	4	4		4	1		6.00		7.52		2
2	2	127	1005.15		1	1	1		1	1		8.00		10.17		2
2	2	128	1019.43		2	2	2		2	1		6.00		8.05		2
2	2	129	1031.71		4	4	4		4	1		10.00		11.90		2
2	2	130	1047.99		1	1	1		1	1		6.00		7.92		2
2	2	131	1060.27		2	2	2		2	1		10.00		12.88		2
2	2	132	1076.55		4	4	4		4	1		10.00		12.20		2
2	2	133	1092.84		4	4	4		4	1		8.00		9.62		2
2	2	134	1107.12		3	3	3		4	0		8.00		9.88		2
2	2	135	1121.40		3	4	4		3	0		10.00		11.93		2
2	2	136	1137.68		4	3	3		4	0		8.00		1.26		2
2	2	137	1151.96		1	1	1		1	1		10.00		11.80		2
2	2	138	1168.24		3	3	3		3	1		10.00		12.13		2
2	2	139	1184.52		2	1	1		1	1		6.00		8.25		2
2	2	140	1196.80		2	2	2		2	1		6.00		8.35		2
2	2	141	1209.08		2	2	2		2	1		8.00		10.25		2
2	2	142	1223.37		3	4	4		4	1		8.00		10.07		2
2	2	143	1237.65		1	2	2		2	1		6.00		7.97		2
2	2	144	1249.93		3	3	3		4	0		8.00		9.78		2
2	2	145	1264.21		2	1	1		1	1		8.00		9.65		2
2	2	146	1278.49		1	2	2		2	1		6.00		7.88		2
2	2	147	1290.77		3	4	4		4	1		8.00		9.85		2
2	2	148	1305.05		2	1	1		1	1		6.00		7.72		2
2	2	149	1317.34		2	2	2		2	1		8.00		10.15		2
2	2	150	1331.62		2	1	1		1	1		8.00		9.78		2
2	2	151	1345.90		1	1	1		1	1		8.00		10.07		2
2	2	152	1360.18		4	4	4		4	1		8.00		9.73		2
2	2	153	1374.46		2	1	1		1	1		6.00		7.92		2
2	2	154	1386.74		4	4	4		4	1		6.00		7.75		2
2	2	155	1399.02		3	3	3		4	0		8.00		10.22		2
2	2	156	1413.30		2	1	1		1	1		10.00		11.58		2
2	2	157	1429.58		4	3	3		3	1		6.00		7.92		2
2	2	158	1441.87		2	1	1		1	1		10.00		11.58		2
2	2	159	1458.15		4	4	4		4	1		10.00		12.12		2
2	2	160	1474.43		2	1	1		1	1		10.00		11.87		2
2	2	161	1490.71		1	1	1		1	1		6.00		7.72		2
2	2	162	1502.99		4	3	3		4	0		10.00		0.88		2
2	2	163	1519.27		3	3	3		3	1		6.00		1.06		2
2	2	164	1531.55		1	1	1		2	0		10.00		11.53		2
2	2	165	1547.83		1	1	1		1	1		8.00		9.90		2
2	2	166	1562.11		1	2	2		2	1		8.00		2.06		2
2	2	167	1576.40		3	3	3		3	1		10.00		2.19		2
2	2	168	1592.68		2	2	2		2	1		10.00		12.02		2
2	2	169	1608.96		3	3	3		4	0		10.00		11.63		2
2	2	170	1625.24		4	4	4		4	1		10.00		2.28		2
2	2	171	1641.52		1	2	2		2	1		10.00		11.91		2
2	2	172	1657.80		2	1	1		1	1		8.00		9.65		2
2	2	173	1672.08		1	1	1		1	1		6.00		7.88		2
2	2	174	1684.36		1	1	1		2	0		10.00		2.69		2
2	2	175	1700.64		4	4	4		4	1		10.00		3.25		2
2	2	176	1716.92		1	2	2		1	0		8.00		10.13		2
2	2	177	1731.21		3	4	4		3	0		6.00		1.93		2
2	2	178	1743.49		2	2	2		2	1		8.00		9.85		2
2	2	179	1757.77		1	2	2		2	1		10.00		12.28		2
2	2	180	1774.05		4	3	3		3	1		6.00		7.87		2
