*********************************************
* Combray
* Date/Time: 13-Jan-2015 16:27:59
* Seed: 212719.1879
* Subject Number: 08
* Subject Name: trd
*********************************************

Block	Phase	Trial	RunningTime	Cue	Image	CorrResp	Resp	Accuracy	ISI	RT_from_CueOnset	ITI
1	1	1	0.52		4	4	4		4	1		0.50		2.22		2
1	1	2	6.30		2	2	2		2	1		1.00		2.49		2
1	1	3	12.58		1	2	2		2	1		1.00		2.47		2
1	1	4	18.86		4	4	4		4	1		0.50		1.70		2
1	1	5	24.65		3	3	3		3	1		1.00		2.41		2
1	1	6	30.93		4	3	3		4	0		0.50		1.13		2
1	1	7	36.71		3	3	3		3	1		0.50		1.81		2
1	1	8	42.49		3	3	3		3	1		0.50		1.09		2
1	1	9	48.28		3	3	3		3	1		4.00		0.92		2
1	1	10	57.56		4	3	3		4	0		1.00		0.93		2
1	1	11	63.84		4	4	4		4	1		0.50		1.94		2
1	1	12	69.62		1	2	2		2	1		0.50		1.25		2
1	1	13	75.41		3	4	4		3	0		0.50		1.20		2
1	1	14	81.19		1	1	1		2	0		1.00		1.52		2
1	1	15	87.47		1	1	1		1	1		1.00		2.17		2
1	1	16	93.75		1	1	1		2	0		4.00		4.50		2
1	1	17	103.03		4	3	3		4	0		1.00		1.55		2
1	1	18	109.32		4	4	4		4	1		1.00		2.50		2
1	1	19	115.60		1	1	1		1	1		0.50		1.90		2
1	1	20	121.38		3	4	4		4	1		1.00		3.21		2
1	1	21	127.66		1	1	1		1	1		0.50		1.87		2
1	1	22	133.45		2	1	1		1	1		1.00		2.41		2
1	1	23	139.73		2	1	1		1	1		0.50		1.72		2
1	1	24	145.51		4	3	3		3	1		0.50		1.96		2
1	1	25	151.29		1	1	1		1	1		0.50		1.85		2
1	1	26	157.08		2	1	1		1	1		0.50		1.98		2
1	1	27	162.86		2	2	2		2	1		0.50		2.19		2
1	1	28	168.64		2	2	2		2	1		0.50		2.20		2
1	1	29	174.42		4	4	4		4	1		1.00		2.38		2
1	1	30	180.71		4	4	4		4	1		4.00		5.42		2
1	1	31	189.99		4	4	4		4	1		1.00		2.43		2
1	1	32	196.27		1	1	1		1	1		1.00		2.49		2
1	1	33	202.55		4	4	4		4	1		1.00		2.36		2
1	1	34	208.84		3	3	3		3	1		0.50		1.78		2
1	1	35	214.62		2	2	2		2	1		1.00		2.43		2
1	1	36	220.90		3	3	3		3	1		1.00		2.54		2
1	1	37	227.18		2	2	2		1	0		1.00		2.38		2
1	1	38	233.46		4	4	4		4	1		1.00		2.16		2
1	1	39	239.75		3	4	4		4	1		0.50		2.00		2
1	1	40	245.53		2	2	2		2	1		1.00		1.10		2
1	1	41	251.81		2	2	2		2	1		4.00		0.81		2
1	1	42	261.09		3	3	3		4	0		1.00		0.97		2
1	1	43	267.38		3	4	4		4	1		0.50		1.99		2
1	1	44	273.16		3	3	3		4	0		1.00		1.10		2
1	1	45	279.44		4	4	4		4	1		0.50		1.87		2
1	1	46	285.22		1	1	1		1	1		0.50		2.17		2
1	1	47	291.01		1	1	1		1	1		4.00		1.39		2
1	1	48	300.29		3	3	3		3	1		1.00		2.48		2
1	1	49	306.57		1	1	1		1	1		0.50		1.14		2
1	1	50	312.35		2	2	2		2	1		0.50		1.25		2
1	1	51	318.14		1	1	1		2	0		0.50		0.99		2
1	1	52	323.92		2	2	2		2	1		0.50		1.23		2
1	1	53	329.70		4	4	4		4	1		0.50		1.23		2
1	1	54	335.48		1	2	2		1	0		1.00		1.08		2
1	1	55	341.76		1	1	1		1	1		0.50		1.04		2
1	1	56	347.55		4	3	3		3	1		4.00		1.35		2
1	1	57	356.83		2	2	2		2	1		1.00		1.34		2
1	1	58	363.11		2	2	2		2	1		0.50		1.06		2
1	1	59	368.89		3	3	3		3	1		0.50		1.43		2
1	1	60	374.68		2	2	2		2	1		0.50		0.84		2
1	1	61	380.46		2	2	2		2	1		0.50		0.78		2
1	1	62	386.24		1	2	2		1	0		1.00		0.50		2
1	1	63	392.52		1	1	1		1	1		1.00		0.37		2
1	1	64	398.81		3	3	3		3	1		0.50		0.83		2
1	1	65	404.59		3	4	4		3	0		0.50		1.01		2
1	1	66	410.37		1	1	1		2	0		1.00		1.44		2
1	1	67	416.65		3	4	4		3	0		0.50		1.44		2
1	1	68	422.44		3	3	3		4	0		0.50		0.54		2
1	1	69	428.22		3	3	3		3	1		0.50		1.25		2
1	1	70	434.00		3	4	4		4	1		1.00		1.14		2
1	1	71	440.28		1	1	1		2	0		0.50		0.92		2
1	1	72	446.07		1	1	1		1	1		0.50		0.74		2
1	1	73	451.85		4	3	3		4	0		1.00		0.90		2
1	1	74	458.13		4	4	4		4	1		4.00		1.00		2
1	1	75	467.41		3	3	3		4	0		4.00		3.16		2
1	1	76	476.69		1	2	2		2	1		0.50		1.08		2
1	1	77	482.48		2	1	1		2	0		0.50		1.25		2
1	1	78	488.26		2	1	1		2	0		0.50		1.04		2
1	1	79	494.04		1	2	2		2	1		0.50		1.14		2
1	1	80	499.82		4	3	3		3	1		0.50		1.40		2
1	1	81	505.61		2	1	1		1	1		1.00		2.40		2
1	1	82	511.89		2	2	2		2	1		0.50		0.80		2
1	1	83	517.67		4	3	3		3	1		0.50		1.01		2
1	1	84	523.45		1	2	2		1	0		4.00		4.75		2
1	1	85	532.74		3	4	4		3	0		1.00		1.47		2
1	1	86	539.02		2	1	1		2	0		1.00		1.11		2
1	1	87	545.30		1	1	1		2	0		0.50		1.21		2
1	1	88	551.08		4	3	3		4	0		0.50		1.09		2
1	1	89	556.87		2	2	2		2	1		4.00		3.30		2
1	1	90	566.15		4	3	3		3	1		1.00		1.29		2
1	1	91	572.43		2	2	2		2	1		0.50		1.11		2
1	1	92	578.21		4	4	4		4	1		1.00		1.21		2
1	1	93	584.49		3	3	3		3	1		1.00		2.52		2
1	1	94	590.78		4	4	4		3	0		0.50		0.66		2
1	1	95	596.56		2	2	2		2	1		1.00		0.98		2
1	1	96	602.84		1	1	1		1	1		1.00		0.96		2
1	1	97	609.12		4	4	4		4	1		1.00		1.08		2
1	1	98	615.41		2	1	1		2	0		4.00		0.67		2
1	1	99	624.69		3	4	4		4	1		4.00		1.25		2
1	1	100	633.97		3	4	4		3	0		0.50		1.25		2
1	2	101	662.97		3	3	3		3	1		0.50		2.45		2
1	2	102	669.75		2	2	2		2	1		4.00		0.82		2
1	2	103	680.03		4	4	4		4	1		0.50		1.90		2
1	2	104	686.81		2	2	2		2	1		1.00		0.99		2
1	2	105	694.09		2	2	2		2	1		1.00		2.38		2
1	2	106	701.38		1	1	1		1	1		0.50		1.02		2
1	2	107	708.16		3	4	4		3	0		0.50		1.06		2
1	2	108	714.94		4	4	4		3	0		0.50		1.13		2
1	2	109	721.72		3	3	3		3	1		0.50		2.72		2
1	2	110	728.51		3	3	3		3	1		0.50		2.83		2
1	2	111	735.29		1	1	1		1	1		0.50		1.95		2
1	2	112	742.07		3	3	3		4	0		1.00		0.91		2
1	2	113	749.35		2	1	1		2	0		0.50		1.02		2
1	2	114	756.14		3	4	4		4	1		1.00		2.33		2
1	2	115	763.42		4	3	3		3	1		1.00		2.28		2
1	2	116	770.70		2	1	1		2	0		1.00		0.85		2
1	2	117	777.98		2	2	2		2	1		4.00		0.82		2
1	2	118	788.26		2	2	2		2	1		1.00		1.00		2
1	2	119	795.55		1	1	1		1	1		0.50		1.16		2
1	2	120	802.33		1	1	1		1	1		0.50		0.77		2
1	2	121	809.11		3	3	3		3	1		0.50		2.12		2
1	2	122	815.89		4	3	3		4	0		0.50		0.80		2
1	2	123	822.68		4	4	4		4	1		1.00		0.72		2
1	2	124	829.96		2	2	2		2	1		1.00		0.79		2
1	2	125	837.24		1	2	2		1	0		1.00		2.05		2
1	2	126	844.52		4	4	4		4	1		4.00		5.80		2
1	2	127	854.80		4	4	4		4	1		1.00		1.12		2
1	2	128	862.09		3	3	3		3	1		0.50		2.00		2
1	2	129	868.87		1	1	1		1	1		0.50		1.00		2
1	2	130	875.65		2	1	1		1	1		1.00		3.15		2
1	2	131	882.93		3	4	4		4	1		0.50		2.22		2
1	2	132	889.72		3	3	3		3	1		0.50		2.40		2
1	2	133	896.50		4	4	4		4	1		1.00		2.97		2
1	2	134	903.78		2	2	2		2	1		1.00		1.93		2
1	2	135	911.06		1	2	2		1	0		0.50		1.25		2
1	2	136	917.84		2	2	2		1	0		0.50		1.25		2
1	2	137	924.63		2	2	2		1	0		0.50		1.16		2
1	2	138	931.41		1	1	1		1	1		0.50		0.93		2
1	2	139	938.19		1	1	1		1	1		1.00		0.78		2
1	2	140	945.47		3	3	3		4	0		0.50		1.14		2
1	2	141	952.26		1	1	1		1	1		1.00		1.27		2
1	2	142	959.54		3	4	4		4	1		0.50		0.78		2
1	2	143	966.32		4	3	3		3	1		0.50		1.70		2
1	2	144	973.10		3	3	3		4	0		0.50		3.60		2
1	2	145	979.89		3	4	4		4	1		1.00		3.87		2
1	2	146	987.17		4	4	4		4	1		1.00		2.73		2
1	2	147	994.45		1	1	1		1	1		1.00		0.93		2
1	2	148	1001.73		2	1	1		2	0		4.00		2.70		2
1	2	149	1012.01		4	3	3		3	1		1.00		3.22		2
1	2	150	1019.30		1	2	2		2	1		0.50		2.75		2
1	2	151	1026.08		1	2	2		1	0		0.50		0.68		2
1	2	152	1032.86		2	2	2		2	1		0.50		0.40		2
1	2	153	1039.64		1	1	1		2	0		1.00		1.21		2
1	2	154	1046.92		1	1	1		1	1		0.50		2.25		2
1	2	155	1053.71		1	2	2		2	1		4.00		5.78		2
1	2	156	1063.99		2	1	1		2	0		0.50		1.58		2
1	2	157	1070.77		2	1	1		2	0		0.50		1.50		2
1	2	158	1077.55		4	3	3		3	1		0.50		1.40		2
1	2	159	1084.34		4	4	4		3	0		1.00		1.75		2
1	2	160	1091.62		3	3	3		4	0		1.00		1.33		2
1	2	161	1098.90		1	1	1		1	1		0.50		1.00		2
1	2	162	1105.68		1	1	1		1	1		1.00		0.84		2
1	2	163	1112.96		1	2	2		1	0		0.50		2.62		2
1	2	164	1119.75		4	4	4		4	1		0.50		3.72		2
1	2	165	1126.53		4	4	4		3	0		0.50		1.18		2
1	2	166	1133.31		3	4	4		4	1		1.00		2.75		2
1	2	167	1140.60		2	2	2		2	1		1.00		2.10		2
1	2	168	1147.88		1	1	1		1	1		4.00		5.58		2
1	2	169	1158.16		4	4	4		4	1		1.00		3.17		2
1	2	170	1165.44		2	2	2		2	1		0.50		1.25		2
1	2	171	1172.22		2	1	1		2	0		1.00		0.46		2
1	2	172	1179.51		2	2	2		2	1		0.50		0.62		2
1	2	173	1186.29		4	4	4		4	1		4.00		1.34		2
1	2	174	1196.57		3	4	4		4	1		4.00		5.77		2
1	2	175	1206.85		4	3	3		3	1		1.00		1.40		2
1	2	176	1214.13		3	3	3		3	1		4.00		5.62		2
1	2	177	1224.41		4	3	3		3	1		0.50		3.57		2
1	2	178	1231.20		3	3	3		3	1		1.00		3.50		2
1	2	179	1238.48		4	3	3		3	1		4.00		6.73		2
1	2	180	1248.76		3	4	4		4	1		0.50		3.13		2
Block	Phase	Trial	RunningTime	Cue	Image	CorrResp	Resp	Accuracy	ISI	RT_from_CueOnset	ITI
2	1	1	0.52		3	3	3		3	1		1.00		2.70		2
2	1	2	6.80		4	4	4		4	1		0.50		1.94		2
2	1	3	12.58		4	4	4		4	1		1.00		2.19		2
2	1	4	18.86		3	3	3		3	1		1.00		0.67		2
2	1	5	25.15		3	3	3		3	1		0.50		1.25		2
2	1	6	30.93		4	4	4		4	1		4.00		5.24		2
2	1	7	40.21		2	1	1		1	1		1.00		2.63		2
2	1	8	46.49		4	3	3		3	1		1.00		2.51		2
2	1	9	52.78		1	1	1		2	0		0.50		1.61		2
2	1	10	58.56		3	3	3		3	1		0.50		1.90		2
2	1	11	64.34		2	2	2		1	0		4.00		1.17		2
2	1	12	73.62		1	1	1		1	1		0.50		2.06		2
2	1	13	79.40		3	4	4		4	1		0.50		2.14		2
2	1	14	85.19		2	1	1		1	1		1.00		2.62		2
2	1	15	91.47		2	2	2		2	1		0.50		1.82		2
2	1	16	97.25		3	3	3		3	1		4.00		5.45		2
2	1	17	106.53		2	2	2		1	0		4.00		2.78		2
2	1	18	115.82		2	2	2		2	1		0.50		1.98		2
2	1	19	121.60		1	1	1		1	1		0.50		1.25		2
2	1	20	127.38		3	4	4		4	1		1.00		1.22		2
2	1	21	133.66		2	2	2		1	0		4.00		2.92		2
2	1	22	142.95		3	4	4		NaN	NaN		0.50		NaN		2
2	1	23	148.73		3	3	3		NaN	NaN		1.00		NaN		2
2	1	24	155.01		1	2	2		2	1		4.00		5.39		2
2	1	25	164.29		4	4	4		3	0		1.00		1.72		2
2	1	26	170.57		3	3	3		4	0		1.00		0.91		2
2	1	27	176.86		1	1	1		1	1		1.00		2.34		2
2	1	28	183.14		4	4	4		4	1		0.50		2.49		2
2	1	29	188.92		3	3	3		3	1		0.50		1.81		2
2	1	30	194.70		1	1	1		1	1		1.00		2.43		2
2	1	31	200.99		2	2	2		2	1		1.00		2.42		2
2	1	32	207.27		3	4	4		4	1		0.50		1.98		2
2	1	33	213.05		4	4	4		4	1		0.50		1.86		2
2	1	34	218.83		2	2	2		2	1		0.50		1.90		2
2	1	35	224.62		3	4	4		4	1		4.00		5.74		2
2	1	36	233.90		1	1	1		1	1		4.00		5.56		2
2	1	37	243.18		1	2	2		1	0		1.00		1.77		2
2	1	38	249.46		4	3	3		4	0		4.00		1.25		2
2	1	39	258.74		1	1	1		1	1		1.00		2.55		2
2	1	40	265.03		2	1	1		2	0		0.50		1.69		2
2	1	41	270.81		2	2	2		2	1		1.00		1.75		2
2	1	42	277.09		3	3	3		NaN	NaN		1.00		NaN		2
2	1	43	283.37		3	4	4		4	1		0.50		2.69		2
2	1	44	289.16		4	3	3		3	1		0.50		2.21		2
2	1	45	294.94		4	3	3		3	1		1.00		2.47		2
2	1	46	301.22		4	3	3		NaN	NaN		0.50		NaN		2
2	1	47	307.00		2	2	2		2	1		0.50		1.06		2
2	1	48	312.79		4	3	3		3	1		0.50		2.41		2
2	1	49	318.57		1	1	1		1	1		0.50		2.13		2
2	1	50	324.35		3	3	3		3	1		0.50		1.77		2
2	1	51	330.13		1	1	1		1	1		0.50		1.99		2
2	1	52	335.92		2	2	2		2	1		1.00		1.15		2
2	1	53	342.20		4	3	3		3	1		0.50		3.14		2
2	1	54	347.98		1	1	1		2	0		4.00		1.65		2
2	1	55	357.26		4	3	3		3	1		1.00		2.36		2
2	1	56	363.55		3	3	3		3	1		0.50		1.91		2
2	1	57	369.33		4	4	4		NaN	NaN		0.50		NaN		2
2	1	58	375.11		2	1	1		1	1		0.50		2.66		2
2	1	59	380.89		2	2	2		2	1		1.00		1.02		2
2	1	60	387.18		4	3	3		3	1		4.00		6.15		2
2	1	61	396.46		1	1	1		1	1		0.50		2.36		2
2	1	62	402.24		2	2	2		2	1		0.50		1.16		2
2	1	63	408.02		4	4	4		3	0		0.50		1.93		2
2	1	64	413.80		3	4	4		4	1		1.00		2.65		2
2	1	65	420.09		1	2	2		2	1		1.00		2.57		2
2	1	66	426.37		1	1	1		1	1		0.50		1.69		2
2	1	67	432.15		3	4	4		4	1		0.50		2.91		2
2	1	68	437.93		4	3	3		3	1		1.00		3.19		2
2	1	69	444.22		3	4	4		4	1		0.50		2.51		2
2	1	70	450.00		1	1	1		1	1		1.00		2.56		2
2	1	71	456.28		4	3	3		3	1		1.00		2.61		2
2	1	72	462.56		2	2	2		2	1		0.50		1.20		2
2	1	73	468.35		3	4	4		4	1		0.50		2.16		2
2	1	74	474.13		2	2	2		NaN	NaN		1.00		NaN		2
2	1	75	480.41		2	2	2		2	1		1.00		2.60		2
2	1	76	486.69		3	3	3		3	1		1.00		3.01		2
2	1	77	492.98		1	1	1		1	1		1.00		2.92		2
2	1	78	499.26		1	1	1		1	1		0.50		2.31		2
2	1	79	505.04		1	1	1		1	1		1.00		3.41		2
2	1	80	511.32		4	3	3		3	1		0.50		2.85		2
2	1	81	517.11		1	1	1		1	1		0.50		2.37		2
2	1	82	522.89		2	1	1		2	0		0.50		1.18		2
2	1	83	528.67		4	4	4		4	1		1.00		2.99		2
2	1	84	534.95		1	1	1		NaN	NaN		0.50		NaN		2
2	1	85	540.74		4	3	3		3	1		1.00		2.74		2
2	1	86	547.02		1	2	2		2	1		0.50		2.25		2
2	1	87	552.80		1	1	1		1	1		0.50		2.31		2
2	1	88	558.58		2	2	2		2	1		0.50		1.28		2
2	1	89	564.37		4	4	4		4	1		0.50		2.17		2
2	1	90	570.15		3	4	4		NaN	NaN		1.00		NaN		2
2	1	91	576.43		1	1	1		1	1		0.50		2.60		2
2	1	92	582.21		2	2	2		2	1		0.50		1.15		2
2	1	93	588.00		4	4	4		4	1		1.00		3.54		2
2	1	94	594.28		3	3	3		3	1		0.50		2.22		2
2	1	95	600.06		2	2	2		2	1		1.00		1.05		2
2	1	96	606.34		2	2	2		2	1		0.50		1.05		2
2	1	97	612.12		1	2	2		2	1		1.00		2.60		2
2	1	98	618.41		2	2	2		2	1		0.50		1.17		2
2	1	99	624.19		3	4	4		4	1		4.00		5.81		2
2	1	100	633.47		4	4	4		NaN	NaN		1.00		NaN		2
2	2	101	645.60		2	2	2		2	1		0.50		1.63		2
2	2	102	652.39		2	2	2		2	1		0.50		1.24		2
2	2	103	659.17		3	4	4		4	1		1.00		3.83		2
2	2	104	666.45		4	3	3		3	1		1.00		3.42		2
2	2	105	673.73		2	2	2		1	0		0.50		2.22		2
2	2	106	680.51		3	4	4		4	1		0.50		2.45		2
2	2	107	687.30		2	2	2		2	1		1.00		3.07		2
2	2	108	694.58		3	3	3		NaN	0		0.50		NaN		2
2	2	109	701.36		3	4	4		4	1		0.50		3.27		2
2	2	110	708.14		1	1	1		1	1		0.50		2.17		2
2	2	111	714.93		2	2	2		2	1		1.00		3.27		2
2	2	112	722.21		2	2	2		2	1		1.00		2.83		2
2	2	113	729.49		3	4	4		4	1		4.00		7.37		2
2	2	114	739.77		4	4	4		4	1		4.00		6.33		2
2	2	115	750.05		1	1	1		NaN	0		1.00		NaN		2
2	2	116	757.34		2	2	2		1	0		1.00		4.17		2
2	2	117	764.62		1	2	2		2	1		0.50		2.32		2
2	2	118	771.40		4	3	3		3	1		0.50		3.12		2
2	2	119	778.18		3	3	3		3	1		0.50		2.58		2
2	2	120	784.97		2	2	2		2	1		0.50		1.75		2
2	2	121	791.75		3	4	4		4	1		0.50		2.27		2
2	2	122	798.53		3	3	3		3	1		1.00		2.70		2
2	2	123	805.81		4	4	4		4	1		1.00		3.67		2
2	2	124	813.09		3	4	4		NaN	0		0.50		NaN		2
2	2	125	819.88		3	4	4		4	1		1.00		4.62		2
2	2	126	827.16		1	1	1		1	1		4.00		6.27		2
2	2	127	837.44		4	4	4		4	1		1.00		2.58		2
2	2	128	844.72		4	3	3		4	0		4.00		6.02		2
2	2	129	855.00		4	3	3		4	0		1.00		2.70		2
2	2	130	862.29		1	1	1		1	1		0.50		4.15		2
2	2	131	869.07		2	1	1		1	1		1.00		3.27		2
2	2	132	876.35		4	4	4		4	1		0.50		3.08		2
2	2	133	883.13		2	2	2		2	1		4.00		2.68		2
2	2	134	893.42		4	4	4		4	1		1.00		3.38		2
2	2	135	900.70		2	1	1		NaN	0		1.00		NaN		2
2	2	136	907.98		3	4	4		NaN	0		0.50		NaN		2
2	2	137	914.76		3	3	3		3	1		4.00		5.80		2
2	2	138	925.04		1	1	1		NaN	0		1.00		NaN		2
2	2	139	932.33		2	2	2		2	1		0.50		1.25		2
2	2	140	939.11		1	1	1		1	1		1.00		3.48		2
2	2	141	946.39		4	4	4		4	1		4.00		6.30		2
2	2	142	956.67		4	3	3		4	0		1.00		2.95		2
2	2	143	963.95		4	3	3		3	1		0.50		2.72		2
2	2	144	970.74		2	2	2		2	1		0.50		1.16		2
2	2	145	977.52		4	3	3		3	1		1.00		3.12		2
2	2	146	984.80		1	1	1		1	1		0.50		2.37		2
2	2	147	991.58		4	3	3		NaN	0		0.50		NaN		2
2	2	148	998.37		1	1	1		1	1		0.50		2.13		2
2	2	149	1005.15		3	4	4		NaN	0		0.50		NaN		2
2	2	150	1011.93		1	2	2		2	1		0.50		2.42		2
2	2	151	1018.71		1	1	1		1	1		0.50		2.55		2
2	2	152	1025.50		2	2	2		NaN	0		4.00		NaN		2
2	2	153	1035.78		1	1	1		1	1		4.00		6.03		2
2	2	154	1046.06		3	3	3		3	1		0.50		4.12		2
2	2	155	1052.84		3	3	3		NaN	0		1.00		NaN		2
2	2	156	1060.12		1	1	1		1	1		0.50		2.25		2
2	2	157	1066.91		1	1	1		NaN	0		1.00		NaN		2
2	2	158	1074.19		4	4	4		4	1		1.00		4.53		2
2	2	159	1081.47		1	1	1		1	1		0.50		3.43		2
2	2	160	1088.25		2	2	2		1	0		1.00		3.22		2
2	2	161	1095.53		3	3	3		3	1		0.50		2.38		2
2	2	162	1102.32		2	2	2		1	0		0.50		3.48		2
2	2	163	1109.10		2	1	1		1	1		1.00		4.12		2
2	2	164	1116.38		2	2	2		NaN	0		1.00		NaN		2
2	2	165	1123.66		2	1	1		2	0		4.00		1.04		2
2	2	166	1133.95		2	2	2		2	1		0.50		2.30		2
2	2	167	1140.73		1	1	1		1	1		1.00		2.72		2
2	2	168	1148.01		1	1	1		1	1		1.00		2.53		2
2	2	169	1155.29		4	4	4		4	1		0.50		2.67		2
2	2	170	1162.08		1	2	2		2	1		0.50		2.58		2
2	2	171	1168.86		3	3	3		3	1		1.00		3.55		2
2	2	172	1176.14		1	2	2		2	1		0.50		2.63		2
2	2	173	1182.92		3	4	4		4	1		1.00		3.12		2
2	2	174	1190.20		4	3	3		3	1		1.00		3.30		2
2	2	175	1197.49		4	3	3		NaN	0		0.50		NaN		2
2	2	176	1204.27		4	4	4		4	1		0.50		3.03		2
2	2	177	1211.05		1	1	1		1	1		0.50		2.42		2
2	2	178	1217.83		4	4	4		4	1		0.50		2.63		2
2	2	179	1224.62		3	3	3		3	1		0.50		2.68		2
2	2	180	1231.40		3	3	3		3	1		0.50		2.13		2
