*********************************************
* Combray
* Date/Time: 17-Apr-2015 11:43:18
* Seed: 210326.8468
* Subject Number: 24
* Subject Name: nm
*********************************************

Block	Phase	Trial	RunningTime	Cue	Image	CorrResp	Resp	Accuracy	ISI	RT_from_CueOnset	ITI
1	1	1	0.52		3	3	3		NaN	NaN		1.00		NaN		2
1	1	2	6.80		1	2	2		NaN	NaN		1.00		NaN		2
1	1	3	13.08		4	3	3		NaN	NaN		1.00		NaN		2
1	1	4	19.36		2	2	2		NaN	NaN		1.00		NaN		2
1	1	5	25.65		1	2	2		NaN	NaN		1.00		NaN		2
1	1	6	31.93		4	3	3		NaN	NaN		1.00		NaN		2
1	1	7	38.21		2	1	1		NaN	NaN		1.00		NaN		2
1	1	8	44.49		1	1	1		NaN	NaN		1.00		NaN		2
1	1	9	50.78		1	1	1		NaN	NaN		1.00		NaN		2
1	1	10	57.06		4	4	4		NaN	NaN		1.00		NaN		2
1	1	11	63.34		3	4	4		NaN	NaN		1.00		NaN		2
1	1	12	69.62		1	1	1		NaN	NaN		1.00		NaN		2
1	1	13	75.91		4	3	3		NaN	NaN		1.00		NaN		2
1	1	14	82.19		3	4	4		NaN	NaN		1.00		NaN		2
1	1	15	88.47		3	3	3		NaN	NaN		1.00		NaN		2
1	1	16	94.75		1	1	1		1	1		1.00		0.55		2
1	1	17	101.03		3	4	4		4	1		1.00		0.90		2
1	1	18	107.32		1	1	1		2	0		1.00		0.74		2
1	1	19	113.60		1	1	1		2	0		1.00		0.80		2
1	1	20	119.88		3	4	4		4	1		1.00		0.82		2
1	1	21	126.16		2	2	2		NaN	NaN		1.00		NaN		2
1	1	22	132.45		4	4	4		3	0		1.00		1.12		2
1	1	23	138.73		3	4	4		4	1		1.00		0.87		2
1	1	24	145.01		2	2	2		NaN	NaN		1.00		NaN		2
1	1	25	151.29		2	2	2		2	1		1.00		0.89		2
1	1	26	157.58		1	1	1		2	0		1.00		1.14		2
1	1	27	163.86		4	4	4		NaN	NaN		1.00		NaN		2
1	1	28	170.14		2	2	2		NaN	NaN		1.00		NaN		2
1	1	29	176.42		4	3	3		NaN	NaN		1.00		NaN		2
1	1	30	182.71		3	4	4		4	1		1.00		0.85		2
1	1	31	188.99		4	3	3		3	1		1.00		1.33		2
1	1	32	195.27		4	4	4		3	0		1.00		0.80		2
1	1	33	201.55		2	2	2		NaN	NaN		1.00		NaN		2
1	1	34	207.83		4	4	4		3	0		1.00		0.97		2
1	1	35	214.12		4	4	4		4	1		1.00		0.89		2
1	1	36	220.40		3	3	3		4	0		1.00		0.94		2
1	1	37	226.68		1	1	1		2	0		1.00		1.21		2
1	1	38	232.96		2	2	2		NaN	NaN		1.00		NaN		2
1	1	39	239.25		4	3	3		3	1		1.00		1.09		2
1	1	40	245.53		3	4	4		4	1		1.00		1.49		2
1	1	41	251.81		3	4	4		4	1		1.00		0.81		2
1	1	42	258.09		1	1	1		1	1		1.00		0.75		2
1	1	43	264.38		1	1	1		1	1		1.00		0.77		2
1	1	44	270.66		4	4	4		3	0		1.00		0.86		2
1	1	45	276.94		2	1	1		NaN	NaN		1.00		NaN		2
1	1	46	283.22		2	2	2		1	0		1.00		0.82		2
1	1	47	289.51		4	3	3		3	1		1.00		1.02		2
1	1	48	295.79		1	2	2		1	0		1.00		0.67		2
1	1	49	302.07		1	1	1		1	1		1.00		0.88		2
1	1	50	308.35		1	2	2		1	0		1.00		0.96		2
1	1	51	314.64		2	2	2		NaN	NaN		1.00		NaN		2
1	1	52	320.92		1	1	1		1	1		1.00		1.00		2
1	1	53	327.20		1	1	1		1	1		1.00		1.09		2
1	1	54	333.48		2	1	1		2	0		1.00		0.98		2
1	1	55	339.77		1	1	1		1	1		1.00		0.77		2
1	1	56	346.05		2	2	2		2	1		1.00		0.79		2
1	1	57	352.33		3	3	3		4	0		1.00		0.96		2
1	1	58	358.61		3	3	3		3	1		1.00		0.70		2
1	1	59	364.89		2	2	2		NaN	NaN		1.00		NaN		2
1	1	60	371.18		4	3	3		3	1		1.00		1.03		2
1	1	61	377.46		4	4	4		3	0		1.00		0.78		2
1	1	62	383.74		1	1	1		1	1		1.00		0.89		2
1	1	63	390.02		2	2	2		2	1		1.00		1.09		2
1	1	64	396.31		4	3	3		3	1		1.00		0.88		2
1	1	65	402.59		1	1	1		1	1		1.00		0.93		2
1	1	66	408.87		4	4	4		3	0		1.00		1.10		2
1	1	67	415.15		4	3	3		4	0		1.00		0.86		2
1	1	68	421.44		1	1	1		1	1		1.00		0.98		2
1	1	69	427.72		2	1	1		2	0		1.00		1.04		2
1	1	70	434.00		3	3	3		3	1		1.00		1.47		2
1	1	71	440.28		1	2	2		1	0		1.00		0.93		2
1	1	72	446.57		1	2	2		1	0		1.00		0.69		2
1	1	73	452.85		4	3	3		3	1		1.00		0.94		2
1	1	74	459.13		4	4	4		3	0		1.00		0.80		2
1	1	75	465.41		4	4	4		4	1		1.00		1.12		2
1	1	76	471.70		3	3	3		3	1		1.00		1.33		2
1	1	77	477.98		2	2	2		2	1		1.00		1.01		2
1	1	78	484.26		2	1	1		1	1		1.00		0.70		2
1	1	79	490.54		3	3	3		3	1		1.00		1.39		2
1	1	80	496.82		3	3	3		4	0		1.00		0.63		2
1	1	81	503.11		4	3	3		3	1		1.00		1.08		2
1	1	82	509.39		3	3	3		4	0		1.00		0.99		2
1	1	83	515.67		1	1	1		1	1		1.00		0.98		2
1	1	84	521.95		3	4	4		3	0		1.00		1.36		2
1	1	85	528.24		3	3	3		4	0		1.00		1.12		2
1	1	86	534.52		3	4	4		4	1		1.00		1.75		2
1	1	87	540.80		2	2	2		2	1		1.00		1.11		2
1	1	88	547.08		3	4	4		4	1		1.00		1.23		2
1	1	89	553.37		3	4	4		3	0		1.00		1.01		2
1	1	90	559.65		3	3	3		4	0		1.00		0.90		2
1	1	91	565.93		1	2	2		1	0		1.00		1.02		2
1	1	92	572.21		2	2	2		2	1		1.00		0.97		2
1	1	93	578.50		2	1	1		1	1		1.00		0.94		2
1	1	94	584.78		2	2	2		2	1		1.00		0.86		2
1	1	95	591.06		4	4	4		3	0		1.00		0.89		2
1	1	96	597.34		2	1	1		1	1		1.00		0.99		2
1	1	97	603.63		2	2	2		2	1		1.00		1.24		2
1	1	98	609.91		4	3	3		3	1		1.00		0.65		2
1	1	99	616.19		2	1	1		1	1		1.00		0.96		2
1	1	100	622.47		3	3	3		4	0		1.00		0.89		2
1	2	101	659.35		4	3	3		3	1		10.00		0.94		2
1	2	102	675.63		2	1	1		2	0		10.00		1.00		2
1	2	103	691.91		2	1	1		2	0		8.00		0.87		2
1	2	104	706.19		4	4	4		4	1		6.00		1.50		2
1	2	105	718.47		1	1	1		1	1		6.00		0.99		2
1	2	106	730.76		2	1	1		2	0		10.00		1.27		2
1	2	107	747.04		4	4	4		4	1		10.00		7.12		2
1	2	108	763.32		1	1	1		1	1		6.00		3.11		2
1	2	109	775.60		2	2	2		1	0		6.00		2.60		2
1	2	110	787.88		4	4	4		3	0		8.00		1.51		2
1	2	111	802.16		4	4	4		4	1		8.00		1.64		2
1	2	112	816.44		3	4	4		3	0		10.00		3.39		2
1	2	113	832.72		2	2	2		2	1		6.00		1.43		2
1	2	114	845.01		4	3	3		4	0		8.00		3.20		2
1	2	115	859.29		3	3	3		3	1		8.00		3.05		2
1	2	116	873.57		2	2	2		2	1		10.00		3.47		2
1	2	117	889.85		2	2	2		2	1		8.00		1.58		2
1	2	118	904.13		2	2	2		1	0		6.00		2.89		2
1	2	119	916.41		3	3	3		4	0		10.00		10.73		2
1	2	120	932.69		3	4	4		3	0		8.00		1.56		2
1	2	121	946.97		3	3	3		4	0		10.00		2.06		2
1	2	122	963.25		1	1	1		1	1		8.00		1.57		2
1	2	123	977.54		4	3	3		3	1		6.00		2.37		2
1	2	124	989.82		3	4	4		4	1		10.00		3.95		2
1	2	125	1006.10		1	1	1		1	1		10.00		2.91		2
1	2	126	1022.38		2	1	1		1	1		6.00		4.66		2
1	2	127	1034.66		4	4	4		3	0		6.00		3.83		2
1	2	128	1046.94		3	3	3		3	1		6.00		3.28		2
1	2	129	1059.22		3	4	4		3	0		8.00		2.49		2
1	2	130	1073.50		4	3	3		4	0		8.00		2.63		2
1	2	131	1087.79		3	4	4		4	1		6.00		3.34		2
1	2	132	1100.07		3	3	3		3	1		8.00		4.38		2
1	2	133	1114.35		1	1	1		1	1		6.00		2.57		2
1	2	134	1126.63		2	1	1		1	1		6.00		2.38		2
1	2	135	1138.91		1	2	2		1	0		8.00		2.04		2
1	2	136	1153.19		2	1	1		1	1		10.00		2.87		2
1	2	137	1169.47		4	3	3		4	0		6.00		2.36		2
1	2	138	1181.75		2	2	2		1	0		10.00		2.40		2
1	2	139	1198.04		1	2	2		2	1		10.00		2.53		2
1	2	140	1214.32		1	1	1		2	0		8.00		2.54		2
1	2	141	1228.60		3	4	4		3	0		10.00		4.33		2
1	2	142	1244.88		1	2	2		2	1		6.00		4.38		2
1	2	143	1257.16		1	1	1		1	1		10.00		2.05		2
1	2	144	1273.44		1	1	1		1	1		10.00		2.87		2
1	2	145	1289.72		3	4	4		4	1		8.00		3.03		2
1	2	146	1304.00		3	3	3		3	1		8.00		3.20		2
1	2	147	1318.28		2	2	2		1	0		8.00		2.14		2
1	2	148	1332.57		4	4	4		3	0		10.00		2.58		2
1	2	149	1348.85		4	3	3		4	0		10.00		3.01		2
1	2	150	1365.13		4	3	3		4	0		10.00		4.45		2
1	2	151	1381.41		4	3	3		3	1		6.00		3.39		2
1	2	152	1393.69		3	3	3		3	1		6.00		5.11		2
1	2	153	1405.97		1	2	2		2	1		6.00		4.12		2
1	2	154	1418.25		2	2	2		1	0		6.00		2.75		2
1	2	155	1430.53		3	4	4		4	1		6.00		4.10		2
1	2	156	1442.82		2	1	1		2	0		8.00		3.13		2
1	2	157	1457.10		1	1	1		1	1		6.00		2.85		2
1	2	158	1469.38		4	4	4		4	1		8.00		3.31		2
1	2	159	1483.66		1	1	1		1	1		8.00		5.16		2
1	2	160	1497.94		3	4	4		4	1		6.00		4.28		2
1	2	161	1510.22		1	2	2		1	0		8.00		3.77		2
1	2	162	1524.50		2	2	2		1	0		8.00		3.91		2
1	2	163	1538.78		4	4	4		3	0		10.00		2.50		2
1	2	164	1555.07		2	2	2		2	1		6.00		1.94		2
1	2	165	1567.35		2	2	2		1	0		10.00		3.14		2
1	2	166	1583.63		2	2	2		2	1		10.00		1.94		2
1	2	167	1599.91		4	3	3		4	0		8.00		4.54		2
1	2	168	1614.19		1	1	1		1	1		6.00		2.43		2
1	2	169	1626.47		1	1	1		1	1		10.00		4.80		2
1	2	170	1642.75		3	4	4		3	0		10.00		4.03		2
1	2	171	1659.03		4	3	3		3	1		6.00		3.20		2
1	2	172	1671.31		1	1	1		1	1		8.00		2.11		2
1	2	173	1685.60		3	3	3		4	0		10.00		3.24		2
1	2	174	1701.88		2	2	2		2	1		8.00		3.90		2
1	2	175	1716.16		1	1	1		1	1		8.00		2.14		2
1	2	176	1730.44		3	3	3		3	1		8.00		3.44		2
1	2	177	1744.72		4	4	4		4	1		10.00		3.63		2
1	2	178	1761.00		4	4	4		4	1		8.00		4.09		2
1	2	179	1775.28		3	3	3		4	0		6.00		3.54		2
1	2	180	1787.56		1	2	2		1	0		10.00		1.74		2
Block	Phase	Trial	RunningTime	Cue	Image	CorrResp	Resp	Accuracy	ISI	RT_from_CueOnset	ITI
2	1	1	0.52		3	3	3		NaN	NaN		1.00		NaN		2
2	1	2	6.80		1	1	1		NaN	NaN		1.00		NaN		2
2	1	3	13.08		3	3	3		NaN	NaN		1.00		NaN		2
2	1	4	19.36		1	1	1		1	1		1.00		0.85		2
2	1	5	25.65		3	4	4		3	0		1.00		0.73		2
2	1	6	31.93		1	1	1		1	1		1.00		1.08		2
2	1	7	38.21		4	4	4		NaN	NaN		1.00		NaN		2
2	1	8	44.49		1	2	2		1	0		1.00		1.05		2
2	1	9	50.78		3	3	3		3	1		1.00		1.20		2
2	1	10	57.06		2	1	1		2	0		1.00		1.56		2
2	1	11	63.34		1	1	1		1	1		1.00		0.90		2
2	1	12	69.62		3	3	3		3	1		1.00		1.06		2
2	1	13	75.91		4	4	4		4	1		1.00		1.55		2
2	1	14	82.19		4	4	4		4	1		1.00		0.74		2
2	1	15	88.47		1	1	1		1	1		1.00		1.00		2
2	1	16	94.75		4	3	3		4	0		1.00		1.33		2
2	1	17	101.03		3	3	3		3	1		1.00		0.88		2
2	1	18	107.32		1	2	2		1	0		1.00		1.13		2
2	1	19	113.60		3	3	3		3	1		1.00		1.02		2
2	1	20	119.88		1	2	2		1	0		1.00		1.18		2
2	1	21	126.16		4	4	4		4	1		1.00		1.22		2
2	1	22	132.45		3	3	3		3	1		1.00		1.12		2
2	1	23	138.73		3	3	3		3	1		1.00		1.11		2
2	1	24	145.01		4	3	3		4	0		1.00		1.16		2
2	1	25	151.29		2	2	2		2	1		1.00		1.17		2
2	1	26	157.58		1	1	1		2	0		1.00		1.30		2
2	1	27	163.86		4	4	4		4	1		1.00		1.07		2
2	1	28	170.14		4	4	4		4	1		1.00		1.24		2
2	1	29	176.42		3	3	3		3	1		1.00		0.88		2
2	1	30	182.71		2	2	2		2	1		1.00		1.16		2
2	1	31	188.99		4	4	4		4	1		1.00		1.47		2
2	1	32	195.27		2	1	1		2	0		1.00		0.97		2
2	1	33	201.55		2	1	1		2	0		1.00		1.12		2
2	1	34	207.84		2	2	2		1	0		1.00		0.87		2
2	1	35	214.12		2	2	2		1	0		1.00		1.40		2
2	1	36	220.40		4	4	4		3	0		1.00		1.44		2
2	1	37	226.68		1	1	1		1	1		1.00		1.23		2
2	1	38	232.96		2	1	1		2	0		1.00		1.35		2
2	1	39	239.25		4	4	4		4	1		1.00		1.17		2
2	1	40	245.53		2	1	1		1	1		1.00		1.55		2
2	1	41	251.81		2	2	2		2	1		1.00		1.47		2
2	1	42	258.09		1	1	1		1	1		1.00		1.07		2
2	1	43	264.38		3	3	3		3	1		1.00		0.77		2
2	1	44	270.66		2	1	1		2	0		1.00		1.21		2
2	1	45	276.94		1	1	1		1	1		1.00		0.95		2
2	1	46	283.22		4	4	4		4	1		1.00		1.13		2
2	1	47	289.51		4	4	4		4	1		1.00		0.96		2
2	1	48	295.79		1	1	1		1	1		1.00		0.98		2
2	1	49	302.07		4	4	4		4	1		1.00		0.97		2
2	1	50	308.35		3	4	4		3	0		1.00		1.01		2
2	1	51	314.64		4	4	4		4	1		1.00		0.98		2
2	1	52	320.92		3	3	3		4	0		1.00		1.06		2
2	1	53	327.20		2	2	2		2	1		1.00		1.16		2
2	1	54	333.48		1	2	2		1	0		1.00		0.91		2
2	1	55	339.77		2	2	2		1	0		1.00		1.74		2
2	1	56	346.05		2	1	1		2	0		1.00		0.99		2
2	1	57	352.33		4	4	4		4	1		1.00		0.95		2
2	1	58	358.61		4	3	3		4	0		1.00		1.29		2
2	1	59	364.90		3	4	4		3	0		1.00		1.20		2
2	1	60	371.18		3	3	3		4	0		1.00		1.16		2
2	1	61	377.46		4	4	4		3	0		1.00		1.24		2
2	1	62	383.74		2	2	2		2	1		1.00		1.11		2
2	1	63	390.02		1	2	2		1	0		1.00		0.85		2
2	1	64	396.31		2	1	1		2	0		1.00		1.02		2
2	1	65	402.59		4	4	4		4	1		1.00		1.27		2
2	1	66	408.87		3	3	3		3	1		1.00		1.28		2
2	1	67	415.15		3	3	3		3	1		1.00		1.30		2
2	1	68	421.44		4	3	3		4	0		1.00		1.34		2
2	1	69	427.72		3	3	3		3	1		1.00		1.29		2
2	1	70	434.00		2	2	2		1	0		1.00		1.44		2
2	1	71	440.28		1	2	2		1	0		1.00		1.03		2
2	1	72	446.57		4	4	4		4	1		1.00		1.37		2
2	1	73	452.85		4	4	4		3	0		1.00		1.74		2
2	1	74	459.13		1	2	2		2	1		1.00		1.57		2
2	1	75	465.41		2	2	2		2	1		1.00		1.07		2
2	1	76	471.70		4	3	3		3	1		1.00		1.66		2
2	1	77	477.98		1	2	2		1	0		1.00		1.02		2
2	1	78	484.26		3	3	3		4	0		1.00		1.68		2
2	1	79	490.54		3	3	3		3	1		1.00		0.84		2
2	1	80	496.83		2	2	2		2	1		1.00		1.75		2
2	1	81	503.11		4	4	4		4	1		1.00		1.33		2
2	1	82	509.39		1	1	1		1	1		1.00		0.93		2
2	1	83	515.67		4	4	4		4	1		1.00		1.58		2
2	1	84	521.95		3	3	3		3	1		1.00		0.90		2
2	1	85	528.24		2	1	1		2	0		1.00		1.09		2
2	1	86	534.52		3	3	3		3	1		1.00		0.96		2
2	1	87	540.80		1	1	1		1	1		1.00		1.04		2
2	1	88	547.08		2	2	2		2	1		1.00		1.07		2
2	1	89	553.37		1	2	2		2	1		1.00		1.36		2
2	1	90	559.65		3	3	3		3	1		1.00		0.95		2
2	1	91	565.93		1	1	1		1	1		1.00		1.48		2
2	1	92	572.21		3	4	4		3	0		1.00		1.19		2
2	1	93	578.50		2	2	2		1	0		1.00		1.36		2
2	1	94	584.78		1	1	1		2	0		1.00		1.75		2
2	1	95	591.06		3	4	4		3	0		1.00		1.10		2
2	1	96	597.34		1	1	1		1	1		1.00		1.22		2
2	1	97	603.63		2	2	2		2	1		1.00		1.53		2
2	1	98	609.91		2	1	1		2	0		1.00		1.23		2
2	1	99	616.19		2	2	2		2	1		1.00		1.54		2
2	1	100	622.47		1	2	2		1	0		1.00		1.00		2
2	2	101	647.44		1	1	1		1	1		8.00		3.37		2
2	2	102	661.72		2	2	2		2	1		8.00		1.38		2
2	2	103	676.00		2	2	2		2	1		10.00		2.46		2
2	2	104	692.28		1	2	2		1	0		8.00		1.97		2
2	2	105	706.56		2	2	2		2	1		10.00		4.04		2
2	2	106	722.84		2	1	1		1	1		10.00		2.59		2
2	2	107	739.12		3	3	3		3	1		6.00		1.59		2
2	2	108	751.40		1	1	1		1	1		10.00		2.63		2
2	2	109	767.68		2	2	2		2	1		6.00		1.82		2
2	2	110	779.97		3	3	3		3	1		8.00		2.95		2
2	2	111	794.25		1	2	2		1	0		8.00		2.57		2
2	2	112	808.53		3	3	3		3	1		10.00		3.33		2
2	2	113	824.81		4	4	4		4	1		10.00		2.24		2
2	2	114	841.09		2	1	1		2	0		10.00		2.63		2
2	2	115	857.37		2	2	2		2	1		8.00		2.63		2
2	2	116	871.65		2	2	2		2	1		10.00		2.50		2
2	2	117	887.93		3	3	3		3	1		6.00		2.62		2
2	2	118	900.21		3	3	3		3	1		10.00		2.93		2
2	2	119	916.50		3	3	3		3	1		6.00		1.93		2
2	2	120	928.78		4	4	4		4	1		8.00		2.67		2
2	2	121	943.06		3	3	3		3	1		6.00		2.54		2
2	2	122	955.34		2	1	1		2	0		8.00		3.54		2
2	2	123	969.62		3	4	4		3	0		8.00		2.56		2
2	2	124	983.90		1	1	1		1	1		6.00		2.57		2
2	2	125	996.18		1	1	1		1	1		8.00		2.12		2
2	2	126	1010.46		2	2	2		2	1		10.00		2.16		2
2	2	127	1026.75		2	1	1		NaN	0		8.00		NaN		2
2	2	128	1041.03		3	3	3		4	0		8.00		9.90		2
2	2	129	1055.31		3	3	3		3	1		10.00		4.13		2
2	2	130	1071.59		4	4	4		4	1		8.00		1.50		2
2	2	131	1085.87		4	3	3		4	0		6.00		1.15		2
2	2	132	1098.15		1	1	1		1	1		6.00		1.41		2
2	2	133	1110.43		4	4	4		4	1		8.00		1.46		2
2	2	134	1124.71		3	3	3		3	1		8.00		1.50		2
2	2	135	1138.99		2	1	1		2	0		6.00		1.97		2
2	2	136	1151.28		2	1	1		2	0		6.00		1.42		2
2	2	137	1163.56		2	2	2		1	0		6.00		4.14		2
2	2	138	1175.84		1	1	1		1	1		8.00		2.11		2
2	2	139	1190.12		4	4	4		4	1		8.00		2.36		2
2	2	140	1204.40		2	2	2		2	1		8.00		2.09		2
2	2	141	1218.68		1	2	2		1	0		6.00		3.16		2
2	2	142	1230.96		1	1	1		1	1		10.00		3.51		2
2	2	143	1247.25		4	4	4		4	1		6.00		2.45		2
2	2	144	1259.53		4	4	4		3	0		10.00		5.60		2
2	2	145	1275.81		1	1	1		1	1		6.00		2.68		2
2	2	146	1288.09		3	3	3		3	1		8.00		1.88		2
2	2	147	1302.37		3	4	4		3	0		10.00		2.56		2
2	2	148	1318.65		1	2	2		1	0		6.00		3.92		2
2	2	149	1330.93		4	3	3		3	1		6.00		3.29		2
2	2	150	1343.21		3	3	3		3	1		6.00		4.26		2
2	2	151	1355.50		2	2	2		2	1		6.00		2.37		2
2	2	152	1367.78		2	1	1		2	0		10.00		5.17		2
2	2	153	1384.06		4	4	4		4	1		10.00		2.73		2
2	2	154	1400.34		1	1	1		1	1		6.00		3.68		2
2	2	155	1412.62		4	4	4		3	0		6.00		4.28		2
2	2	156	1424.90		3	3	3		3	1		10.00		1.65		2
2	2	157	1441.18		4	4	4		NaN	0		10.00		NaN		2
2	2	158	1457.46		3	4	4		NaN	0		10.00		NaN		2
2	2	159	1473.74		1	1	1		NaN	0		8.00		NaN		2
2	2	160	1488.03		4	3	3		NaN	0		10.00		NaN		2
2	2	161	1504.31		1	2	2		NaN	0		6.00		NaN		2
2	2	162	1516.59		4	4	4		NaN	0		8.00		NaN		2
2	2	163	1530.87		4	4	4		NaN	0		6.00		NaN		2
2	2	164	1543.15		1	2	2		NaN	0		8.00		NaN		2
2	2	165	1557.43		4	4	4		NaN	0		10.00		NaN		2
2	2	166	1573.71		1	1	1		NaN	0		10.00		NaN		2
2	2	167	1589.99		4	4	4		NaN	0		8.00		NaN		2
2	2	168	1604.27		1	2	2		NaN	0		10.00		NaN		2
2	2	169	1620.56		4	3	3		NaN	0		8.00		NaN		2
2	2	170	1634.84		4	4	4		NaN	0		8.00		NaN		2
2	2	171	1649.12		2	2	2		NaN	0		6.00		NaN		2
2	2	172	1661.40		1	1	1		NaN	0		10.00		NaN		2
2	2	173	1677.68		3	3	3		NaN	0		8.00		NaN		2
2	2	174	1691.96		3	3	3		NaN	0		10.00		NaN		2
2	2	175	1708.24		2	2	2		NaN	0		8.00		NaN		2
2	2	176	1722.52		2	1	1		NaN	0		6.00		NaN		2
2	2	177	1734.81		3	3	3		NaN	0		8.00		NaN		2
2	2	178	1749.09		4	4	4		NaN	0		6.00		NaN		2
2	2	179	1761.37		3	4	4		NaN	0		6.00		NaN		2
2	2	180	1773.65		1	2	2		NaN	0		10.00		NaN		2
