*********************************************
* Combray
* Date/Time: 12-Jan-2015 10:13:35
* Seed: 209750.8593
* Subject Number: 03
* Subject Name: ag
*********************************************

Block	Phase	Trial	RunningTime	Cue	Image	CorrResp	Resp	Accuracy	ISI	RT_from_CueOnset	ITI
1	1	1	0.52		3	3	3		3	1		1.00		2.81		2
1	1	2	6.80		1	2	2		2	1		1.00		2.49		2
1	1	3	13.08		1	1	1		2	0		0.50		0.93		2
1	1	4	18.86		2	1	1		1	1		1.00		2.65		2
1	1	5	25.15		3	3	3		3	1		1.00		2.44		2
1	1	6	31.43		4	4	4		4	1		1.00		3.09		2
1	1	7	37.71		4	3	3		4	0		1.00		1.56		2
1	1	8	43.99		2	2	2		2	1		0.50		2.16		2
1	1	9	49.78		1	2	2		2	1		1.00		2.77		2
1	1	10	56.06		4	4	4		4	1		0.50		2.15		2
1	1	11	61.84		4	3	3		3	1		0.50		2.40		2
1	1	12	67.62		1	1	1		1	1		0.50		2.01		2
1	1	13	73.41		2	1	1		1	1		0.50		2.14		2
1	1	14	79.19		1	1	1		1	1		0.50		2.06		2
1	1	15	84.97		2	2	2		2	1		0.50		2.22		2
1	1	16	90.75		2	2	2		2	1		1.00		2.64		2
1	1	17	97.04		1	2	2		2	1		0.50		2.45		2
1	1	18	102.82		4	4	4		4	1		1.00		3.19		2
1	1	19	109.10		3	3	3		3	1		0.50		2.23		2
1	1	20	114.88		2	2	2		2	1		0.50		2.06		2
1	1	21	120.67		1	1	1		1	1		1.00		2.74		2
1	1	22	126.95		2	2	2		2	1		4.00		5.78		2
1	1	23	136.23		2	2	2		2	1		4.00		5.54		2
1	1	24	145.51		4	4	4		4	1		0.50		2.53		2
1	1	25	151.29		1	1	1		1	1		4.00		5.86		2
1	1	26	160.58		3	3	3		3	1		0.50		2.19		2
1	1	27	166.36		4	3	3		3	1		1.00		2.98		2
1	1	28	172.64		2	2	2		2	1		1.00		2.64		2
1	1	29	178.92		3	4	4		4	1		0.50		2.29		2
1	1	30	184.71		3	3	3		3	1		0.50		2.26		2
1	1	31	190.49		2	2	2		2	1		0.50		1.95		2
1	1	32	196.27		3	3	3		3	1		1.00		2.69		2
1	1	33	202.55		4	4	4		4	1		1.00		3.34		2
1	1	34	208.83		3	3	3		3	1		0.50		1.88		2
1	1	35	214.62		2	2	2		2	1		0.50		1.25		2
1	1	36	220.40		4	4	4		4	1		1.00		2.52		2
1	1	37	226.68		3	3	3		3	1		0.50		2.08		2
1	1	38	232.46		3	3	3		3	1		1.00		1.75		2
1	1	39	238.75		4	4	4		4	1		0.50		1.35		2
1	1	40	244.53		4	4	4		4	1		1.00		1.33		2
1	1	41	250.81		2	2	2		2	1		0.50		1.40		2
1	1	42	256.59		1	1	1		1	1		0.50		2.18		2
1	1	43	262.38		1	2	2		1	0		4.00		3.55		2
1	1	44	271.66		3	3	3		3	1		1.00		0.92		2
1	1	45	277.94		2	2	2		2	1		1.00		1.50		2
1	1	46	284.22		3	4	4		3	0		4.00		1.07		2
1	1	47	293.51		4	4	4		4	1		1.00		2.75		2
1	1	48	299.79		3	3	3		3	1		1.00		2.50		2
1	1	49	306.07		4	4	4		4	1		4.00		5.90		2
1	1	50	315.35		1	2	2		2	1		0.50		2.00		2
1	1	51	321.13		3	3	3		3	1		1.00		1.28		2
1	1	52	327.42		4	4	4		4	1		4.00		1.47		2
1	1	53	336.70		2	1	1		2	0		0.50		1.25		2
1	1	54	342.48		3	4	4		3	0		0.50		0.81		2
1	1	55	348.26		2	2	2		2	1		0.50		1.23		2
1	1	56	354.05		4	4	4		4	1		0.50		1.37		2
1	1	57	359.83		2	2	2		2	1		1.00		1.02		2
1	1	58	366.11		2	1	1		2	0		0.50		1.38		2
1	1	59	371.89		4	3	3		3	1		1.00		0.96		2
1	1	60	378.18		1	1	1		1	1		0.50		2.00		2
1	1	61	383.96		1	1	1		2	0		1.00		1.42		2
1	1	62	390.24		1	1	1		2	0		0.50		1.39		2
1	1	63	396.02		4	4	4		4	1		1.00		3.31		2
1	1	64	402.31		3	3	3		3	1		0.50		1.37		2
1	1	65	408.09		4	4	4		4	1		0.50		0.86		2
1	1	66	413.87		1	1	1		1	1		1.00		0.99		2
1	1	67	420.15		4	4	4		4	1		0.50		1.15		2
1	1	68	425.94		2	1	1		2	0		1.00		0.92		2
1	1	69	432.22		1	1	1		1	1		0.50		0.98		2
1	1	70	438.00		4	4	4		4	1		0.50		0.87		2
1	1	71	443.78		4	4	4		4	1		1.00		0.88		2
1	1	72	450.07		1	1	1		1	1		0.50		0.97		2
1	1	73	455.85		3	4	4		4	1		0.50		1.94		2
1	1	74	461.63		3	3	3		3	1		0.50		1.39		2
1	1	75	467.41		4	4	4		4	1		1.00		0.83		2
1	1	76	473.69		1	2	2		1	0		1.00		1.06		2
1	1	77	479.98		2	2	2		2	1		0.50		0.78		2
1	1	78	485.76		1	1	1		1	1		4.00		0.96		2
1	1	79	495.04		1	1	1		1	1		1.00		1.65		2
1	1	80	501.32		2	2	2		2	1		1.00		1.04		2
1	1	81	507.61		2	1	1		2	0		1.00		0.72		2
1	1	82	513.89		4	3	3		4	0		4.00		0.81		2
1	1	83	523.17		2	2	2		2	1		0.50		1.95		2
1	1	84	528.95		1	2	2		1	0		0.50		0.84		2
1	1	85	534.74		3	3	3		4	0		4.00		0.90		2
1	1	86	544.02		1	1	1		1	1		1.00		2.49		2
1	1	87	550.30		3	4	4		3	0		1.00		1.46		2
1	1	88	556.58		3	3	3		3	1		0.50		1.98		2
1	1	89	562.36		2	1	1		2	0		4.00		1.24		2
1	1	90	571.65		4	4	4		4	1		4.00		0.97		2
1	1	91	580.93		2	1	1		2	0		0.50		0.98		2
1	1	92	586.71		2	2	2		2	1		1.00		0.92		2
1	1	93	592.99		4	4	4		4	1		0.50		2.26		2
1	1	94	598.78		3	3	3		3	1		0.50		0.75		2
1	1	95	604.56		3	3	3		3	1		4.00		0.83		2
1	1	96	613.84		1	1	1		1	1		0.50		0.92		2
1	1	97	619.62		1	1	1		1	1		1.00		0.75		2
1	1	98	625.91		1	1	1		1	1		0.50		0.73		2
1	1	99	631.69		3	3	3		3	1		1.00		1.16		2
1	1	100	637.97		3	3	3		3	1		0.50		0.81		2
1	2	101	713.61		1	2	2		2	1		0.50		3.03		2
1	2	102	720.39		2	2	2		2	1		1.00		2.90		2
1	2	103	727.67		1	1	1		1	1		1.00		1.32		2
1	2	104	734.96		4	3	3		4	0		1.00		0.98		2
1	2	105	742.24		3	3	3		3	1		1.00		1.15		2
1	2	106	749.52		3	3	3		3	1		1.00		0.99		2
1	2	107	756.80		2	2	2		2	1		0.50		1.33		2
1	2	108	763.58		3	3	3		3	1		0.50		1.09		2
1	2	109	770.37		4	4	4		4	1		0.50		0.87		2
1	2	110	777.15		1	2	2		1	0		0.50		0.88		2
1	2	111	783.93		4	4	4		4	1		1.00		2.70		2
1	2	112	791.21		2	2	2		2	1		0.50		1.13		2
1	2	113	798.00		1	2	2		1	0		0.50		0.87		2
1	2	114	804.78		3	4	4		3	0		0.50		1.12		2
1	2	115	811.56		1	1	1		1	1		0.50		1.20		2
1	2	116	818.34		4	4	4		4	1		0.50		0.82		2
1	2	117	825.13		3	3	3		3	1		0.50		1.37		2
1	2	118	831.91		1	1	1		1	1		0.50		0.79		2
1	2	119	838.69		3	3	3		3	1		4.00		0.90		2
1	2	120	848.97		3	3	3		3	1		0.50		1.77		2
1	2	121	855.75		4	4	4		4	1		0.50		1.01		2
1	2	122	862.54		2	1	1		2	0		1.00		0.91		2
1	2	123	869.82		1	1	1		1	1		4.00		0.95		2
1	2	124	880.10		3	3	3		3	1		0.50		1.40		2
1	2	125	886.88		2	2	2		2	1		0.50		1.25		2
1	2	126	893.66		3	3	3		3	1		0.50		0.82		2
1	2	127	900.45		2	2	2		2	1		0.50		0.93		2
1	2	128	907.23		2	2	2		2	1		4.00		0.83		2
1	2	129	917.51		4	4	4		4	1		0.50		2.65		2
1	2	130	924.29		4	4	4		4	1		4.00		1.00		2
1	2	131	934.58		2	2	2		2	1		1.00		0.84		2
1	2	132	941.86		4	3	3		4	0		4.00		0.79		2
1	2	133	952.14		3	3	3		3	1		0.50		0.99		2
1	2	134	958.92		1	1	1		1	1		1.00		0.88		2
1	2	135	966.20		4	4	4		4	1		1.00		0.92		2
1	2	136	973.49		4	4	4		4	1		1.00		3.15		2
1	2	137	980.77		4	4	4		4	1		4.00		0.98		2
1	2	138	991.05		3	3	3		3	1		1.00		0.86		2
1	2	139	998.33		4	4	4		4	1		0.50		0.75		2
1	2	140	1005.11		3	3	3		3	1		1.00		0.92		2
1	2	141	1012.40		4	3	3		4	0		1.00		3.77		2
1	2	142	1019.68		2	1	1		2	0		4.00		1.02		2
1	2	143	1029.96		3	3	3		3	1		0.50		2.12		2
1	2	144	1036.74		2	1	1		2	0		1.00		1.71		2
1	2	145	1044.03		1	1	1		1	1		1.00		1.28		2
1	2	146	1051.31		1	1	1		1	1		1.00		0.98		2
1	2	147	1058.59		1	2	2		2	1		4.00		1.35		2
1	2	148	1068.87		1	2	2		1	0		0.50		1.05		2
1	2	149	1075.65		3	3	3		3	1		0.50		0.94		2
1	2	150	1082.44		3	3	3		3	1		1.00		1.29		2
1	2	151	1089.72		1	1	1		1	1		0.50		1.04		2
1	2	152	1096.50		3	3	3		3	1		4.00		0.84		2
1	2	153	1106.78		2	1	1		2	0		1.00		0.91		2
1	2	154	1114.07		1	1	1		1	1		0.50		0.99		2
1	2	155	1120.85		2	2	2		2	1		1.00		0.81		2
1	2	156	1128.13		2	2	2		2	1		1.00		0.88		2
1	2	157	1135.41		1	1	1		1	1		0.50		1.25		2
1	2	158	1142.19		4	4	4		3	0		0.50		1.80		2
1	2	159	1148.98		1	1	1		1	1		0.50		0.89		2
1	2	160	1155.76		2	1	1		2	0		0.50		0.82		2
1	2	161	1162.54		3	3	3		3	1		1.00		0.84		2
1	2	162	1169.82		2	2	2		2	1		0.50		2.75		2
1	2	163	1176.61		1	1	1		1	1		0.50		1.04		2
1	2	164	1183.39		4	4	4		4	1		1.00		2.35		2
1	2	165	1190.67		4	4	4		4	1		1.00		2.88		2
1	2	166	1197.95		4	4	4		4	1		0.50		2.37		2
1	2	167	1204.72		2	2	2		2	1		4.00		0.95		2
1	2	168	1215.00		1	1	1		1	1		1.00		1.21		2
1	2	169	1222.28		2	2	2		2	1		1.00		1.07		2
1	2	170	1229.56		3	4	4		3	0		0.50		2.80		2
1	2	171	1236.35		3	4	4		3	0		0.50		0.84		2
1	2	172	1243.13		1	1	1		1	1		0.50		0.99		2
1	2	173	1249.91		3	4	4		3	0		0.50		1.05		2
1	2	174	1256.69		1	2	2		1	0		1.00		0.97		2
1	2	175	1263.98		4	4	4		4	1		1.00		0.88		2
1	2	176	1271.26		4	3	3		4	0		1.00		0.90		2
1	2	177	1278.54		2	1	1		2	0		0.50		1.12		2
1	2	178	1285.32		2	2	2		2	1		1.00		3.93		2
1	2	179	1292.60		2	1	1		2	0		0.50		3.20		2
1	2	180	1299.39		4	4	4		4	1		0.50		2.92		2
Block	Phase	Trial	RunningTime	Cue	Image	CorrResp	Resp	Accuracy	ISI	RT_from_CueOnset	ITI
2	1	1	0.52		1	1	1		1	1		1.00		2.45		2
2	1	2	6.80		4	3	3		3	1		0.50		2.19		2
2	1	3	12.58		3	3	3		3	1		0.50		2.40		2
2	1	4	18.36		4	3	3		3	1		4.00		5.51		2
2	1	5	27.65		4	4	4		4	1		0.50		2.05		2
2	1	6	33.43		3	4	4		4	1		1.00		2.66		2
2	1	7	39.71		4	3	3		3	1		1.00		2.37		2
2	1	8	45.99		3	3	3		3	1		1.00		2.50		2
2	1	9	52.28		3	4	4		4	1		0.50		2.02		2
2	1	10	58.06		2	2	2		2	1		1.00		3.14		2
2	1	11	64.34		4	4	4		4	1		0.50		2.54		2
2	1	12	70.12		3	4	4		4	1		4.00		5.66		2
2	1	13	79.40		1	2	2		2	1		0.50		1.91		2
2	1	14	85.19		2	2	2		1	0		1.00		1.64		2
2	1	15	91.47		4	3	3		3	1		0.50		2.06		2
2	1	16	97.25		1	1	1		1	1		0.50		2.25		2
2	1	17	103.03		2	2	2		2	1		0.50		1.74		2
2	1	18	108.82		1	1	1		1	1		0.50		1.90		2
2	1	19	114.60		2	2	2		2	1		1.00		2.25		2
2	1	20	120.88		2	2	2		2	1		0.50		0.97		2
2	1	21	126.66		1	1	1		1	1		0.50		0.99		2
2	1	22	132.45		4	4	4		3	0		1.00		1.49		2
2	1	23	138.73		2	2	2		2	1		0.50		1.25		2
2	1	24	144.51		2	1	1		2	0		4.00		0.91		2
2	1	25	153.79		4	3	3		3	1		0.50		2.04		2
2	1	26	159.58		3	3	3		3	1		0.50		1.25		2
2	1	27	165.36		2	2	2		2	1		0.50		1.39		2
2	1	28	171.12		1	2	2		2	1		1.00		2.38		2
2	1	29	177.41		2	2	2		2	1		0.50		1.28		2
2	1	30	183.19		3	4	4		3	0		0.50		1.12		2
2	1	31	188.97		4	4	4		4	1		0.50		0.85		2
2	1	32	194.75		1	1	1		1	1		0.50		1.02		2
2	1	33	200.54		4	4	4		NaN	NaN		0.50		NaN		2
2	1	34	206.32		2	2	2		2	1		0.50		1.89		2
2	1	35	212.10		2	1	1		1	2		1.00		0.00		1
2	1	36	218.38		1	1	1		1	1		0.50		0.86		2
2	1	37	224.15		3	4	4		3	0		0.50		0.83		2
2	1	38	229.93		4	4	4		4	1		1.00		2.45		2
2	1	39	236.21		3	3	3		3	1		0.50		0.83		2
2	1	40	242.00		2	1	1		2	0		0.50		0.91		2
2	1	41	247.78		3	4	4		3	0		0.50		1.48		2
2	1	42	253.56		1	2	2		2	1		1.00		2.51		2
2	1	43	259.84		1	1	1		1	1		1.00		2.58		2
2	1	44	266.13		1	2	2		2	1		1.00		2.36		2
2	1	45	272.41		2	1	1		2	0		0.50		1.13		2
2	1	46	278.19		4	4	4		3	0		4.00		0.87		2
2	1	47	287.47		4	3	3		3	1		1.00		2.38		2
2	1	48	293.76		2	1	1		1	1		1.00		2.53		2
2	1	49	300.04		2	2	2		2	1		4.00		3.06		2
2	1	50	309.32		1	2	2		2	1		0.50		1.89		2
2	1	51	315.10		1	1	1		2	0		1.00		2.32		2
2	1	52	321.38		1	1	1		2	0		1.00		0.73		2
2	1	53	327.67		3	3	3		3	1		0.50		1.98		2
2	1	54	333.45		2	1	1		2	3		0.00		0.00		5.000000e-01
2	1	55	339.23		1	1	1		2	0		4.00		2.76		2
2	1	56	348.51		2	1	1		2	0		1.00		1.02		2
2	1	57	354.80		1	2	2		2	1		0.50		1.93		2
2	1	58	360.58		3	3	3		3	1		0.50		2.21		2
2	1	59	366.36		4	4	4		4	1		1.00		2.48		2
2	1	60	372.64		3	4	4		NaN	NaN		1.00		NaN		2
2	1	61	378.93		4	3	3		NaN	NaN		0.50		NaN		2
2	1	62	384.71		1	2	2		2	1		0.50		1.17		2
2	1	63	390.49		1	1	1		2	0		1.00		3.15		2
2	1	64	396.77		2	2	2		1	0		1.00		1.39		2
2	1	65	403.06		4	3	3		NaN	NaN		1.00		NaN		2
2	1	66	409.34		4	3	3		NaN	NaN		1.00		NaN		2
2	1	67	415.62		2	1	1		NaN	NaN		0.50		NaN		2
2	1	68	421.40		3	3	3		3	1		0.50		2.22		2
2	1	69	427.19		4	3	3		3	1		4.00		5.47		2
2	1	70	436.47		4	3	3		3	1		1.00		2.40		2
2	1	71	442.75		4	3	3		3	1		1.00		2.34		2
2	1	72	449.03		4	3	3		3	1		0.50		1.78		2
2	1	73	454.81		2	1	1		1	1		0.50		1.85		2
2	1	74	460.60		3	3	3		3	1		1.00		2.33		2
2	1	75	466.88		3	4	4		4	1		1.00		2.35		2
2	1	76	473.16		3	3	3		3	1		1.00		2.23		2
2	1	77	479.45		4	4	4		4	1		1.00		2.28		2
2	1	78	485.73		2	2	2		2	1		1.00		2.36		2
2	1	79	492.01		1	1	1		1	1		1.00		2.29		2
2	1	80	498.29		3	3	3		3	1		4.00		5.52		2
2	1	81	507.57		2	1	1		1	1		0.50		1.87		2
2	1	82	513.36		1	2	2		2	1		4.00		5.22		2
2	1	83	522.64		2	2	2		1	0		4.00		4.95		2
2	1	84	531.92		4	4	4		4	1		0.50		2.07		2
2	1	85	537.70		1	1	1		1	1		0.50		1.97		2
2	1	86	543.48		1	2	2		2	1		0.50		1.91		2
2	1	87	549.27		3	4	4		4	1		0.50		1.27		2
2	1	88	555.05		1	1	1		1	1		0.50		1.33		2
2	1	89	560.83		2	2	2		2	1		1.00		2.23		2
2	1	90	567.11		3	4	4		3	0		0.50		1.39		2
2	1	91	572.90		1	2	2		2	1		4.00		5.43		2
2	1	92	582.18		4	4	4		3	0		0.50		1.35		2
2	1	93	587.96		3	4	4		4	1		4.00		5.48		2
2	1	94	597.24		3	3	3		3	1		1.00		1.61		2
2	1	95	603.53		1	1	1		1	1		0.50		1.03		2
2	1	96	609.31		3	4	4		4	1		0.50		0.94		2
2	1	97	615.09		2	2	2		2	1		0.50		1.37		2
2	1	98	620.87		3	3	3		3	1		1.00		1.42		2
2	1	99	627.16		3	3	3		4	0		1.00		1.22		2
2	1	100	633.44		4	4	4		3	0		1.00		1.47		2
2	2	101	652.77		1	1	1		1	1		0.50		1.47		2
2	2	102	659.55		4	4	4		4	1		0.50		2.45		2
2	2	103	666.33		1	1	1		2	0		0.50		2.17		2
2	2	104	673.11		1	1	1		1	1		0.50		1.25		2
2	2	105	679.90		3	4	4		4	1		0.50		0.68		2
2	2	106	686.68		4	3	3		3	1		0.50		1.11		2
2	2	107	693.46		2	2	2		2	1		1.00		2.73		2
2	2	108	700.74		2	2	2		2	1		4.00		1.32		2
2	2	109	711.03		4	4	4		3	0		1.00		1.03		2
2	2	110	718.31		1	2	2		1	0		0.50		1.25		2
2	2	111	725.09		3	4	4		4	1		0.50		1.25		2
2	2	112	731.87		1	1	1		1	1		0.50		2.85		2
2	2	113	738.65		4	4	4		3	0		1.00		3.62		2
2	2	114	745.94		2	2	2		2	1		0.50		1.27		2
2	2	115	752.72		4	3	3		3	1		1.00		1.50		2
2	2	116	760.00		4	3	3		3	1		1.00		2.90		2
2	2	117	767.28		4	3	3		4	0		0.50		1.48		2
2	2	118	774.07		1	2	2		2	1		4.00		6.20		2
2	2	119	784.35		1	2	2		1	0		0.50		1.45		2
2	2	120	791.13		4	4	4		4	1		1.00		1.44		2
2	2	121	798.41		3	3	3		4	0		0.50		1.25		2
2	2	122	805.19		1	1	1		1	1		1.00		3.42		2
2	2	123	812.48		3	4	4		4	1		1.00		4.47		2
2	2	124	819.76		3	4	4		4	1		0.50		2.30		2
2	2	125	826.54		4	4	4		4	1		4.00		6.90		2
2	2	126	836.82		3	3	3		3	1		0.50		3.08		2
2	2	127	843.61		2	1	1		2	0		0.50		3.30		2
2	2	128	850.39		2	2	2		2	1		4.00		7.53		2
2	2	129	860.67		2	1	1		2	0		4.00		6.85		2
2	2	130	870.95		4	4	4		4	1		1.00		4.45		2
2	2	131	878.23		2	1	1		2	0		1.00		1.52		2
2	2	132	885.52		3	3	3		4	0		1.00		1.28		2
2	2	133	892.80		2	2	2		2	1		0.50		0.96		2
2	2	134	899.58		2	2	2		2	1		1.00		1.26		2
2	2	135	906.86		3	3	3		4	0		0.50		0.79		2
2	2	136	913.65		4	4	4		4	1		0.50		3.03		2
2	2	137	920.43		1	2	2		1	0		1.00		4.07		2
2	2	138	927.71		2	2	2		2	1		0.50		2.78		2
2	2	139	934.49		2	1	1		1	1		1.00		3.97		2
2	2	140	941.77		1	1	1		1	1		0.50		3.67		2
2	2	141	948.56		4	3	3		3	1		0.50		3.58		2
2	2	142	955.34		3	4	4		4	1		1.00		3.70		2
2	2	143	962.62		1	1	1		NaN	0		4.00		NaN		2
2	2	144	972.90		2	1	1		1	1		0.50		3.48		2
2	2	145	979.69		1	2	2		2	1		0.50		2.65		2
2	2	146	986.47		3	4	4		4	1		0.50		3.20		2
2	2	147	993.25		1	1	1		1	1		0.50		3.33		2
2	2	148	1000.03		1	2	2		2	1		0.50		4.03		2
2	2	149	1006.81		2	2	2		2	1		1.00		3.13		2
2	2	150	1014.10		1	1	1		1	1		0.50		3.40		2
2	2	151	1020.88		4	3	3		3	1		0.50		2.68		2
2	2	152	1027.66		3	3	3		3	1		0.50		3.93		2
2	2	153	1034.44		3	4	4		4	1		0.50		3.52		2
2	2	154	1041.23		3	4	4		4	1		0.50		2.72		2
2	2	155	1048.01		2	1	1		1	1		0.50		3.33		2
2	2	156	1054.79		1	2	2		2	1		1.00		3.83		2
2	2	157	1062.07		1	2	2		2	1		1.00		4.67		2
2	2	158	1069.35		4	4	4		4	1		0.50		2.80		2
2	2	159	1076.14		1	1	1		1	1		0.50		3.07		2
2	2	160	1082.92		2	2	2		2	1		0.50		3.72		2
2	2	161	1089.70		4	3	3		NaN	0		1.00		NaN		2
2	2	162	1096.98		2	2	2		1	0		1.00		3.60		2
2	2	163	1104.27		1	1	1		1	1		1.00		4.50		2
2	2	164	1111.55		4	3	3		3	1		1.00		3.17		2
2	2	165	1118.83		2	1	1		1	1		1.00		4.47		2
2	2	166	1126.11		3	3	3		3	1		4.00		5.57		2
2	2	167	1136.40		4	3	3		3	1		4.00		5.72		2
2	2	168	1146.68		3	3	3		3	1		0.50		2.32		2
2	2	169	1153.46		3	3	3		3	1		0.50		3.57		2
2	2	170	1160.24		3	4	4		3	0		4.00		6.30		2
2	2	171	1170.52		4	4	4		4	1		0.50		2.52		2
2	2	172	1177.31		3	3	3		3	1		1.00		3.85		2
2	2	173	1184.59		3	3	3		3	1		1.00		3.00		2
2	2	174	1191.87		4	3	3		3	1		1.00		3.48		2
2	2	175	1199.15		2	2	2		2	1		1.00		3.08		2
2	2	176	1206.44		1	1	1		1	1		1.00		4.32		2
2	2	177	1213.72		2	2	2		2	1		1.00		3.28		2
2	2	178	1221.00		4	4	4		4	1		4.00		5.87		2
2	2	179	1231.28		3	4	4		4	1		1.00		3.02		2
2	2	180	1238.56		2	1	1		2	0		0.50		2.47		2
