*********************************************
* Combray
* Date/Time: 01-May-2015 11:48:27
* Seed: 209444.8905
* Subject Number: 30
* Subject Name: km
*********************************************

Block	Phase	Trial	RunningTime	Cue	Image	CorrResp	Resp	Accuracy	ISI	RT_from_CueOnset	ITI
1	1	1	0.53		2	2	2		2	1		1.00		2.69		2
1	1	2	6.82		1	1	1		1	1		1.00		2.41		2
1	1	3	13.10		3	3	3		3	1		1.00		2.97		2
1	1	4	19.38		2	2	2		2	1		1.00		2.27		2
1	1	5	25.66		4	4	4		4	1		1.00		2.27		2
1	1	6	31.95		2	1	1		1	1		1.00		2.43		2
1	1	7	38.23		4	4	4		4	1		1.00		0.82		2
1	1	8	44.51		3	3	3		3	1		1.00		0.83		2
1	1	9	50.79		3	4	4		4	1		1.00		2.42		2
1	1	10	57.08		3	3	3		4	0		1.00		1.08		2
1	1	11	63.36		4	3	3		4	0		1.00		0.91		2
1	1	12	69.64		1	2	2		2	1		1.00		2.24		2
1	1	13	75.92		4	3	3		3	1		1.00		2.15		2
1	1	14	82.20		2	2	2		2	1		1.00		2.12		2
1	1	15	88.49		2	2	2		2	1		1.00		1.16		2
1	1	16	94.77		4	4	4		3	0		1.00		1.04		2
1	1	17	101.05		2	2	2		2	1		1.00		1.03		2
1	1	18	107.33		3	4	4		4	1		1.00		2.21		2
1	1	19	113.62		1	1	1		1	1		1.00		1.26		2
1	1	20	119.90		3	3	3		3	1		1.00		2.30		2
1	1	21	126.18		3	4	4		4	1		1.00		2.11		2
1	1	22	132.46		4	3	3		3	1		1.00		2.18		2
1	1	23	138.75		1	1	1		1	1		1.00		2.50		2
1	1	24	145.03		3	3	3		3	1		1.00		2.40		2
1	1	25	151.31		3	3	3		3	1		1.00		2.05		2
1	1	26	157.59		2	1	1		2	0		1.00		1.09		2
1	1	27	163.88		3	3	3		3	1		1.00		2.14		2
1	1	28	170.16		4	4	4		4	1		1.00		2.23		2
1	1	29	176.44		3	3	3		3	1		1.00		2.14		2
1	1	30	182.72		4	4	4		4	1		1.00		2.27		2
1	1	31	189.00		1	1	1		1	1		1.00		2.21		2
1	1	32	195.29		1	1	1		1	1		1.00		2.24		2
1	1	33	201.57		1	1	1		1	1		1.00		2.41		2
1	1	34	207.85		4	3	3		4	0		1.00		1.67		2
1	1	35	214.13		1	2	2		2	1		1.00		2.53		2
1	1	36	220.42		2	2	2		2	1		1.00		2.46		2
1	1	37	226.70		3	3	3		3	1		1.00		2.48		2
1	1	38	232.98		4	4	4		3	0		1.00		2.11		2
1	1	39	239.26		2	2	2		2	1		1.00		2.46		2
1	1	40	245.55		4	3	3		3	1		1.00		2.14		2
1	1	41	251.83		3	3	3		3	1		1.00		2.34		2
1	1	42	258.11		1	1	1		1	1		1.00		2.04		2
1	1	43	264.39		4	3	3		3	1		1.00		1.11		2
1	1	44	270.68		2	2	2		2	1		1.00		2.46		2
1	1	45	276.96		1	1	1		1	1		1.00		2.39		2
1	1	46	283.24		4	4	4		3	0		1.00		1.49		2
1	1	47	289.52		3	3	3		3	1		1.00		2.53		2
1	1	48	295.81		1	1	1		1	1		1.00		2.31		2
1	1	49	302.09		2	2	2		2	1		1.00		2.30		2
1	1	50	308.37		3	3	3		NaN	NaN		1.00		NaN		2
1	1	51	314.65		4	4	4		4	1		1.00		2.36		2
1	1	52	320.93		1	1	1		1	1		1.00		2.32		2
1	1	53	327.22		3	4	4		3	0		1.00		2.72		2
1	1	54	333.50		4	4	4		4	1		1.00		2.72		2
1	1	55	339.78		3	3	3		3	1		1.00		2.63		2
1	1	56	346.06		3	3	3		3	1		1.00		2.11		2
1	1	57	352.35		2	2	2		2	1		1.00		2.49		2
1	1	58	358.63		1	1	1		1	1		1.00		2.42		2
1	1	59	364.91		4	3	3		3	1		1.00		2.57		2
1	1	60	371.19		1	1	1		1	1		1.00		2.16		2
1	1	61	377.48		3	4	4		4	1		1.00		2.25		2
1	1	62	383.76		1	1	1		1	1		1.00		2.38		2
1	1	63	390.04		2	1	1		2	0		1.00		2.13		2
1	1	64	396.32		1	1	1		1	1		1.00		2.32		2
1	1	65	402.61		4	4	4		4	1		1.00		2.22		2
1	1	66	408.89		4	3	3		3	1		1.00		2.47		2
1	1	67	415.17		1	1	1		1	1		1.00		2.29		2
1	1	68	421.45		1	1	1		1	1		1.00		2.30		2
1	1	69	427.74		2	2	2		2	1		1.00		2.19		2
1	1	70	434.02		1	2	2		2	1		1.00		2.49		2
1	1	71	440.30		1	1	1		1	1		1.00		2.37		2
1	1	72	446.58		2	2	2		2	1		1.00		3.36		2
1	1	73	452.86		4	4	4		4	1		1.00		2.44		2
1	1	74	459.15		4	4	4		4	1		1.00		3.55		2
1	1	75	465.43		2	2	2		2	1		1.00		2.45		2
1	1	76	471.71		1	1	1		1	1		1.00		2.50		2
1	1	77	477.99		3	4	4		4	1		1.00		2.43		2
1	1	78	484.28		3	3	3		3	1		1.00		2.54		2
1	1	79	490.56		2	2	2		2	1		1.00		2.38		2
1	1	80	496.84		1	2	2		2	1		1.00		2.65		2
1	1	81	503.12		2	2	2		2	1		1.00		2.77		2
1	1	82	509.41		4	4	4		NaN	NaN		1.00		NaN		2
1	1	83	515.69		2	1	1		1	1		1.00		2.31		2
1	1	84	521.97		2	2	2		2	1		1.00		2.38		2
1	1	85	528.25		4	4	4		4	1		1.00		2.37		2
1	1	86	534.54		2	2	2		2	1		1.00		2.42		2
1	1	87	540.82		1	1	1		1	1		1.00		2.37		2
1	1	88	547.10		2	1	1		1	1		1.00		2.30		2
1	1	89	553.38		2	2	2		2	1		1.00		2.40		2
1	1	90	559.67		2	2	2		2	1		1.00		2.36		2
1	1	91	565.95		3	3	3		4	0		1.00		2.73		2
1	1	92	572.23		3	3	3		3	1		1.00		2.54		2
1	1	93	578.51		4	4	4		4	1		1.00		2.46		2
1	1	94	584.79		4	4	4		4	1		1.00		2.33		2
1	1	95	591.08		3	4	4		4	1		1.00		2.33		2
1	1	96	597.36		2	2	2		1	0		1.00		2.23		2
1	1	97	603.64		1	2	2		2	1		1.00		2.24		2
1	1	98	609.92		3	3	3		4	0		1.00		2.64		2
1	1	99	616.21		1	1	1		1	1		1.00		2.68		2
1	1	100	622.49		4	4	4		4	1		1.00		2.41		2
1	2	101	712.71		4	4	4		4	1		10.00		12.87		2
1	2	102	728.99		3	4	4		4	1		8.00		10.13		2
1	2	103	743.27		4	4	4		4	1		10.00		1.57		2
1	2	104	759.55		3	4	4		4	1		10.00		2.81		2
1	2	105	775.83		3	3	3		4	0		10.00		1.00		2
1	2	106	792.11		1	1	1		1	1		6.00		1.35		2
1	2	107	804.39		4	3	3		4	0		10.00		1.00		2
1	2	108	820.68		1	1	1		1	1		8.00		1.37		2
1	2	109	834.96		2	2	2		2	1		10.00		1.29		2
1	2	110	851.24		3	3	3		3	1		8.00		1.49		2
1	2	111	865.52		4	4	4		3	0		6.00		1.55		2
1	2	112	877.80		1	1	1		1	1		8.00		1.21		2
1	2	113	892.08		1	1	1		2	0		6.00		1.17		2
1	2	114	904.36		2	2	2		1	0		6.00		2.05		2
1	2	115	916.65		3	4	4		4	1		6.00		1.51		2
1	2	116	928.93		4	4	4		3	0		10.00		1.89		2
1	2	117	945.21		4	4	4		3	0		8.00		1.42		2
1	2	118	959.49		2	2	2		1	0		6.00		1.52		2
1	2	119	971.77		2	2	2		1	0		6.00		1.30		2
1	2	120	984.05		2	2	2		2	1		6.00		1.50		2
1	2	121	996.33		2	1	1		2	0		8.00		1.71		2
1	2	122	1010.61		3	3	3		4	0		8.00		11.63		2
1	2	123	1024.89		3	3	3		3	1		8.00		9.93		2
1	2	124	1039.18		3	4	4		4	1		8.00		9.92		2
1	2	125	1053.46		3	4	4		4	1		10.00		12.08		2
1	2	126	1069.74		1	1	1		1	1		6.00		7.97		2
1	2	127	1082.02		1	2	2		2	1		8.00		10.17		2
1	2	128	1096.30		4	4	4		4	1		6.00		7.82		2
1	2	129	1108.58		3	3	3		4	0		6.00		7.95		2
1	2	130	1120.86		3	3	3		4	0		10.00		12.35		2
1	2	131	1137.14		2	2	2		2	1		10.00		12.17		2
1	2	132	1153.43		2	1	1		1	1		10.00		11.65		2
1	2	133	1169.71		4	4	4		3	0		10.00		13.43		2
1	2	134	1185.99		2	2	2		2	1		6.00		8.05		2
1	2	135	1198.27		4	4	4		4	1		8.00		10.23		2
1	2	136	1212.55		1	1	1		1	1		8.00		9.50		2
1	2	137	1226.83		1	1	1		2	0		10.00		12.23		2
1	2	138	1243.11		4	3	3		3	1		8.00		9.95		2
1	2	139	1257.39		4	4	4		4	1		6.00		8.32		2
1	2	140	1269.67		2	1	1		1	1		10.00		12.00		2
1	2	141	1285.96		2	2	2		2	1		8.00		9.68		2
1	2	142	1300.24		1	1	1		1	1		6.00		7.72		2
1	2	143	1312.52		2	2	2		2	1		8.00		9.71		2
1	2	144	1326.80		3	3	3		3	1		8.00		9.77		2
1	2	145	1341.08		4	3	3		3	1		8.00		9.85		2
1	2	146	1355.36		1	1	1		1	1		10.00		11.90		2
1	2	147	1371.64		1	2	2		2	1		8.00		9.50		2
1	2	148	1385.92		1	1	1		1	1		8.00		10.17		2
1	2	149	1400.21		3	3	3		4	0		10.00		12.20		2
1	2	150	1416.49		4	4	4		4	1		8.00		10.22		2
1	2	151	1430.77		1	1	1		1	1		6.00		7.45		2
1	2	152	1443.05		1	1	1		1	1		6.00		8.12		2
1	2	153	1455.33		4	4	4		4	1		8.00		10.28		2
1	2	154	1469.61		3	3	3		4	0		6.00		7.97		2
1	2	155	1481.89		4	3	3		4	0		6.00		7.87		2
1	2	156	1494.18		3	3	3		4	0		8.00		9.75		2
1	2	157	1508.46		1	1	1		1	1		10.00		11.90		2
1	2	158	1524.74		4	3	3		3	1		6.00		8.20		2
1	2	159	1537.02		1	2	2		2	1		6.00		7.70		2
1	2	160	1549.30		2	2	2		2	1		8.00		9.45		2
1	2	161	1563.58		3	4	4		4	1		6.00		8.00		2
1	2	162	1575.86		4	4	4		4	1		6.00		8.42		2
1	2	163	1588.14		2	1	1		1	1		6.00		8.08		2
1	2	164	1600.42		4	3	3		3	1		6.00		7.82		2
1	2	165	1612.71		1	2	2		2	1		10.00		11.73		2
1	2	166	1628.99		2	2	2		2	1		8.00		9.80		2
1	2	167	1643.27		1	1	1		1	1		10.00		11.85		2
1	2	168	1659.55		3	3	3		3	1		6.00		7.93		2
1	2	169	1671.83		4	4	4		4	1		6.00		7.90		2
1	2	170	1684.11		2	2	2		2	1		10.00		11.73		2
1	2	171	1700.39		2	2	2		2	1		6.00		7.87		2
1	2	172	1712.67		3	3	3		3	1		6.00		7.75		2
1	2	173	1724.96		2	2	2		2	1		10.00		12.12		2
1	2	174	1741.24		3	3	3		3	1		10.00		12.13		2
1	2	175	1757.52		1	1	1		1	1		10.00		11.82		2
1	2	176	1773.80		3	3	3		3	1		10.00		11.83		2
1	2	177	1790.08		1	1	1		1	1		8.00		9.82		2
1	2	178	1804.36		2	2	2		2	1		8.00		9.67		2
1	2	179	1818.64		2	2	2		2	1		10.00		11.72		2
1	2	180	1834.92		4	3	3		3	1		10.00		12.15		2
Block	Phase	Trial	RunningTime	Cue	Image	CorrResp	Resp	Accuracy	ISI	RT_from_CueOnset	ITI
2	1	1	0.52		3	3	3		3	1		1.00		3.26		2
2	1	2	6.80		4	4	4		4	1		1.00		2.36		2
2	1	3	13.08		2	2	2		2	1		1.00		2.60		2
2	1	4	19.36		4	4	4		4	1		1.00		2.54		2
2	1	5	25.65		1	1	1		1	1		1.00		2.65		2
2	1	6	31.93		3	3	3		3	1		1.00		2.48		2
2	1	7	38.21		4	3	3		4	0		1.00		2.53		2
2	1	8	44.49		3	3	3		3	1		1.00		2.30		2
2	1	9	50.78		1	2	2		2	1		1.00		2.31		2
2	1	10	57.06		4	3	3		3	1		1.00		3.66		2
2	1	11	63.34		1	2	2		2	1		1.00		2.11		2
2	1	12	69.61		2	2	2		2	1		1.00		2.38		2
2	1	13	75.89		4	4	4		4	1		1.00		2.43		2
2	1	14	82.17		3	3	3		3	1		1.00		2.39		2
2	1	15	88.45		2	1	1		1	1		1.00		2.50		2
2	1	16	94.74		4	4	4		4	1		1.00		2.38		2
2	1	17	101.02		1	1	1		1	1		1.00		2.52		2
2	1	18	107.30		3	4	4		4	1		1.00		2.34		2
2	1	19	113.58		3	3	3		3	1		1.00		2.53		2
2	1	20	119.87		2	1	1		1	1		1.00		2.54		2
2	1	21	126.15		2	2	2		2	1		1.00		2.41		2
2	1	22	132.43		2	1	1		1	1		1.00		2.49		2
2	1	23	138.71		2	1	1		1	1		1.00		2.35		2
2	1	24	144.99		2	1	1		1	1		1.00		2.14		2
2	1	25	151.28		2	1	1		1	1		1.00		1.28		2
2	1	26	157.56		4	4	4		4	1		1.00		2.57		2
2	1	27	163.83		1	1	1		2	0		1.00		1.45		2
2	1	28	170.11		4	4	4		4	1		1.00		2.41		2
2	1	29	176.39		4	3	3		3	1		1.00		2.34		2
2	1	30	182.67		4	4	4		3	0		1.00		2.24		2
2	1	31	188.96		3	4	4		4	1		1.00		2.33		2
2	1	32	195.24		1	1	1		1	1		1.00		2.36		2
2	1	33	201.52		2	2	2		2	1		1.00		2.82		2
2	1	34	207.80		1	1	1		1	1		1.00		2.63		2
2	1	35	214.08		2	2	2		2	1		1.00		2.37		2
2	1	36	220.35		1	1	1		1	1		1.00		2.39		2
2	1	37	226.63		3	3	3		3	1		1.00		2.47		2
2	1	38	232.91		4	4	4		4	1		1.00		2.35		2
2	1	39	239.20		3	3	3		3	1		1.00		2.41		2
2	1	40	245.48		2	1	1		1	1		1.00		2.44		2
2	1	41	251.76		3	4	4		4	1		1.00		2.36		2
2	1	42	258.04		1	2	2		2	1		1.00		2.41		2
2	1	43	264.33		1	1	1		1	1		1.00		2.85		2
2	1	44	270.61		3	4	4		4	1		1.00		2.45		2
2	1	45	276.89		2	1	1		1	1		1.00		2.39		2
2	1	46	283.17		1	1	1		1	1		1.00		2.44		2
2	1	47	289.46		1	1	1		1	1		1.00		2.52		2
2	1	48	295.74		2	2	2		2	1		1.00		2.52		2
2	1	49	302.02		1	2	2		2	1		1.00		2.50		2
2	1	50	308.30		4	3	3		3	1		1.00		2.61		2
2	1	51	314.59		4	3	3		3	1		1.00		2.51		2
2	1	52	320.87		3	4	4		4	1		1.00		2.52		2
2	1	53	327.15		3	3	3		3	1		1.00		2.36		2
2	1	54	333.43		4	3	3		3	1		1.00		2.42		2
2	1	55	339.72		3	3	3		3	1		1.00		2.33		2
2	1	56	346.00		1	2	2		2	1		1.00		2.67		2
2	1	57	352.28		4	4	4		4	1		1.00		2.36		2
2	1	58	358.56		2	1	1		1	1		1.00		2.54		2
2	1	59	364.85		3	4	4		4	1		1.00		2.32		2
2	1	60	371.13		1	2	2		2	1		1.00		2.58		2
2	1	61	377.41		3	4	4		4	1		1.00		2.43		2
2	1	62	383.69		4	4	4		4	1		1.00		2.37		2
2	1	63	389.98		1	2	2		2	1		1.00		2.42		2
2	1	64	396.24		2	2	2		2	1		1.00		2.41		2
2	1	65	402.52		2	1	1		1	1		1.00		2.50		2
2	1	66	408.81		2	1	1		1	1		1.00		2.64		2
2	1	67	415.09		4	4	4		4	1		1.00		2.41		2
2	1	68	421.37		1	2	2		2	1		1.00		2.51		2
2	1	69	427.65		4	4	4		4	1		1.00		2.49		2
2	1	70	433.93		4	3	3		3	1		1.00		2.90		2
2	1	71	440.22		1	2	2		2	1		1.00		2.54		2
2	1	72	446.50		1	2	2		2	1		1.00		2.57		2
2	1	73	452.78		3	3	3		3	1		1.00		2.34		2
2	1	74	459.06		1	2	2		2	1		1.00		2.43		2
2	1	75	465.35		1	2	2		2	1		1.00		2.40		2
2	1	76	471.63		2	2	2		2	1		1.00		2.49		2
2	1	77	477.91		2	1	1		2	0		1.00		2.68		2
2	1	78	484.19		3	3	3		3	1		1.00		2.53		2
2	1	79	490.48		3	4	4		4	1		1.00		2.41		2
2	1	80	496.76		4	4	4		4	1		1.00		2.33		2
2	1	81	503.04		3	4	4		4	1		1.00		2.31		2
2	1	82	509.32		4	4	4		4	1		1.00		2.38		2
2	1	83	515.61		4	3	3		3	1		1.00		2.99		2
2	1	84	521.89		3	3	3		3	1		1.00		2.46		2
2	1	85	528.17		1	1	1		1	1		1.00		2.46		2
2	1	86	534.45		2	2	2		2	1		1.00		2.45		2
2	1	87	540.74		1	1	1		1	1		1.00		2.33		2
2	1	88	547.02		4	3	3		3	1		1.00		2.75		2
2	1	89	553.28		1	1	1		1	1		1.00		2.40		2
2	1	90	559.57		4	3	3		3	1		1.00		2.58		2
2	1	91	565.85		3	4	4		4	1		1.00		2.46		2
2	1	92	572.13		2	1	1		1	1		1.00		2.43		2
2	1	93	578.41		3	3	3		3	1		1.00		2.41		2
2	1	94	584.70		2	2	2		2	1		1.00		2.47		2
2	1	95	590.98		3	3	3		3	1		1.00		2.54		2
2	1	96	597.26		2	2	2		2	1		1.00		2.78		2
2	1	97	603.54		4	4	4		4	1		1.00		2.39		2
2	1	98	609.83		1	1	1		1	1		1.00		2.35		2
2	1	99	616.11		2	2	2		2	1		1.00		2.37		2
2	1	100	622.39		3	3	3		3	1		1.00		2.44		2
2	2	101	637.44		2	2	2		1	0		6.00		8.12		2
2	2	102	649.72		4	3	3		3	1		6.00		8.15		2
2	2	103	662.00		3	3	3		3	1		10.00		12.27		2
2	2	104	678.28		1	1	1		2	0		6.00		8.13		2
2	2	105	690.56		2	1	1		1	1		8.00		10.57		2
2	2	106	704.84		3	4	4		4	1		8.00		9.95		2
2	2	107	719.13		2	1	1		1	1		10.00		12.67		2
2	2	108	735.39		3	3	3		4	0		6.00		8.13		2
2	2	109	747.67		2	1	1		1	1		6.00		8.58		2
2	2	110	759.95		2	2	2		2	1		8.00		10.06		2
2	2	111	774.23		4	3	3		3	1		10.00		11.98		2
2	2	112	790.51		3	4	4		3	0		10.00		11.87		2
2	2	113	806.80		1	1	1		1	1		8.00		10.28		2
2	2	114	821.08		2	2	2		1	0		8.00		10.73		2
2	2	115	835.36		2	1	1		1	1		10.00		11.93		2
2	2	116	851.64		2	1	1		1	1		6.00		7.83		2
2	2	117	863.92		1	1	1		1	1		10.00		12.16		2
2	2	118	880.20		4	3	3		3	1		6.00		8.83		2
2	2	119	892.48		1	2	2		2	1		8.00		9.85		2
2	2	120	906.76		4	4	4		4	1		6.00		8.37		2
2	2	121	919.05		3	3	3		3	1		8.00		10.07		2
2	2	122	933.33		2	1	1		2	0		10.00		12.70		2
2	2	123	949.61		2	1	1		1	1		10.00		13.08		2
2	2	124	965.89		4	4	4		4	1		8.00		9.55		2
2	2	125	980.17		4	4	4		4	1		10.00		11.70		2
2	2	126	996.45		3	3	3		3	1		8.00		10.17		2
2	2	127	1010.73		2	2	2		2	1		6.00		8.65		2
2	2	128	1023.01		1	1	1		2	0		10.00		11.90		2
2	2	129	1039.29		3	3	3		3	1		10.00		11.80		2
2	2	130	1055.58		4	4	4		4	1		10.00		11.86		2
2	2	131	1071.86		3	4	4		4	1		6.00		7.95		2
2	2	132	1084.14		1	2	2		2	1		8.00		10.42		2
2	2	133	1098.42		4	3	3		3	1		8.00		9.97		2
2	2	134	1112.70		1	2	2		2	1		6.00		8.63		2
2	2	135	1124.98		1	2	2		2	1		6.00		8.12		2
2	2	136	1137.26		3	3	3		3	1		6.00		8.82		2
2	2	137	1149.55		4	3	3		4	0		8.00		10.85		2
2	2	138	1163.83		1	1	1		NaN	0		10.00		NaN		2
2	2	139	1180.11		4	3	3		3	1		8.00		9.60		2
2	2	140	1194.39		3	3	3		3	1		8.00		10.28		2
2	2	141	1208.67		4	4	4		4	1		6.00		7.90		2
2	2	142	1220.95		2	1	1		1	1		6.00		8.52		2
2	2	143	1233.23		4	4	4		4	1		8.00		9.72		2
2	2	144	1247.51		1	2	2		1	0		8.00		10.40		2
2	2	145	1261.79		2	2	2		1	0		6.00		8.82		2
2	2	146	1274.08		3	3	3		4	0		10.00		11.73		2
2	2	147	1290.36		3	4	4		4	1		10.00		11.63		2
2	2	148	1306.64		1	1	1		1	1		6.00		8.35		2
2	2	149	1318.92		1	2	2		2	1		8.00		10.17		2
2	2	150	1333.20		2	2	2		1	0		6.00		9.43		2
2	2	151	1345.48		4	4	4		4	1		10.00		11.55		2
2	2	152	1361.76		3	3	3		3	1		6.00		7.90		2
2	2	153	1374.04		1	2	2		2	1		10.00		12.32		2
2	2	154	1390.33		3	3	3		3	1		6.00		8.78		2
2	2	155	1402.61		1	1	1		1	1		6.00		8.02		2
2	2	156	1414.89		1	2	2		1	0		10.00		12.25		2
2	2	157	1431.17		3	4	4		4	1		10.00		12.20		2
2	2	158	1447.45		4	3	3		3	1		6.00		8.18		2
2	2	159	1459.73		4	4	4		3	0		10.00		12.32		2
2	2	160	1476.01		3	3	3		3	1		8.00		9.82		2
2	2	161	1490.29		1	1	1		1	1		8.00		10.88		2
2	2	162	1504.57		3	3	3		3	1		10.00		11.78		2
2	2	163	1520.86		1	2	2		1	0		10.00		12.33		2
2	2	164	1537.14		1	1	1		2	0		6.00		9.57		2
2	2	165	1549.42		1	2	2		1	0		6.00		8.28		2
2	2	166	1561.70		4	4	4		4	1		6.00		8.33		2
2	2	167	1573.98		4	4	4		4	1		6.00		8.02		2
2	2	168	1586.26		4	3	3		3	1		10.00		12.52		2
2	2	169	1602.54		4	4	4		4	1		10.00		11.86		2
2	2	170	1618.82		2	2	2		2	1		10.00		12.37		2
2	2	171	1635.10		4	4	4		4	1		8.00		10.65		2
2	2	172	1649.39		3	4	4		4	1		8.00		10.28		2
2	2	173	1663.67		2	1	1		1	1		8.00		10.07		2
2	2	174	1677.95		2	2	2		2	1		8.00		9.95		2
2	2	175	1692.23		3	4	4		4	1		8.00		9.80		2
2	2	176	1706.51		2	2	2		1	0		10.00		12.02		2
2	2	177	1722.79		3	4	4		4	1		6.00		7.87		2
2	2	178	1735.07		2	2	2		1	0		10.00		12.93		2
2	2	179	1751.35		1	1	1		1	1		8.00		10.07		2
2	2	180	1765.64		2	1	1		1	1		8.00		10.33		2
