*********************************************
* Combray
* Date/Time: 10-Apr-2015 15:02:49
* Seed: 208968.816
* Subject Number: 21
* Subject Name: cre
*********************************************

Block	Phase	Trial	RunningTime	Cue	Image	CorrResp	Resp	Accuracy	ISI	RT_from_CueOnset	ITI
1	1	1	0.52		1	1	1		1	1		1.00		2.48		2
1	1	2	6.80		3	4	4		4	1		0.50		1.82		2
1	1	3	12.58		2	2	2		2	1		0.50		1.66		2
1	1	4	18.36		4	4	4		3	0		0.50		1.62		2
1	1	5	24.15		2	2	2		2	1		4.00		5.28		2
1	1	6	33.43		2	2	2		2	1		1.00		2.16		2
1	1	7	39.71		3	4	4		4	1		1.00		2.23		2
1	1	8	45.99		3	3	3		4	0		1.00		1.53		2
1	1	9	52.28		3	4	4		4	1		0.50		1.75		2
1	1	10	58.06		4	3	3		3	1		0.50		1.86		2
1	1	11	63.84		2	1	1		2	0		0.50		1.31		2
1	1	12	69.62		2	2	2		2	1		0.50		1.75		2
1	1	13	75.41		1	1	1		1	1		0.50		1.73		2
1	1	14	81.19		4	3	3		3	1		1.00		2.40		2
1	1	15	87.47		4	4	4		3	0		1.00		0.59		2
1	1	16	93.75		3	3	3		4	0		0.50		1.76		2
1	1	17	99.53		4	3	3		3	1		1.00		2.23		2
1	1	18	105.82		1	1	1		1	1		0.50		1.84		2
1	1	19	111.60		1	2	2		2	1		0.50		1.70		2
1	1	20	117.38		1	1	1		1	1		0.50		1.59		2
1	1	21	123.16		3	4	4		4	1		0.50		1.79		2
1	1	22	128.95		4	3	3		3	1		1.00		2.27		2
1	1	23	135.23		4	4	4		4	1		1.00		2.06		2
1	1	24	141.51		2	2	2		2	1		1.00		2.16		2
1	1	25	147.79		1	1	1		1	1		0.50		1.60		2
1	1	26	153.58		2	2	2		2	1		4.00		5.26		2
1	1	27	162.86		1	2	2		1	0		1.00		2.04		2
1	1	28	169.14		3	3	3		3	1		4.00		5.34		2
1	1	29	178.42		1	1	1		1	1		1.00		2.11		2
1	1	30	184.71		4	4	4		3	0		0.50		1.75		2
1	1	31	190.49		2	2	2		2	1		0.50		1.75		2
1	1	32	196.27		3	3	3		3	1		1.00		2.30		2
1	1	33	202.55		1	1	1		1	1		1.00		2.10		2
1	1	34	208.83		2	2	2		2	1		0.50		1.72		2
1	1	35	214.62		3	4	4		4	1		0.50		1.65		2
1	1	36	220.40		3	4	4		3	0		1.00		1.70		2
1	1	37	226.68		4	3	3		3	1		4.00		5.12		2
1	1	38	235.96		4	4	4		4	1		1.00		2.14		2
1	1	39	242.25		4	3	3		3	1		0.50		1.58		2
1	1	40	248.03		4	3	3		4	0		0.50		1.96		2
1	1	41	253.81		3	4	4		4	1		0.50		1.77		2
1	1	42	259.59		2	2	2		1	0		0.50		1.57		2
1	1	43	265.38		3	3	3		3	1		0.50		1.74		2
1	1	44	271.16		1	1	1		1	1		0.50		1.59		2
1	1	45	276.94		4	4	4		4	1		4.00		5.15		2
1	1	46	286.22		3	3	3		3	1		1.00		2.22		2
1	1	47	292.51		3	3	3		4	0		1.00		2.10		2
1	1	48	298.79		4	4	4		4	1		0.50		1.64		2
1	1	49	304.57		3	3	3		3	1		0.50		1.60		2
1	1	50	310.35		4	3	3		4	0		1.00		2.18		2
1	1	51	316.64		2	1	1		1	1		0.50		1.64		2
1	1	52	322.42		2	2	2		2	1		1.00		1.61		2
1	1	53	328.70		4	4	4		4	1		0.50		1.78		2
1	1	54	334.48		4	4	4		3	0		0.50		1.20		2
1	1	55	340.27		1	2	2		2	1		4.00		5.30		2
1	1	56	349.55		2	2	2		2	1		0.50		1.76		2
1	1	57	355.33		3	3	3		3	1		0.50		1.69		2
1	1	58	361.11		3	4	4		4	1		4.00		5.30		2
1	1	59	370.39		3	3	3		3	1		1.00		1.23		2
1	1	60	376.68		1	1	1		1	1		0.50		1.17		2
1	1	61	382.46		3	3	3		3	1		0.50		1.17		2
1	1	62	388.24		2	1	1		1	1		0.50		0.94		2
1	1	63	394.02		1	2	2		2	1		1.00		2.19		2
1	1	64	400.31		4	3	3		4	0		4.00		1.00		2
1	1	65	409.59		4	3	3		3	1		0.50		1.69		2
1	1	66	415.37		4	4	4		4	1		4.00		5.29		2
1	1	67	424.65		4	4	4		4	1		0.50		1.79		2
1	1	68	430.43		1	2	2		1	0		4.00		1.16		2
1	1	69	439.72		1	1	1		1	1		1.00		2.16		2
1	1	70	446.00		2	1	1		1	1		0.50		1.82		2
1	1	71	451.78		2	1	1		1	1		1.00		2.22		2
1	1	72	458.06		2	1	1		1	1		0.50		1.62		2
1	1	73	463.85		1	1	1		1	1		0.50		2.03		2
1	1	74	469.63		2	2	2		2	1		1.00		2.19		2
1	1	75	475.91		2	2	2		2	1		1.00		2.21		2
1	1	76	482.19		3	4	4		4	1		0.50		1.72		2
1	1	77	487.98		3	4	4		4	1		4.00		5.30		2
1	1	78	497.26		1	1	1		1	1		0.50		1.25		2
1	1	79	503.04		3	4	4		4	1		1.00		2.20		2
1	1	80	509.32		2	1	1		2	0		1.00		1.24		2
1	1	81	515.61		1	2	2		2	1		0.50		1.75		2
1	1	82	521.39		2	1	1		1	1		1.00		2.24		2
1	1	83	527.67		1	1	1		1	1		1.00		2.39		2
1	1	84	533.95		4	3	3		3	1		0.50		1.66		2
1	1	85	539.73		1	2	2		2	1		0.50		1.75		2
1	1	86	545.52		1	2	2		2	1		0.50		1.64		2
1	1	87	551.30		1	1	1		1	1		4.00		5.25		2
1	1	88	560.58		1	1	1		1	1		1.00		2.26		2
1	1	89	566.86		1	2	2		2	1		0.50		1.83		2
1	1	90	572.65		4	3	3		3	1		1.00		2.31		2
1	1	91	578.93		2	2	2		2	1		0.50		1.85		2
1	1	92	584.71		4	3	3		3	1		1.00		2.34		2
1	1	93	590.99		3	3	3		3	1		0.50		1.81		2
1	1	94	596.78		2	2	2		2	1		1.00		2.27		2
1	1	95	603.06		2	1	1		1	1		0.50		1.68		2
1	1	96	608.84		4	4	4		4	1		0.50		1.89		2
1	1	97	614.62		1	2	2		2	1		1.00		2.27		2
1	1	98	620.91		3	4	4		3	0		0.50		1.77		2
1	1	99	626.69		2	1	1		1	1		4.00		5.26		2
1	1	100	635.97		3	3	3		3	1		1.00		2.34		2
1	2	101	670.15		1	1	1		1	1		0.50		2.60		2
1	2	102	676.93		4	4	4		4	1		1.00		3.03		2
1	2	103	684.21		1	2	2		2	1		0.50		2.27		2
1	2	104	691.00		3	4	4		4	1		0.50		2.10		2
1	2	105	697.78		1	2	2		2	1		4.00		5.55		2
1	2	106	708.06		3	3	3		3	1		1.00		2.72		2
1	2	107	715.34		2	2	2		1	0		1.00		3.28		2
1	2	108	722.62		2	1	1		1	1		0.50		2.88		2
1	2	109	729.41		1	2	2		1	0		1.00		3.47		2
1	2	110	736.69		4	4	4		3	0		4.00		5.63		2
1	2	111	746.97		4	4	4		4	1		0.50		2.42		2
1	2	112	753.75		4	3	3		4	0		0.50		2.42		2
1	2	113	760.54		4	4	4		4	1		1.00		2.92		2
1	2	114	767.82		2	2	2		2	1		0.50		3.32		2
1	2	115	774.60		1	1	1		1	1		0.50		2.42		2
1	2	116	781.38		4	4	4		4	1		0.50		2.60		2
1	2	117	788.16		2	1	1		1	1		0.50		2.90		2
1	2	118	794.95		3	3	3		3	1		1.00		2.45		2
1	2	119	802.23		1	1	1		1	1		0.50		3.08		2
1	2	120	809.01		3	4	4		4	1		0.50		2.13		2
1	2	121	815.79		2	2	2		2	1		0.50		2.15		2
1	2	122	822.58		1	2	2		1	0		0.50		2.35		2
1	2	123	829.36		2	2	2		2	1		1.00		2.87		2
1	2	124	836.64		1	1	1		1	1		0.50		2.42		2
1	2	125	843.42		1	2	2		2	1		0.50		2.57		2
1	2	126	850.20		1	2	2		1	0		0.50		2.82		2
1	2	127	856.99		4	3	3		4	0		0.50		2.47		2
1	2	128	863.77		1	1	1		1	1		0.50		2.52		2
1	2	129	870.55		4	3	3		3	1		1.00		2.67		2
1	2	130	877.83		4	4	4		4	1		1.00		2.78		2
1	2	131	885.12		3	4	4		3	0		0.50		2.80		2
1	2	132	891.90		1	1	1		1	1		1.00		3.42		2
1	2	133	899.18		4	3	3		3	1		4.00		5.75		2
1	2	134	909.46		3	4	4		4	1		1.00		2.82		2
1	2	135	916.74		2	2	2		2	1		1.00		3.77		2
1	2	136	924.03		2	1	1		1	1		4.00		6.18		2
1	2	137	934.31		1	1	1		1	1		0.50		3.28		2
1	2	138	941.09		1	1	1		1	1		0.50		2.50		2
1	2	139	947.87		2	1	1		1	1		1.00		3.47		2
1	2	140	955.16		3	4	4		4	1		0.50		2.12		2
1	2	141	961.94		2	2	2		2	1		1.00		3.07		2
1	2	142	969.22		3	4	4		3	0		1.00		2.43		2
1	2	143	976.50		2	2	2		2	1		1.00		2.80		2
1	2	144	983.79		3	3	3		4	0		0.50		2.30		2
1	2	145	990.57		3	4	4		3	0		4.00		6.62		2
1	2	146	1000.85		4	3	3		3	1		1.00		3.25		2
1	2	147	1008.13		4	4	4		4	1		0.50		1.92		2
1	2	148	1014.91		3	3	3		3	1		1.00		3.10		2
1	2	149	1022.20		1	1	1		2	0		1.00		2.68		2
1	2	150	1029.48		3	4	4		4	1		1.00		2.82		2
1	2	151	1036.76		4	3	3		3	1		0.50		2.27		2
1	2	152	1043.54		2	2	2		2	1		0.50		2.28		2
1	2	153	1050.32		4	3	3		3	1		1.00		2.77		2
1	2	154	1057.61		4	4	4		4	1		1.00		2.30		2
1	2	155	1064.89		1	2	2		1	0		1.00		3.30		2
1	2	156	1072.17		4	3	3		3	1		1.00		2.52		2
1	2	157	1079.45		1	1	1		1	1		1.00		3.05		2
1	2	158	1086.74		2	2	2		2	1		0.50		3.00		2
1	2	159	1093.52		3	3	3		3	1		0.50		1.98		2
1	2	160	1100.30		4	3	3		3	1		0.50		1.98		2
1	2	161	1107.08		1	1	1		1	1		4.00		5.40		2
1	2	162	1117.37		2	1	1		1	1		0.50		2.50		2
1	2	163	1124.15		2	2	2		2	1		1.00		3.07		2
1	2	164	1131.43		2	2	2		2	1		4.00		6.10		2
1	2	165	1141.71		2	2	2		2	1		4.00		6.53		2
1	2	166	1151.99		4	4	4		4	1		0.50		2.05		2
1	2	167	1158.77		2	1	1		1	1		1.00		2.57		2
1	2	168	1166.06		3	3	3		3	1		0.50		1.42		2
1	2	169	1172.84		4	3	3		3	1		1.00		2.30		2
1	2	170	1180.12		3	3	3		4	0		4.00		1.25		2
1	2	171	1190.40		2	1	1		2	0		0.50		2.43		2
1	2	172	1197.19		3	3	3		3	1		0.50		1.95		2
1	2	173	1203.97		1	1	1		1	1		0.50		1.62		2
1	2	174	1210.75		3	3	3		3	1		0.50		2.52		2
1	2	175	1217.53		3	4	4		4	1		0.50		2.07		2
1	2	176	1224.31		3	3	3		3	1		0.50		1.80		2
1	2	177	1231.10		2	1	1		2	0		1.00		2.60		2
1	2	178	1238.38		1	2	2		2	1		1.00		3.83		2
1	2	179	1245.66		3	4	4		4	1		0.50		2.08		2
1	2	180	1252.44		4	4	4		4	1		4.00		5.42		2
Block	Phase	Trial	RunningTime	Cue	Image	CorrResp	Resp	Accuracy	ISI	RT_from_CueOnset	ITI
2	1	1	0.52		3	3	3		3	1		4.00		5.82		2
2	1	2	9.80		3	3	3		3	1		0.50		1.74		2
2	1	3	15.58		3	3	3		3	1		0.50		1.76		2
2	1	4	21.36		4	4	4		4	1		4.00		5.41		2
2	1	5	30.65		4	3	3		3	1		0.50		1.93		2
2	1	6	36.43		3	3	3		3	1		0.50		1.79		2
2	1	7	42.21		2	2	2		2	1		0.50		1.76		2
2	1	8	47.99		4	3	3		3	1		4.00		5.26		2
2	1	9	57.27		3	3	3		3	1		0.50		1.81		2
2	1	10	63.06		1	1	1		1	1		1.00		2.20		2
2	1	11	69.34		3	3	3		3	1		4.00		4.33		2
2	1	12	78.62		4	4	4		4	1		1.00		2.28		2
2	1	13	84.90		1	1	1		1	1		0.50		1.29		2
2	1	14	90.69		4	3	3		3	1		0.50		1.85		2
2	1	15	96.47		4	3	3		3	1		0.50		1.23		2
2	1	16	102.25		4	4	4		3	0		0.50		1.07		2
2	1	17	108.03		3	4	4		3	0		1.00		2.14		2
2	1	18	114.32		3	4	4		4	1		1.00		2.56		2
2	1	19	120.60		4	4	4		4	1		4.00		5.39		2
2	1	20	129.88		1	1	1		1	1		0.50		1.81		2
2	1	21	135.66		1	2	2		2	1		1.00		2.15		2
2	1	22	141.95		1	1	1		1	1		0.50		1.75		2
2	1	23	147.73		1	1	1		1	1		0.50		1.74		2
2	1	24	153.51		1	1	1		1	1		0.50		1.80		2
2	1	25	159.29		1	1	1		1	1		1.00		2.25		2
2	1	26	165.58		3	3	3		3	1		1.00		2.46		2
2	1	27	171.86		2	2	2		2	1		1.00		1.75		2
2	1	28	178.14		2	2	2		2	1		1.00		2.16		2
2	1	29	184.42		1	2	2		1	0		1.00		1.29		2
2	1	30	190.70		4	4	4		3	0		1.00		1.16		2
2	1	31	196.99		3	3	3		3	1		0.50		2.06		2
2	1	32	202.77		1	1	1		1	1		0.50		1.72		2
2	1	33	208.55		1	2	2		1	0		1.00		2.10		2
2	1	34	214.83		3	3	3		3	1		1.00		2.66		2
2	1	35	221.12		1	2	2		2	1		4.00		5.29		2
2	1	36	230.40		4	4	4		3	0		0.50		1.71		2
2	1	37	236.18		2	2	2		2	1		1.00		2.21		2
2	1	38	242.46		2	1	1		1	1		1.00		2.28		2
2	1	39	248.75		3	3	3		3	1		1.00		2.44		2
2	1	40	255.03		4	4	4		4	1		1.00		2.34		2
2	1	41	261.31		2	2	2		2	1		0.50		1.94		2
2	1	42	267.09		3	4	4		4	1		0.50		1.84		2
2	1	43	272.88		2	2	2		2	1		0.50		1.30		2
2	1	44	278.66		4	4	4		3	0		1.00		1.62		2
2	1	45	284.94		2	2	2		2	1		0.50		1.84		2
2	1	46	290.72		2	2	2		2	1		0.50		1.81		2
2	1	47	296.51		3	3	3		3	1		0.50		1.96		2
2	1	48	302.29		1	1	1		1	1		4.00		1.21		2
2	1	49	311.57		4	4	4		3	0		1.00		1.39		2
2	1	50	317.85		1	2	2		2	1		0.50		1.72		2
2	1	51	323.63		3	3	3		3	1		1.00		2.35		2
2	1	52	329.92		2	2	2		2	1		1.00		2.16		2
2	1	53	336.20		4	4	4		4	1		0.50		1.98		2
2	1	54	341.98		4	4	4		4	1		1.00		2.39		2
2	1	55	348.26		2	2	2		2	1		0.50		1.76		2
2	1	56	354.05		1	1	1		1	1		1.00		1.10		2
2	1	57	360.33		3	4	4		4	1		0.50		1.89		2
2	1	58	366.11		2	1	1		1	1		0.50		1.71		2
2	1	59	371.89		3	4	4		4	1		4.00		5.31		2
2	1	60	381.18		4	4	4		4	1		0.50		1.79		2
2	1	61	386.96		2	2	2		2	1		0.50		1.88		2
2	1	62	392.74		2	1	1		1	1		0.50		1.74		2
2	1	63	398.52		4	3	3		3	1		1.00		2.35		2
2	1	64	404.81		3	3	3		3	1		0.50		1.83		2
2	1	65	410.59		4	4	4		4	1		4.00		5.34		2
2	1	66	419.87		1	1	1		1	1		1.00		1.46		2
2	1	67	426.15		1	1	1		1	1		0.50		1.83		2
2	1	68	431.93		1	1	1		1	1		0.50		1.70		2
2	1	69	437.72		4	3	3		3	1		1.00		2.15		2
2	1	70	444.00		4	4	4		4	1		0.50		2.01		2
2	1	71	449.78		1	1	1		1	1		0.50		1.19		2
2	1	72	455.56		1	1	1		1	1		0.50		1.07		2
2	1	73	461.35		4	3	3		3	1		1.00		2.25		2
2	1	74	467.63		3	3	3		4	0		1.00		1.38		2
2	1	75	473.91		4	4	4		4	1		1.00		2.29		2
2	1	76	480.19		4	4	4		4	1		1.00		2.22		2
2	1	77	486.48		1	1	1		1	1		0.50		1.71		2
2	1	78	492.26		1	1	1		1	1		0.50		1.07		2
2	1	79	498.04		4	3	3		3	1		0.50		1.62		2
2	1	80	503.82		2	1	1		2	0		1.00		1.01		2
2	1	81	510.11		1	1	1		2	0		1.00		1.99		2
2	1	82	516.39		2	2	2		2	1		4.00		5.31		2
2	1	83	525.67		2	2	2		2	1		4.00		5.26		2
2	1	84	534.95		4	4	4		3	0		0.50		1.62		2
2	1	85	540.74		3	3	3		3	1		0.50		1.66		2
2	1	86	546.52		2	2	2		2	1		0.50		1.59		2
2	1	87	552.30		3	4	4		4	1		0.50		1.80		2
2	1	88	558.08		3	4	4		3	0		1.00		2.13		2
2	1	89	564.36		2	2	2		2	1		1.00		1.22		2
2	1	90	570.65		2	1	1		1	1		0.50		1.79		2
2	1	91	576.43		1	1	1		1	1		4.00		1.14		2
2	1	92	585.71		3	3	3		3	1		0.50		1.79		2
2	1	93	591.48		2	2	2		2	1		1.00		1.17		2
2	1	94	597.76		1	1	1		1	1		1.00		1.17		2
2	1	95	604.04		2	2	2		2	1		0.50		1.13		2
2	1	96	609.82		3	3	3		4	0		0.50		1.29		2
2	1	97	615.61		2	2	2		2	1		0.50		1.08		2
2	1	98	621.39		2	2	2		2	1		1.00		1.15		2
2	1	99	627.67		2	2	2		2	1		4.00		1.70		2
2	1	100	636.95		3	3	3		3	1		1.00		2.32		2
2	2	101	650.33		2	1	1		2	0		4.00		1.14		2
2	2	102	660.62		3	3	3		3	1		0.50		2.75		2
2	2	103	667.40		4	3	3		3	1		0.50		2.37		2
2	2	104	674.18		1	2	2		1	0		0.50		2.22		2
2	2	105	680.96		1	2	2		1	0		0.50		2.97		2
2	2	106	687.75		2	2	2		1	0		0.50		2.98		2
2	2	107	694.53		2	2	2		2	1		1.00		3.37		2
2	2	108	701.81		2	2	2		2	1		0.50		2.17		2
2	2	109	708.59		1	1	1		1	1		1.00		2.63		2
2	2	110	715.88		4	4	4		3	0		1.00		2.83		2
2	2	111	723.16		4	3	3		3	1		1.00		3.45		2
2	2	112	730.44		2	2	2		2	1		0.50		2.58		2
2	2	113	737.22		3	4	4		4	1		1.00		3.25		2
2	2	114	744.50		2	1	1		1	1		1.00		2.85		2
2	2	115	751.79		3	3	3		3	1		1.00		4.00		2
2	2	116	759.07		3	3	3		3	1		1.00		3.77		2
2	2	117	766.35		2	2	2		2	1		4.00		5.58		2
2	2	118	776.63		2	2	2		2	1		0.50		2.68		2
2	2	119	783.42		3	3	3		4	0		0.50		2.93		2
2	2	120	790.20		4	4	4		3	0		4.00		6.90		2
2	2	121	800.48		1	1	1		1	1		0.50		1.73		2
2	2	122	807.26		1	1	1		1	1		4.00		2.11		2
2	2	123	817.54		3	4	4		4	1		0.50		3.13		2
2	2	124	824.33		4	4	4		4	1		0.50		2.82		2
2	2	125	831.11		4	4	4		4	1		1.00		3.53		2
2	2	126	838.39		3	3	3		3	1		0.50		2.92		2
2	2	127	845.17		1	1	1		1	1		0.50		2.63		2
2	2	128	851.95		2	2	2		2	1		1.00		2.92		2
2	2	129	859.24		1	1	1		1	1		1.00		1.65		2
2	2	130	866.52		1	1	1		1	1		1.00		1.14		2
2	2	131	873.80		2	2	2		2	1		1.00		1.23		2
2	2	132	881.08		2	2	2		2	1		0.50		1.10		2
2	2	133	887.87		3	4	4		4	1		0.50		1.53		2
2	2	134	894.65		1	1	1		1	1		1.00		1.08		2
2	2	135	901.93		2	1	1		2	0		1.00		0.93		2
2	2	136	909.21		2	2	2		2	1		0.50		1.25		2
2	2	137	916.00		1	1	1		1	1		1.00		1.13		2
2	2	138	923.28		3	3	3		4	0		0.50		2.68		2
2	2	139	930.06		4	4	4		4	1		0.50		3.72		2
2	2	140	936.84		3	3	3		4	0		1.00		3.68		2
2	2	141	944.12		3	3	3		4	0		0.50		3.08		2
2	2	142	950.91		2	2	2		2	1		1.00		1.20		2
2	2	143	958.19		3	4	4		4	1		4.00		5.65		2
2	2	144	968.47		1	1	1		1	1		0.50		1.25		2
2	2	145	975.25		1	1	1		1	1		0.50		1.25		2
2	2	146	982.03		1	1	1		1	1		0.50		1.14		2
2	2	147	988.82		3	4	4		4	1		0.50		1.38		2
2	2	148	995.60		3	3	3		3	1		0.50		2.68		2
2	2	149	1002.38		3	3	3		4	0		1.00		3.27		2
2	2	150	1009.66		4	4	4		4	1		0.50		2.90		2
2	2	151	1016.45		4	4	4		4	1		1.00		3.38		2
2	2	152	1023.73		4	3	3		3	1		0.50		3.35		2
2	2	153	1030.51		1	2	2		1	0		0.50		1.19		2
2	2	154	1037.29		2	1	1		2	0		1.00		0.99		2
2	2	155	1044.58		1	2	2		1	0		0.50		1.87		2
2	2	156	1051.36		2	2	2		2	1		1.00		2.85		2
2	2	157	1058.64		4	4	4		4	1		1.00		3.70		2
2	2	158	1065.92		4	4	4		4	1		1.00		2.85		2
2	2	159	1073.20		1	1	1		1	1		0.50		2.32		2
2	2	160	1079.99		4	4	4		4	1		0.50		2.28		2
2	2	161	1086.77		2	2	2		2	1		0.50		2.67		2
2	2	162	1093.55		4	3	3		3	1		4.00		5.83		2
2	2	163	1103.83		2	2	2		2	1		1.00		2.60		2
2	2	164	1111.12		3	3	3		4	0		4.00		1.32		2
2	2	165	1121.40		4	4	4		4	1		0.50		3.35		2
2	2	166	1128.18		4	3	3		4	0		0.50		2.67		2
2	2	167	1134.96		4	3	3		3	1		1.00		3.22		2
2	2	168	1142.24		4	4	4		4	1		4.00		6.68		2
2	2	169	1152.53		1	1	1		2	0		4.00		6.25		2
2	2	170	1162.81		4	4	4		4	1		1.00		3.68		2
2	2	171	1170.09		2	2	2		2	1		4.00		6.13		2
2	2	172	1180.37		1	1	1		1	1		0.50		1.72		2
2	2	173	1187.15		1	1	1		1	1		0.50		1.17		2
2	2	174	1193.94		3	3	3		3	1		0.50		2.10		2
2	2	175	1200.72		3	4	4		3	0		0.50		2.62		2
2	2	176	1207.50		2	2	2		2	1		0.50		2.35		2
2	2	177	1214.28		3	3	3		3	1		0.50		2.37		2
2	2	178	1221.07		4	3	3		3	1		1.00		2.57		2
2	2	179	1228.35		1	1	1		1	1		1.00		1.18		2
2	2	180	1235.63		3	3	3		3	1		1.00		3.30		2
