*********************************************
* Combray
* Date/Time: 12-Jan-2015 16:38:54
* Seed: 212691.0577
* Subject Number: 06
* Subject Name: SC
*********************************************

Block	Phase	Trial	RunningTime	Cue	Image	CorrResp	Resp	Accuracy	ISI	RT_from_CueOnset	ITI
1	1	1	0.52		2	2	2		2	1		1.00		2.36		2
1	1	2	6.80		4	3	3		3	1		1.00		2.71		2
1	1	3	13.08		4	4	4		4	1		1.00		2.33		2
1	1	4	19.36		2	2	2		2	1		4.00		5.53		2
1	1	5	28.64		1	2	2		2	1		0.50		1.87		2
1	1	6	34.43		3	3	3		3	1		4.00		5.41		2
1	1	7	43.71		1	2	2		1	0		4.00		5.50		2
1	1	8	52.99		4	4	4		4	1		0.50		2.00		2
1	1	9	58.77		1	2	2		2	1		1.00		2.28		2
1	1	10	65.06		2	2	2		2	1		0.50		1.96		2
1	1	11	70.84		2	2	2		2	1		1.00		2.56		2
1	1	12	77.12		3	3	3		3	1		0.50		1.90		2
1	1	13	82.90		2	1	1		1	1		1.00		2.56		2
1	1	14	89.19		3	3	3		3	1		1.00		2.46		2
1	1	15	95.47		2	1	1		1	1		0.50		2.17		2
1	1	16	101.25		4	4	4		4	1		0.50		1.93		2
1	1	17	107.03		2	2	2		2	1		0.50		1.83		2
1	1	18	112.82		3	3	3		3	1		0.50		1.97		2
1	1	19	118.60		4	4	4		4	1		0.50		1.89		2
1	1	20	124.38		4	4	4		4	1		4.00		5.29		2
1	1	21	133.66		4	3	3		3	1		1.00		2.52		2
1	1	22	139.94		1	2	2		2	1		4.00		5.46		2
1	1	23	149.23		3	3	3		3	1		1.00		2.38		2
1	1	24	155.51		2	1	1		1	1		1.00		2.46		2
1	1	25	161.79		4	3	3		3	1		1.00		2.65		2
1	1	26	168.07		2	2	2		2	1		1.00		2.50		2
1	1	27	174.36		4	4	4		4	1		4.00		5.57		2
1	1	28	183.64		3	3	3		3	1		1.00		2.87		2
1	1	29	189.92		3	3	3		3	1		0.50		2.07		2
1	1	30	195.70		1	1	1		1	1		1.00		2.43		2
1	1	31	201.99		1	1	1		1	1		0.50		1.95		2
1	1	32	207.77		4	4	4		4	1		1.00		2.83		2
1	1	33	214.05		1	1	1		1	1		1.00		2.35		2
1	1	34	220.33		4	4	4		4	1		0.50		1.90		2
1	1	35	226.12		2	2	2		2	1		1.00		2.69		2
1	1	36	232.40		3	3	3		3	1		1.00		2.76		2
1	1	37	238.68		2	1	1		1	1		0.50		2.03		2
1	1	38	244.46		3	3	3		3	1		0.50		2.21		2
1	1	39	250.24		4	4	4		4	1		0.50		2.68		2
1	1	40	256.03		1	1	1		1	1		0.50		2.12		2
1	1	41	261.81		4	3	3		3	1		0.50		2.35		2
1	1	42	267.59		1	1	1		1	1		4.00		5.39		2
1	1	43	276.87		2	2	2		2	1		0.50		2.03		2
1	1	44	282.66		1	1	1		1	1		0.50		1.98		2
1	1	45	288.44		2	2	2		2	1		0.50		2.06		2
1	1	46	294.22		4	4	4		4	1		1.00		2.41		2
1	1	47	300.50		3	3	3		3	1		0.50		2.16		2
1	1	48	306.29		4	4	4		4	1		1.00		2.35		2
1	1	49	312.57		3	3	3		3	1		1.00		2.41		2
1	1	50	318.85		4	4	4		4	1		1.00		2.41		2
1	1	51	325.13		3	4	4		4	1		0.50		2.35		2
1	1	52	330.92		4	4	4		4	1		1.00		2.36		2
1	1	53	337.20		3	3	3		3	1		4.00		5.58		2
1	1	54	346.48		1	1	1		1	1		0.50		1.83		2
1	1	55	352.26		1	2	2		2	1		1.00		2.48		2
1	1	56	358.54		3	3	3		3	1		1.00		2.38		2
1	1	57	364.83		3	3	3		3	1		0.50		1.94		2
1	1	58	370.61		4	4	4		4	1		1.00		2.34		2
1	1	59	376.89		2	2	2		2	1		1.00		2.44		2
1	1	60	383.17		2	1	1		1	1		0.50		1.87		2
1	1	61	388.96		2	1	1		1	1		4.00		5.50		2
1	1	62	398.24		2	1	1		1	1		0.50		1.90		2
1	1	63	404.02		1	2	2		2	1		0.50		1.90		2
1	1	64	409.80		1	1	1		1	1		1.00		2.34		2
1	1	65	416.09		3	3	3		3	1		0.50		1.89		2
1	1	66	421.87		1	1	1		1	1		1.00		2.38		2
1	1	67	428.15		4	4	4		4	1		1.00		2.80		2
1	1	68	434.43		1	1	1		1	1		0.50		1.88		2
1	1	69	440.22		3	3	3		3	1		0.50		1.98		2
1	1	70	446.00		4	4	4		4	1		0.50		1.84		2
1	1	71	451.78		2	1	1		1	1		1.00		2.37		2
1	1	72	458.06		3	4	4		4	1		1.00		2.36		2
1	1	73	464.35		3	4	4		4	1		0.50		1.86		2
1	1	74	470.13		1	1	1		1	1		1.00		2.39		2
1	1	75	476.41		1	1	1		1	1		0.50		1.81		2
1	1	76	482.19		1	2	2		2	1		0.50		1.95		2
1	1	77	487.98		3	3	3		3	1		1.00		2.41		2
1	1	78	494.26		4	4	4		4	1		0.50		1.91		2
1	1	79	500.04		1	1	1		1	1		0.50		1.97		2
1	1	80	505.82		2	2	2		2	1		0.50		1.79		2
1	1	81	511.61		4	3	3		3	1		4.00		5.45		2
1	1	82	520.89		2	2	2		2	1		0.50		1.84		2
1	1	83	526.67		3	4	4		4	1		0.50		2.15		2
1	1	84	532.45		2	2	2		2	1		1.00		2.31		2
1	1	85	538.73		4	4	4		4	1		0.50		1.80		2
1	1	86	544.52		3	3	3		3	1		0.50		1.90		2
1	1	87	550.30		3	3	3		3	1		0.50		1.88		2
1	1	88	556.08		1	1	1		1	1		1.00		2.31		2
1	1	89	562.36		2	1	1		1	1		0.50		1.77		2
1	1	90	568.15		2	1	1		1	1		0.50		1.90		2
1	1	91	573.93		2	2	2		2	1		0.50		1.89		2
1	1	92	579.71		1	2	2		2	1		0.50		1.77		2
1	1	93	585.49		2	2	2		2	1		4.00		5.24		2
1	1	94	594.78		1	1	1		1	1		0.50		1.88		2
1	1	95	600.56		1	2	2		2	1		1.00		2.22		2
1	1	96	606.84		3	3	3		3	1		1.00		2.48		2
1	1	97	613.12		1	2	2		2	1		0.50		1.78		2
1	1	98	618.91		3	4	4		4	1		4.00		5.35		2
1	1	99	628.19		4	4	4		4	1		0.50		1.84		2
1	1	100	633.97		4	4	4		4	1		0.50		1.80		2
1	2	101	863.39		3	3	3		4	0		1.00		4.33		2
1	2	102	870.67		1	2	2		2	1		4.00		6.13		2
1	2	103	880.95		2	1	1		2	0		0.50		2.88		2
1	2	104	887.73		2	2	2		2	1		1.00		3.07		2
1	2	105	895.01		4	4	4		4	1		1.00		2.60		2
1	2	106	902.30		1	1	1		1	1		0.50		2.95		2
1	2	107	909.08		1	1	1		2	0		0.50		3.53		2
1	2	108	915.86		4	3	3		3	1		1.00		2.67		2
1	2	109	923.14		3	3	3		3	1		0.50		2.65		2
1	2	110	929.93		1	1	1		2	0		1.00		3.20		2
1	2	111	937.21		1	2	2		2	1		0.50		2.45		2
1	2	112	943.99		4	4	4		4	1		1.00		3.08		2
1	2	113	951.27		4	3	3		3	1		4.00		5.62		2
1	2	114	961.55		3	3	3		3	1		0.50		2.03		2
1	2	115	968.34		4	4	4		4	1		4.00		5.92		2
1	2	116	978.62		1	2	2		2	1		0.50		2.15		2
1	2	117	985.40		3	3	3		3	1		1.00		2.83		2
1	2	118	992.68		3	3	3		3	1		1.00		2.55		2
1	2	119	999.96		2	2	2		2	1		1.00		3.32		2
1	2	120	1007.25		2	1	1		1	1		1.00		3.67		2
1	2	121	1014.53		1	2	2		1	0		1.00		3.17		2
1	2	122	1021.81		3	3	3		3	1		0.50		2.52		2
1	2	123	1028.59		4	4	4		4	1		1.00		2.95		2
1	2	124	1035.88		1	1	1		1	1		1.00		3.32		2
1	2	125	1043.16		3	3	3		3	1		4.00		5.52		2
1	2	126	1053.44		2	1	1		1	1		1.00		3.17		2
1	2	127	1060.72		4	3	3		3	1		1.00		2.50		2
1	2	128	1068.00		4	4	4		4	1		1.00		2.70		2
1	2	129	1075.29		3	3	3		3	1		0.50		2.08		2
1	2	130	1082.07		4	4	4		4	1		0.50		2.72		2
1	2	131	1088.85		3	3	3		3	1		0.50		2.63		2
1	2	132	1095.63		1	1	1		1	1		0.50		2.38		2
1	2	133	1102.42		2	2	2		2	1		1.00		2.88		2
1	2	134	1109.70		4	4	4		3	0		0.50		2.72		2
1	2	135	1116.48		4	4	4		4	1		1.00		4.05		2
1	2	136	1123.76		2	2	2		2	1		4.00		5.90		2
1	2	137	1134.04		2	1	1		2	0		0.50		3.50		2
1	2	138	1140.83		2	2	2		2	1		0.50		2.73		2
1	2	139	1147.61		2	2	2		2	1		0.50		2.27		2
1	2	140	1154.39		3	4	4		3	0		0.50		2.25		2
1	2	141	1161.17		4	4	4		4	1		4.00		6.23		2
1	2	142	1171.46		3	3	3		3	1		0.50		2.37		2
1	2	143	1178.24		3	3	3		3	1		0.50		2.25		2
1	2	144	1185.02		1	2	2		1	0		0.50		1.98		2
1	2	145	1191.80		3	3	3		3	1		1.00		3.83		2
1	2	146	1199.08		3	3	3		3	1		0.50		2.17		2
1	2	147	1205.87		1	1	1		2	0		0.50		3.40		2
1	2	148	1212.65		2	2	2		2	1		0.50		2.80		2
1	2	149	1219.43		2	1	1		2	0		4.00		6.35		2
1	2	150	1229.71		1	2	2		1	0		1.00		3.12		2
1	2	151	1237.00		1	1	1		2	0		0.50		3.60		2
1	2	152	1243.78		2	1	1		1	1		1.00		2.52		2
1	2	153	1251.06		2	1	1		1	1		0.50		2.25		2
1	2	154	1257.83		1	1	1		2	0		4.00		6.38		2
1	2	155	1268.11		1	2	2		1	0		1.00		2.65		2
1	2	156	1275.39		4	4	4		4	1		0.50		2.48		2
1	2	157	1282.17		4	4	4		4	1		0.50		2.47		2
1	2	158	1288.95		1	1	1		1	1		1.00		2.77		2
1	2	159	1296.24		1	2	2		2	1		0.50		2.23		2
1	2	160	1303.02		3	4	4		4	1		0.50		2.43		2
1	2	161	1309.80		3	3	3		3	1		1.00		3.02		2
1	2	162	1317.08		4	4	4		4	1		0.50		1.93		2
1	2	163	1323.87		2	2	2		2	1		1.00		2.98		2
1	2	164	1331.15		1	1	1		1	1		0.50		2.85		2
1	2	165	1337.93		1	1	1		1	1		0.50		3.67		2
1	2	166	1344.71		2	2	2		2	1		1.00		4.35		2
1	2	167	1351.99		2	1	1		2	0		0.50		2.52		2
1	2	168	1358.78		2	2	2		2	1		1.00		3.15		2
1	2	169	1366.06		1	1	1		1	1		0.50		2.47		2
1	2	170	1372.84		3	4	4		4	1		0.50		2.42		2
1	2	171	1379.62		3	3	3		4	0		4.00		5.82		2
1	2	172	1389.91		4	4	4		3	0		1.00		2.98		2
1	2	173	1397.19		2	2	2		2	1		4.00		6.45		2
1	2	174	1407.47		3	4	4		4	1		0.50		3.05		2
1	2	175	1414.25		2	2	2		2	1		0.50		3.13		2
1	2	176	1421.03		4	4	4		4	1		0.50		2.25		2
1	2	177	1427.82		4	3	3		3	1		1.00		2.97		2
1	2	178	1435.10		3	3	3		3	1		1.00		2.60		2
1	2	179	1442.38		4	4	4		4	1		0.50		2.38		2
1	2	180	1449.16		4	4	4		4	1		0.50		2.12		2
Block	Phase	Trial	RunningTime	Cue	Image	CorrResp	Resp	Accuracy	ISI	RT_from_CueOnset	ITI
2	1	1	0.52		3	4	4		4	1		0.50		1.93		2
2	1	2	6.30		4	4	4		4	1		0.50		1.79		2
2	1	3	12.08		2	2	2		2	1		1.00		2.41		2
2	1	4	18.36		1	1	1		1	1		0.50		1.91		2
2	1	5	24.15		2	1	1		1	1		0.50		1.77		2
2	1	6	29.93		4	4	4		4	1		0.50		2.05		2
2	1	7	35.71		3	3	3		3	1		0.50		2.65		2
2	1	8	41.49		3	3	3		3	1		4.00		5.39		2
2	1	9	50.78		1	1	1		1	1		4.00		5.54		2
2	1	10	60.06		3	4	4		4	1		1.00		2.32		2
2	1	11	66.34		2	2	2		2	1		1.00		2.39		2
2	1	12	72.62		1	1	1		1	1		4.00		5.43		2
2	1	13	81.90		2	2	2		2	1		1.00		2.28		2
2	1	14	88.19		1	1	1		1	1		0.50		1.76		2
2	1	15	93.97		1	1	1		1	1		0.50		1.79		2
2	1	16	99.75		1	1	1		1	1		0.50		1.95		2
2	1	17	105.53		1	1	1		1	1		0.50		1.74		2
2	1	18	111.32		4	3	3		3	1		1.00		2.39		2
2	1	19	117.60		2	2	2		2	1		1.00		2.31		2
2	1	20	123.88		3	4	4		4	1		0.50		1.95		2
2	1	21	129.66		3	3	3		3	1		0.50		1.86		2
2	1	22	135.45		4	3	3		3	1		4.00		5.36		2
2	1	23	144.73		4	3	3		3	1		4.00		5.56		2
2	1	24	154.01		2	1	1		1	1		1.00		2.29		2
2	1	25	160.29		2	2	2		2	1		4.00		5.29		2
2	1	26	169.57		1	1	1		1	1		1.00		2.33		2
2	1	27	175.86		3	4	4		4	1		1.00		2.67		2
2	1	28	182.14		1	1	1		1	1		0.50		2.08		2
2	1	29	187.92		4	3	3		3	1		0.50		3.14		2
2	1	30	193.70		1	2	2		NaN	NaN		1.00		NaN		2
2	1	31	199.99		4	3	3		3	1		1.00		2.96		2
2	1	32	206.27		2	1	1		1	1		4.00		5.31		2
2	1	33	215.55		1	2	2		2	1		0.50		1.99		2
2	1	34	221.33		2	1	1		1	1		0.50		1.92		2
2	1	35	227.12		3	3	3		3	1		1.00		2.92		2
2	1	36	233.40		1	2	2		2	1		0.50		2.27		2
2	1	37	239.18		1	1	1		1	1		1.00		2.36		2
2	1	38	245.46		3	3	3		3	1		0.50		1.89		2
2	1	39	251.25		1	1	1		1	1		1.00		2.99		2
2	1	40	257.53		2	2	2		2	1		0.50		2.04		2
2	1	41	263.31		3	3	3		3	1		1.00		2.43		2
2	1	42	269.59		4	4	4		4	1		1.00		2.51		2
2	1	43	275.88		3	4	4		4	1		0.50		2.01		2
2	1	44	281.66		4	3	3		3	1		1.00		2.34		2
2	1	45	287.94		2	1	1		1	1		1.00		2.45		2
2	1	46	294.22		4	4	4		4	1		0.50		1.92		2
2	1	47	300.00		2	2	2		2	1		0.50		2.05		2
2	1	48	305.79		4	3	3		3	1		1.00		2.36		2
2	1	49	312.07		4	4	4		4	1		0.50		2.13		2
2	1	50	317.85		4	4	4		4	1		1.00		2.39		2
2	1	51	324.13		4	4	4		4	1		4.00		6.02		2
2	1	52	333.42		1	1	1		1	1		1.00		2.36		2
2	1	53	339.70		1	2	2		2	1		1.00		2.35		2
2	1	54	345.98		4	3	3		3	1		0.50		1.91		2
2	1	55	351.76		3	3	3		3	1		1.00		2.79		2
2	1	56	358.05		2	2	2		2	1		0.50		2.22		2
2	1	57	363.83		1	1	1		1	1		1.00		2.79		2
2	1	58	370.11		1	1	1		1	1		1.00		2.70		2
2	1	59	376.39		4	4	4		4	1		0.50		2.40		2
2	1	60	382.18		2	1	1		1	1		0.50		2.16		2
2	1	61	387.96		2	2	2		2	1		4.00		6.34		2
2	1	62	397.24		3	4	4		4	1		0.50		2.61		2
2	1	63	403.02		2	2	2		2	1		0.50		2.46		2
2	1	64	408.81		1	1	1		1	1		0.50		2.35		2
2	1	65	414.59		1	1	1		1	1		0.50		2.27		2
2	1	66	420.37		1	2	2		2	1		0.50		2.36		2
2	1	67	426.15		3	3	3		3	1		0.50		2.50		2
2	1	68	431.94		4	4	4		4	1		1.00		3.41		2
2	1	69	438.22		2	2	2		2	1		0.50		2.84		2
2	1	70	444.00		4	3	3		3	1		1.00		3.28		2
2	1	71	450.28		3	3	3		3	1		0.50		2.76		2
2	1	72	456.06		1	1	1		1	1		0.50		2.24		2
2	1	73	461.85		2	2	2		2	1		1.00		3.22		2
2	1	74	468.13		3	3	3		3	1		1.00		2.41		2
2	1	75	474.41		2	2	2		2	1		0.50		2.13		2
2	1	76	480.19		2	1	1		1	1		1.00		2.47		2
2	1	77	486.48		2	2	2		2	1		0.50		1.84		2
2	1	78	492.26		3	3	3		3	1		1.00		2.41		2
2	1	79	498.54		3	4	4		NaN	NaN		0.50		NaN		2
2	1	80	504.32		3	4	4		4	1		0.50		2.29		2
2	1	81	510.11		3	4	4		4	1		1.00		2.52		2
2	1	82	516.39		4	4	4		4	1		0.50		1.90		2
2	1	83	522.17		3	3	3		3	1		0.50		2.01		2
2	1	84	527.95		2	1	1		1	1		0.50		2.14		2
2	1	85	533.74		4	3	3		3	1		0.50		2.60		2
2	1	86	539.52		3	3	3		3	1		1.00		2.92		2
2	1	87	545.80		1	1	1		1	1		0.50		2.45		2
2	1	88	551.58		2	2	2		2	1		1.00		2.98		2
2	1	89	557.87		1	2	2		2	1		1.00		2.69		2
2	1	90	564.15		4	3	3		3	1		1.00		2.78		2
2	1	91	570.43		2	2	2		2	1		0.50		2.40		2
2	1	92	576.21		4	4	4		4	1		0.50		2.14		2
2	1	93	582.00		3	4	4		4	1		4.00		6.36		2
2	1	94	591.28		1	2	2		NaN	NaN		4.00		NaN		2
2	1	95	600.56		4	3	3		3	1		0.50		2.01		2
2	1	96	606.34		3	4	4		4	1		0.50		2.31		2
2	1	97	612.12		3	4	4		4	1		4.00		6.09		2
2	1	98	621.41		4	4	4		4	1		1.00		2.73		2
2	1	99	627.69		2	2	2		2	1		0.50		1.94		2
2	1	100	633.47		4	3	3		3	1		0.50		2.07		2
2	2	101	757.77		1	1	1		1	1		0.50		2.10		2
2	2	102	764.55		3	3	3		4	0		1.00		4.37		2
2	2	103	771.83		1	1	1		1	1		0.50		1.97		2
2	2	104	778.62		3	3	3		3	1		0.50		2.83		2
2	2	105	785.40		2	2	2		2	1		0.50		2.35		2
2	2	106	792.18		3	4	4		3	0		0.50		2.92		2
2	2	107	798.96		4	4	4		4	1		1.00		2.98		2
2	2	108	806.25		3	4	4		3	0		0.50		2.23		2
2	2	109	813.03		2	2	2		2	1		1.00		2.77		2
2	2	110	820.31		4	3	3		3	1		0.50		2.87		2
2	2	111	827.09		1	1	1		1	1		1.00		2.87		2
2	2	112	834.37		4	3	3		3	1		1.00		2.63		2
2	2	113	841.66		2	1	1		1	1		1.00		2.83		2
2	2	114	848.94		3	3	3		3	1		0.50		2.70		2
2	2	115	855.72		1	1	1		1	1		0.50		2.45		2
2	2	116	862.50		4	3	3		3	1		1.00		3.25		2
2	2	117	869.79		3	4	4		3	0		4.00		6.03		2
2	2	118	880.07		4	4	4		4	1		4.00		6.35		2
2	2	119	890.35		4	3	3		3	1		0.50		2.55		2
2	2	120	897.13		2	1	1		1	1		1.00		3.63		2
2	2	121	904.41		1	1	1		2	0		0.50		2.92		2
2	2	122	911.20		2	2	2		2	1		0.50		2.58		2
2	2	123	917.98		2	2	2		2	1		1.00		2.73		2
2	2	124	925.26		3	4	4		4	1		0.50		3.00		2
2	2	125	932.04		3	3	3		3	1		0.50		3.13		2
2	2	126	938.83		2	2	2		2	1		1.00		3.60		2
2	2	127	946.11		4	4	4		3	0		1.00		3.17		2
2	2	128	953.39		2	1	1		1	1		4.00		6.02		2
2	2	129	963.67		4	4	4		4	1		0.50		3.33		2
2	2	130	970.45		4	4	4		4	1		1.00		3.48		2
2	2	131	977.74		4	3	3		4	0		1.00		3.07		2
2	2	132	985.02		1	2	2		2	1		0.50		2.25		2
2	2	133	991.80		2	2	2		2	1		0.50		2.12		2
2	2	134	998.58		2	1	1		1	1		1.00		2.93		2
2	2	135	1005.87		3	3	3		3	1		1.00		3.57		2
2	2	136	1013.15		2	2	2		2	1		4.00		5.90		2
2	2	137	1023.43		3	4	4		3	0		1.00		3.50		2
2	2	138	1030.71		2	1	1		1	1		0.50		2.80		2
2	2	139	1037.49		2	2	2		2	1		4.00		5.87		2
2	2	140	1047.78		1	1	1		1	1		1.00		3.58		2
2	2	141	1055.06		1	1	1		1	1		0.50		2.65		2
2	2	142	1061.84		2	2	2		2	1		1.00		3.57		2
2	2	143	1069.12		2	2	2		2	1		0.50		2.55		2
2	2	144	1075.90		3	4	4		4	1		0.50		2.62		2
2	2	145	1082.69		2	2	2		NaN	0		1.00		NaN		2
2	2	146	1089.97		1	1	1		1	1		1.00		3.07		2
2	2	147	1097.25		4	4	4		4	1		1.00		2.65		2
2	2	148	1104.53		4	3	3		3	1		4.00		5.53		2
2	2	149	1114.82		3	4	4		4	1		0.50		3.37		2
2	2	150	1121.60		1	1	1		1	1		0.50		1.98		2
2	2	151	1128.38		1	2	2		2	1		0.50		2.32		2
2	2	152	1135.16		1	1	1		1	1		1.00		2.38		2
2	2	153	1142.44		4	4	4		4	1		0.50		2.37		2
2	2	154	1149.23		3	4	4		4	1		1.00		3.10		2
2	2	155	1156.51		4	3	3		3	1		1.00		3.40		2
2	2	156	1163.79		4	4	4		3	0		4.00		5.80		2
2	2	157	1174.07		3	3	3		3	1		0.50		2.70		2
2	2	158	1180.86		2	2	2		2	1		1.00		2.77		2
2	2	159	1188.14		3	3	3		3	1		0.50		2.97		2
2	2	160	1194.92		1	1	1		1	1		0.50		2.75		2
2	2	161	1201.70		4	4	4		4	1		0.50		3.07		2
2	2	162	1208.48		1	1	1		1	1		0.50		2.58		2
2	2	163	1215.27		2	2	2		2	1		0.50		2.35		2
2	2	164	1222.05		4	3	3		3	1		0.50		3.60		2
2	2	165	1228.83		1	2	2		2	1		4.00		5.72		2
2	2	166	1239.11		3	3	3		3	1		0.50		2.33		2
2	2	167	1245.90		1	1	1		1	1		4.00		5.67		2
2	2	168	1256.18		3	4	4		3	0		1.00		2.87		2
2	2	169	1263.46		1	2	2		2	1		1.00		2.62		2
2	2	170	1270.74		1	2	2		2	1		0.50		1.98		2
2	2	171	1277.53		2	1	1		1	1		0.50		2.68		2
2	2	172	1284.31		4	3	3		3	1		0.50		1.95		2
2	2	173	1291.09		1	1	1		1	1		1.00		2.73		2
2	2	174	1298.37		4	4	4		4	1		0.50		3.17		2
2	2	175	1305.15		2	1	1		1	1		0.50		2.28		2
2	2	176	1311.94		4	3	3		3	1		1.00		3.50		2
2	2	177	1319.22		3	3	3		3	1		1.00		3.02		2
2	2	178	1326.50		1	2	2		1	0		0.50		2.43		2
2	2	179	1333.28		3	3	3		3	1		4.00		5.78		2
2	2	180	1343.56		3	4	4		3	0		0.50		2.05		2
