*********************************************
* Combray
* Date/Time: 24-Mar-2015 16:45:01
* Seed: 215591.1539
* Subject Number: 16
* Subject Name: gg
*********************************************

Block	Phase	Trial	RunningTime	Cue	Image	CorrResp	Resp	Accuracy	ISI	RT_from_CueOnset	ITI
1	1	1	0.52		3	3	3		4	0		1.00		2.58		2
1	1	2	6.80		2	2	2		2	1		0.50		1.97		2
1	1	3	12.58		4	3	3		3	1		0.50		1.96		2
1	1	4	18.36		1	1	1		1	1		0.50		1.84		2
1	1	5	24.15		4	3	3		3	1		0.50		1.74		2
1	1	6	29.93		3	3	3		3	1		0.50		1.88		2
1	1	7	35.71		1	1	1		1	1		1.00		2.23		2
1	1	8	41.99		3	3	3		3	1		0.50		1.64		2
1	1	9	47.78		3	3	3		3	1		0.50		1.50		2
1	1	10	53.56		4	4	4		4	1		0.50		1.97		2
1	1	11	59.34		1	1	1		1	1		0.50		1.78		2
1	1	12	65.12		1	2	2		1	0		1.00		2.10		2
1	1	13	71.41		2	2	2		2	1		0.50		1.60		2
1	1	14	77.19		3	4	4		4	1		0.50		1.95		2
1	1	15	82.97		4	4	4		4	1		4.00		5.77		2
1	1	16	92.25		1	1	1		1	1		1.00		2.34		2
1	1	17	98.54		4	4	4		4	1		1.00		2.38		2
1	1	18	104.82		1	1	1		1	1		0.50		2.00		2
1	1	19	110.60		2	1	1		1	1		0.50		1.88		2
1	1	20	116.38		3	4	4		4	1		1.00		2.40		2
1	1	21	122.67		4	3	3		3	1		1.00		2.42		2
1	1	22	128.95		4	3	3		3	1		0.50		1.75		2
1	1	23	134.73		2	2	2		2	1		0.50		1.83		2
1	1	24	140.51		1	1	1		1	1		0.50		1.70		2
1	1	25	146.29		2	2	2		2	1		1.00		2.21		2
1	1	26	152.58		2	2	2		2	1		0.50		1.76		2
1	1	27	158.36		1	1	1		1	1		0.50		1.65		2
1	1	28	164.14		2	2	2		2	1		0.50		1.61		2
1	1	29	169.92		2	2	2		2	1		1.00		1.82		2
1	1	30	176.21		2	2	2		2	1		1.00		1.75		2
1	1	31	182.49		2	2	2		2	1		0.50		1.08		2
1	1	32	188.27		4	4	4		3	0		0.50		1.15		2
1	1	33	194.05		2	2	2		2	1		0.50		1.53		2
1	1	34	199.84		4	4	4		4	1		0.50		1.62		2
1	1	35	205.62		3	4	4		4	1		0.50		2.16		2
1	1	36	211.40		4	3	3		4	0		1.00		2.06		2
1	1	37	217.68		3	3	3		3	1		1.00		2.46		2
1	1	38	223.97		2	1	1		1	1		0.50		1.79		2
1	1	39	229.75		2	2	2		2	1		1.00		2.26		2
1	1	40	236.03		2	2	2		2	1		4.00		5.29		2
1	1	41	245.31		4	4	4		4	1		1.00		2.48		2
1	1	42	251.60		3	3	3		3	1		1.00		2.46		2
1	1	43	257.88		1	1	1		1	1		0.50		1.94		2
1	1	44	263.66		1	2	2		2	1		1.00		2.31		2
1	1	45	269.94		4	3	3		4	0		1.00		2.35		2
1	1	46	276.22		2	2	2		2	1		0.50		1.74		2
1	1	47	282.01		3	4	4		4	1		0.50		2.13		2
1	1	48	287.79		1	2	2		2	1		4.00		5.38		2
1	1	49	297.07		1	1	1		1	1		0.50		1.81		2
1	1	50	302.85		4	3	3		3	1		4.00		5.46		2
1	1	51	312.14		3	4	4		4	1		0.50		2.01		2
1	1	52	317.92		4	4	4		4	1		1.00		2.45		2
1	1	53	324.20		3	3	3		3	1		0.50		2.04		2
1	1	54	329.98		2	2	2		2	1		4.00		5.64		2
1	1	55	339.27		1	1	1		1	1		0.50		1.96		2
1	1	56	345.05		3	3	3		3	1		0.50		2.19		2
1	1	57	350.83		4	3	3		3	1		1.00		2.31		2
1	1	58	357.11		2	2	2		2	1		1.00		2.36		2
1	1	59	363.40		2	1	1		1	1		1.00		2.39		2
1	1	60	369.68		1	1	1		1	1		1.00		2.37		2
1	1	61	375.96		1	2	2		2	1		1.00		2.37		2
1	1	62	382.24		3	4	4		3	0		0.50		2.16		2
1	1	63	388.02		4	3	3		3	1		0.50		2.17		2
1	1	64	393.81		3	3	3		3	1		1.00		2.46		2
1	1	65	400.09		2	2	2		2	1		0.50		1.91		2
1	1	66	405.87		3	4	4		4	1		4.00		5.49		2
1	1	67	415.15		2	2	2		2	1		1.00		2.34		2
1	1	68	421.44		4	3	3		3	1		1.00		2.43		2
1	1	69	427.72		1	1	1		2	0		1.00		2.41		2
1	1	70	434.00		1	1	1		1	1		4.00		5.59		2
1	1	71	443.28		4	4	4		4	1		0.50		2.06		2
1	1	72	449.07		1	1	1		1	1		1.00		2.38		2
1	1	73	455.35		4	3	3		3	1		1.00		2.70		2
1	1	74	461.63		2	2	2		2	1		0.50		1.96		2
1	1	75	467.41		4	3	3		3	1		4.00		5.45		2
1	1	76	476.69		1	1	1		1	1		0.50		2.01		2
1	1	77	482.48		2	2	2		2	1		1.00		2.47		2
1	1	78	488.76		4	4	4		4	1		0.50		2.16		2
1	1	79	494.54		3	3	3		3	1		4.00		5.49		2
1	1	80	503.82		1	1	1		1	1		0.50		2.16		2
1	1	81	509.61		3	4	4		3	0		1.00		2.66		2
1	1	82	515.89		3	4	4		4	1		0.50		2.18		2
1	1	83	521.67		1	2	2		2	1		0.50		1.84		2
1	1	84	527.45		3	3	3		3	1		1.00		2.47		2
1	1	85	533.74		3	3	3		3	1		1.00		2.65		2
1	1	86	540.02		3	4	4		4	1		4.00		5.42		2
1	1	87	549.30		4	4	4		4	1		0.50		1.97		2
1	1	88	555.08		1	1	1		1	1		0.50		1.95		2
1	1	89	560.87		4	4	4		4	1		0.50		1.94		2
1	1	90	566.65		1	1	1		1	1		4.00		5.40		2
1	1	91	575.93		3	4	4		4	1		0.50		1.91		2
1	1	92	581.71		2	1	1		1	1		1.00		2.49		2
1	1	93	587.99		3	4	4		4	1		1.00		2.39		2
1	1	94	594.28		1	1	1		1	1		0.50		1.82		2
1	1	95	600.06		2	2	2		2	1		4.00		5.47		2
1	1	96	609.34		2	1	1		1	1		0.50		1.86		2
1	1	97	615.12		4	3	3		3	1		0.50		1.94		2
1	1	98	620.91		3	3	3		3	1		0.50		2.09		2
1	1	99	626.69		1	1	1		1	1		1.00		2.36		2
1	1	100	632.97		4	4	4		4	1		4.00		5.40		2
1	2	101	681.66		1	1	1		1	1		0.50		1.80		2
1	2	102	688.45		4	4	4		4	1		0.50		1.98		2
1	2	103	695.23		4	4	4		4	1		1.00		2.30		2
1	2	104	702.51		4	4	4		4	1		1.00		2.32		2
1	2	105	709.79		3	4	4		3	0		0.50		2.12		2
1	2	106	716.58		1	1	1		1	1		1.00		2.43		2
1	2	107	723.86		1	1	1		1	1		0.50		2.02		2
1	2	108	730.64		4	4	4		3	0		0.50		2.15		2
1	2	109	737.42		3	3	3		3	1		0.50		2.15		2
1	2	110	744.20		2	1	1		2	0		1.00		2.15		2
1	2	111	751.49		1	1	1		1	1		0.50		1.82		2
1	2	112	758.27		4	4	4		4	1		0.50		2.02		2
1	2	113	765.05		4	3	3		3	1		1.00		2.65		2
1	2	114	772.33		3	4	4		4	1		0.50		1.85		2
1	2	115	779.12		1	1	1		2	0		1.00		2.75		2
1	2	116	786.40		2	2	2		2	1		0.50		1.90		2
1	2	117	793.18		4	3	3		3	1		4.00		5.78		2
1	2	118	803.46		1	1	1		1	1		4.00		5.70		2
1	2	119	813.74		1	1	1		1	1		1.00		3.18		2
1	2	120	821.03		1	1	1		1	1		0.50		2.27		2
1	2	121	827.81		3	3	3		3	1		0.50		2.92		2
1	2	122	834.59		3	4	4		4	1		1.00		2.72		2
1	2	123	841.87		3	3	3		3	1		0.50		2.00		2
1	2	124	848.66		4	3	3		3	1		1.00		2.43		2
1	2	125	855.94		1	1	1		1	1		0.50		2.30		2
1	2	126	862.72		2	1	1		1	1		1.00		2.63		2
1	2	127	870.00		4	4	4		4	1		1.00		0.17		2
1	2	128	877.28		2	2	2		2	1		0.50		2.08		2
1	2	129	884.07		3	4	4		4	1		0.50		2.17		2
1	2	130	890.85		2	2	2		2	1		0.50		2.42		2
1	2	131	897.63		4	4	4		4	1		0.50		2.13		2
1	2	132	904.41		4	3	3		3	1		1.00		2.67		2
1	2	133	911.70		3	3	3		3	1		0.50		1.98		2
1	2	134	918.48		2	2	2		2	1		0.50		2.05		2
1	2	135	925.26		2	2	2		2	1		0.50		1.98		2
1	2	136	932.04		3	4	4		4	1		0.50		2.28		2
1	2	137	938.83		3	3	3		3	1		1.00		2.52		2
1	2	138	946.11		4	3	3		3	1		0.50		2.20		2
1	2	139	952.89		1	1	1		1	1		0.50		2.03		2
1	2	140	959.67		2	2	2		2	1		4.00		5.43		2
1	2	141	969.95		3	4	4		4	1		1.00		2.53		2
1	2	142	977.24		3	4	4		4	1		0.50		2.07		2
1	2	143	984.02		1	1	1		1	1		1.00		2.65		2
1	2	144	991.30		2	2	2		2	1		1.00		2.32		2
1	2	145	998.58		4	3	3		3	1		0.50		1.97		2
1	2	146	1005.36		2	2	2		2	1		4.00		5.57		2
1	2	147	1015.65		4	3	3		3	1		1.00		2.55		2
1	2	148	1022.93		1	1	1		1	1		1.00		2.43		2
1	2	149	1030.21		3	4	4		4	1		1.00		2.47		2
1	2	150	1037.49		4	3	3		3	1		1.00		2.33		2
1	2	151	1044.78		2	2	2		2	1		1.00		2.32		2
1	2	152	1052.06		3	4	4		4	1		0.50		1.88		2
1	2	153	1058.84		4	4	4		4	1		4.00		5.37		2
1	2	154	1069.12		4	4	4		4	1		4.00		5.48		2
1	2	155	1079.40		3	3	3		3	1		1.00		2.20		2
1	2	156	1086.69		1	1	1		2	0		4.00		5.80		2
1	2	157	1096.97		2	2	2		2	1		1.00		2.20		2
1	2	158	1104.25		4	3	3		4	0		0.50		1.78		2
1	2	159	1111.03		2	2	2		2	1		1.00		0.89		2
1	2	160	1118.32		2	2	2		2	1		0.50		0.82		2
1	2	161	1125.10		4	3	3		3	1		0.50		2.15		2
1	2	162	1131.88		2	2	2		2	1		0.50		0.94		2
1	2	163	1138.65		1	1	1		1	1		0.50		0.53		2
1	2	164	1145.43		1	2	2		1	0		0.50		0.71		2
1	2	165	1152.21		2	2	2		2	1		1.00		2.98		2
1	2	166	1159.49		2	1	1		1	1		1.00		3.25		2
1	2	167	1166.77		4	4	4		4	1		1.00		2.57		2
1	2	168	1174.06		3	3	3		3	1		1.00		2.75		2
1	2	169	1181.34		3	4	4		3	0		4.00		5.57		2
1	2	170	1191.62		2	2	2		2	1		1.00		2.78		2
1	2	171	1198.90		3	3	3		3	1		0.50		2.07		2
1	2	172	1205.69		1	2	2		2	1		0.50		2.35		2
1	2	173	1212.47		2	2	2		2	1		0.50		2.10		2
1	2	174	1219.25		1	2	2		2	1		0.50		1.98		2
1	2	175	1226.03		3	3	3		3	1		0.50		2.33		2
1	2	176	1232.81		3	3	3		3	1		4.00		5.53		2
1	2	177	1243.10		1	1	1		1	1		1.00		2.60		2
1	2	178	1250.38		1	1	1		1	1		0.50		1.77		2
1	2	179	1257.16		2	1	1		1	1		4.00		5.55		2
1	2	180	1267.44		1	2	2		2	1		0.50		2.08		2
Block	Phase	Trial	RunningTime	Cue	Image	CorrResp	Resp	Accuracy	ISI	RT_from_CueOnset	ITI
2	1	1	0.52		2	1	1		1	1		1.00		2.24		2
2	1	2	6.80		3	4	4		4	1		0.50		2.02		2
2	1	3	12.58		1	1	1		1	1		4.00		5.42		2
2	1	4	21.86		1	1	1		1	1		0.50		1.70		2
2	1	5	27.65		2	1	1		1	1		0.50		1.84		2
2	1	6	33.43		2	2	2		2	1		1.00		2.42		2
2	1	7	39.71		2	2	2		2	1		1.00		2.16		2
2	1	8	45.99		2	2	2		2	1		0.50		1.70		2
2	1	9	51.78		1	2	2		2	1		1.00		2.43		2
2	1	10	58.06		3	3	3		3	1		1.00		2.40		2
2	1	11	64.34		1	1	1		1	1		1.00		2.39		2
2	1	12	70.62		2	1	1		1	1		4.00		5.62		2
2	1	13	79.90		1	1	1		1	1		1.00		2.34		2
2	1	14	86.19		3	3	3		3	1		1.00		2.45		2
2	1	15	92.47		3	4	4		4	1		0.50		1.90		2
2	1	16	98.25		4	4	4		4	1		0.50		2.53		2
2	1	17	104.03		3	3	3		3	1		0.50		1.92		2
2	1	18	109.82		3	3	3		3	1		4.00		5.41		2
2	1	19	119.10		4	3	3		3	1		0.50		1.82		2
2	1	20	124.88		4	4	4		4	1		0.50		2.08		2
2	1	21	130.66		4	3	3		3	1		1.00		2.30		2
2	1	22	136.95		3	3	3		3	1		0.50		1.83		2
2	1	23	142.73		1	1	1		1	1		0.50		1.81		2
2	1	24	148.51		4	4	4		4	1		1.00		2.41		2
2	1	25	154.79		2	2	2		2	1		0.50		1.83		2
2	1	26	160.58		2	2	2		2	1		0.50		1.82		2
2	1	27	166.36		2	2	2		2	1		1.00		2.43		2
2	1	28	172.64		4	4	4		4	1		4.00		5.42		2
2	1	29	181.92		4	4	4		4	1		1.00		2.30		2
2	1	30	188.20		4	4	4		4	1		0.50		1.17		2
2	1	31	193.99		3	3	3		3	1		0.50		1.92		2
2	1	32	199.77		4	4	4		4	1		1.00		2.26		2
2	1	33	206.05		4	4	4		4	1		4.00		1.25		2
2	1	34	215.33		1	1	1		1	1		1.00		2.38		2
2	1	35	221.62		1	2	2		1	0		1.00		1.11		2
2	1	36	227.90		4	4	4		4	1		4.00		2.36		2
2	1	37	237.18		3	4	4		3	0		0.50		0.93		2
2	1	38	242.96		2	2	2		2	1		0.50		1.90		2
2	1	39	248.75		2	2	2		2	1		0.50		0.63		2
2	1	40	254.53		3	3	3		3	1		1.00		0.95		2
2	1	41	260.81		3	3	3		3	1		0.50		0.91		2
2	1	42	266.59		1	1	1		1	1		4.00		2.58		2
2	1	43	275.88		4	4	4		4	1		1.00		1.30		2
2	1	44	282.16		3	4	4		3	0		4.00		1.00		2
2	1	45	291.44		3	3	3		3	1		1.00		2.35		2
2	1	46	297.72		3	3	3		3	1		4.00		1.75		2
2	1	47	307.00		4	4	4		4	1		1.00		1.61		2
2	1	48	313.29		1	2	2		1	0		0.50		1.25		2
2	1	49	319.07		4	3	3		3	1		1.00		2.34		2
2	1	50	325.35		3	4	4		4	1		1.00		2.25		2
2	1	51	331.63		1	2	2		2	1		1.00		2.40		2
2	1	52	337.92		2	2	2		2	1		4.00		5.36		2
2	1	53	347.20		3	4	4		4	1		0.50		1.85		2
2	1	54	352.98		3	4	4		4	1		0.50		1.84		2
2	1	55	358.76		4	3	3		3	1		1.00		2.48		2
2	1	56	365.04		4	3	3		3	1		0.50		1.74		2
2	1	57	370.83		1	2	2		2	1		4.00		5.34		2
2	1	58	380.11		2	2	2		1	0		1.00		1.44		2
2	1	59	386.39		1	1	1		1	1		1.00		2.34		2
2	1	60	392.67		1	1	1		1	1		0.50		1.80		2
2	1	61	398.46		1	2	2		2	1		0.50		1.97		2
2	1	62	404.24		4	3	3		3	1		1.00		2.38		2
2	1	63	410.52		3	3	3		3	1		0.50		1.85		2
2	1	64	416.30		2	2	2		2	1		0.50		1.96		2
2	1	65	422.09		1	1	1		1	1		0.50		1.85		2
2	1	66	427.87		1	1	1		1	1		1.00		2.31		2
2	1	67	434.15		4	4	4		4	1		0.50		2.03		2
2	1	68	439.93		3	3	3		3	1		1.00		2.37		2
2	1	69	446.22		4	3	3		3	1		4.00		5.31		2
2	1	70	455.50		3	3	3		3	1		0.50		1.86		2
2	1	71	461.28		4	4	4		4	1		1.00		2.41		2
2	1	72	467.56		1	1	1		1	1		1.00		2.36		2
2	1	73	473.84		1	1	1		1	1		0.50		1.86		2
2	1	74	479.63		3	3	3		3	1		0.50		1.89		2
2	1	75	485.41		4	3	3		3	1		0.50		2.54		2
2	1	76	491.19		1	1	1		1	1		0.50		1.90		2
2	1	77	496.97		2	1	1		1	1		1.00		2.35		2
2	1	78	503.26		4	4	4		4	1		1.00		2.33		2
2	1	79	509.54		1	2	2		2	1		0.50		2.03		2
2	1	80	515.32		3	4	4		4	1		1.00		2.37		2
2	1	81	521.60		3	3	3		3	1		1.00		2.55		2
2	1	82	527.89		1	1	1		1	1		0.50		1.94		2
2	1	83	533.67		4	3	3		3	1		0.50		2.16		2
2	1	84	539.45		1	1	1		1	1		0.50		1.82		2
2	1	85	545.23		2	1	1		1	1		0.50		1.77		2
2	1	86	551.02		2	1	1		1	1		0.50		1.76		2
2	1	87	556.80		2	2	2		2	1		0.50		1.91		2
2	1	88	562.58		1	1	1		1	1		0.50		1.93		2
2	1	89	568.36		2	2	2		2	1		1.00		2.45		2
2	1	90	574.65		3	4	4		4	1		0.50		2.09		2
2	1	91	580.41		4	3	3		3	1		0.50		1.90		2
2	1	92	586.19		4	4	4		4	1		0.50		1.96		2
2	1	93	591.98		2	1	1		1	1		0.50		1.85		2
2	1	94	597.76		2	2	2		2	1		0.50		1.91		2
2	1	95	603.54		3	4	4		4	1		1.00		2.41		2
2	1	96	609.82		2	2	2		2	1		1.00		2.76		2
2	1	97	616.11		2	1	1		1	1		1.00		2.43		2
2	1	98	622.39		2	2	2		2	1		4.00		5.66		2
2	1	99	631.67		2	2	2		2	3		1.00		0.00		5.000000e-01
2	1	100	637.45		1	1	1		1	1		0.50		1.92		2
2	2	101	652.53		3	3	3		3	1		1.00		2.55		2
2	2	102	659.82		1	1	1		1	1		0.50		2.68		2
2	2	103	666.60		4	4	4		4	1		4.00		5.77		2
2	2	104	676.88		4	3	3		3	1		0.50		2.50		2
2	2	105	683.66		3	4	4		4	1		0.50		2.68		2
2	2	106	690.45		2	2	2		2	1		0.50		2.33		2
2	2	107	697.23		4	4	4		3	0		0.50		2.40		2
2	2	108	704.01		4	4	4		4	1		1.00		2.88		2
2	2	109	711.29		1	2	2		2	1		1.00		2.73		2
2	2	110	718.57		3	3	3		3	1		0.50		2.38		2
2	2	111	725.36		4	4	4		4	1		1.00		3.45		2
2	2	112	732.64		3	4	4		4	1		0.50		2.85		2
2	2	113	739.42		1	1	1		1	1		4.00		5.90		2
2	2	114	749.70		3	3	3		3	1		0.50		2.62		2
2	2	115	756.49		1	1	1		1	1		0.50		2.33		2
2	2	116	763.27		4	3	3		3	1		1.00		2.93		2
2	2	117	770.55		4	3	3		3	1		0.50		2.05		2
2	2	118	777.33		3	3	3		3	1		0.50		2.05		2
2	2	119	784.11		2	2	2		2	1		1.00		2.55		2
2	2	120	791.40		1	1	1		1	1		0.50		2.02		2
2	2	121	798.18		3	3	3		3	1		4.00		5.83		2
2	2	122	808.46		3	3	3		4	0		0.50		2.17		2
2	2	123	815.24		2	1	1		1	1		1.00		2.63		2
2	2	124	822.53		2	2	2		2	1		4.00		5.78		2
2	2	125	832.81		1	1	1		1	1		1.00		3.03		2
2	2	126	840.09		1	1	1		1	1		1.00		2.87		2
2	2	127	847.37		1	1	1		1	1		1.00		2.65		2
2	2	128	854.65		4	3	3		4	0		0.50		2.68		2
2	2	129	861.44		4	3	3		4	0		4.00		5.85		2
2	2	130	871.72		3	4	4		4	1		1.00		3.05		2
2	2	131	879.00		2	2	2		2	1		1.00		2.47		2
2	2	132	886.28		1	2	2		2	1		4.00		5.98		2
2	2	133	896.56		2	2	2		2	1		1.00		2.57		2
2	2	134	903.85		4	3	3		3	1		0.50		2.27		2
2	2	135	910.63		2	2	2		2	1		0.50		2.05		2
2	2	136	917.41		3	4	4		3	0		1.00		3.28		2
2	2	137	924.69		1	2	2		2	1		0.50		2.35		2
2	2	138	931.48		1	1	1		2	0		1.00		2.85		2
2	2	139	938.76		2	2	2		2	1		1.00		2.68		2
2	2	140	946.04		4	4	4		4	1		1.00		3.77		2
2	2	141	953.32		2	1	1		2	0		0.50		2.60		2
2	2	142	960.11		3	3	3		3	1		0.50		2.82		2
2	2	143	966.89		1	1	1		1	1		0.50		2.10		2
2	2	144	973.67		3	3	3		3	1		1.00		2.38		2
2	2	145	980.95		4	4	4		4	1		1.00		2.35		2
2	2	146	988.23		4	4	4		4	1		4.00		5.90		2
2	2	147	998.52		4	3	3		4	0		1.00		2.20		2
2	2	148	1005.80		1	2	2		2	1		0.50		2.17		2
2	2	149	1012.58		2	2	2		1	0		1.00		2.92		2
2	2	150	1019.86		3	4	4		3	0		0.50		2.33		2
2	2	151	1026.64		4	3	3		3	1		1.00		3.08		2
2	2	152	1033.93		2	2	2		2	1		1.00		3.03		2
2	2	153	1041.21		2	2	2		2	1		4.00		5.90		2
2	2	154	1051.49		3	3	3		4	0		0.50		2.70		2
2	2	155	1058.27		3	3	3		3	1		1.00		3.25		2
2	2	156	1065.56		4	4	4		4	1		1.00		2.87		2
2	2	157	1072.84		3	3	3		3	1		0.50		1.43		2
2	2	158	1079.62		2	1	1		2	0		1.00		1.19		2
2	2	159	1086.90		3	4	4		3	0		0.50		1.07		2
2	2	160	1093.68		2	1	1		1	1		0.50		2.48		2
2	2	161	1100.47		1	2	2		2	1		0.50		2.53		2
2	2	162	1107.25		2	1	1		1	1		1.00		2.50		2
2	2	163	1114.53		1	1	1		2	0		1.00		0.86		2
2	2	164	1121.81		2	2	2		2	1		0.50		1.98		2
2	2	165	1128.60		4	4	4		4	1		0.50		2.63		2
2	2	166	1135.38		3	4	4		3	0		1.00		2.08		2
2	2	167	1142.66		3	3	3		3	1		0.50		2.25		2
2	2	168	1149.44		4	4	4		4	1		1.00		2.55		2
2	2	169	1156.73		1	1	1		1	1		0.50		2.08		2
2	2	170	1163.51		2	1	1		1	1		4.00		5.93		2
2	2	171	1173.79		3	4	4		4	1		4.00		5.83		2
2	2	172	1184.07		2	2	2		2	1		0.50		2.42		2
2	2	173	1190.85		2	1	1		1	1		0.50		1.97		2
2	2	174	1197.64		1	1	1		1	1		0.50		2.10		2
2	2	175	1204.42		4	4	4		4	1		0.50		2.10		2
2	2	176	1211.20		1	2	2		2	1		0.50		2.48		2
2	2	177	1217.98		2	2	2		2	1		0.50		2.13		2
2	2	178	1224.76		4	4	4		4	1		0.50		2.03		2
2	2	179	1231.55		1	1	1		1	1		0.50		1.97		2
2	2	180	1238.33		1	1	1		1	1		0.50		1.90		2
